2.625  3.42948 3.2322
2.626  3.36345 3.17183
2.627  3.2987 3.11265
2.628  3.23523 3.05463
2.629  3.173 2.99774
2.63  3.11198 2.94196
2.631  3.05215 2.88727
2.632  2.99349 2.83365
2.633  2.93597 2.78107
2.634  2.87957 2.72951
2.635  2.82427 2.67895
2.636  2.77004 2.62937
2.637  2.71686 2.58075
2.638  2.66471 2.53308
2.639  2.61357 2.48632
2.64  2.56341 2.44046
2.641  2.51423 2.39549
2.642  2.46599 2.35138
2.643  2.41868 2.30812
2.644  2.37228 2.26569
2.645  2.32677 2.22407
2.646  2.28214 2.18325
2.647  2.23836 2.14321
2.648  2.19542 2.10393
2.649  2.1533 2.06541
2.65  2.11198 2.02761
2.651  2.07146 1.99054
2.652  2.0317 1.95417
2.653  1.99271 1.91849
2.654  1.95445 1.88349
2.655  1.91693 1.84915
2.656  1.88011 1.81546
2.657  1.844 1.7824
2.658  1.80857 1.74997
2.659  1.77381 1.71815
2.66  1.7397 1.68693
2.661  1.70625 1.6563
2.662  1.67342 1.62624
2.663  1.64121 1.59675
2.664  1.60961 1.56781
2.665  1.57861 1.53941
2.666  1.54819 1.51154
2.667  1.51834 1.48419
2.668  1.48905 1.45735
2.669  1.46031 1.43101
2.67  1.43211 1.40516
2.671  1.40443 1.3798
2.672  1.37728 1.3549
2.673  1.35063 1.33047
2.674  1.32448 1.30649
2.675  1.29882 1.28295
2.676  1.27364 1.25985
2.677  1.24892 1.23717
2.678  1.22467 1.21491
2.679  1.20087 1.19307
2.68  1.17751 1.17162
2.681  1.15458 1.15057
2.682  1.13208 1.12991
2.683  1.10999 1.10962
2.684  1.08832 1.08971
2.685  1.06705 1.07016
2.686  1.04617 1.05097
2.687  1.02567 1.03214
2.688  1.00556 1.01364
2.689  0.985812 0.995484
2.69  0.966432 0.977658
2.691  0.947409 0.960156
2.692  0.928736 0.942972
2.693  0.910408 0.926101
2.694  0.892416 0.909536
2.695  0.874755 0.893272
2.696  0.857419 0.877302
2.697  0.8404 0.861621
2.698  0.823694 0.846224
2.699  0.807295 0.831106
2.7  0.791196 0.81626
2.701  0.775391 0.801681
2.702  0.759876 0.787366
2.703  0.744644 0.773308
2.704  0.729691 0.759503
2.705  0.715011 0.745946
2.706  0.7006 0.732632
2.707  0.686451 0.719557
2.708  0.67256 0.706717
2.709  0.658922 0.694106
2.71  0.645533 0.681721
2.711  0.632388 0.669557
2.712  0.619482 0.65761
2.713  0.606811 0.645877
2.714  0.59437 0.634353
2.715  0.582155 0.623034
2.716  0.570162 0.611916
2.717  0.558387 0.600996
2.718  0.546826 0.59027
2.719  0.535474 0.579734
2.72  0.524328 0.569386
2.721  0.513385 0.55922
2.722  0.502639 0.549235
2.723  0.492089 0.539427
2.724  0.481729 0.529791
2.725  0.471557 0.520326
2.726  0.461569 0.511029
2.727  0.451761 0.501895
2.728  0.442131 0.492922
2.729  0.432676 0.484107
2.73  0.423391 0.475447
2.731  0.414274 0.46694
2.732  0.405321 0.458582
2.733  0.39653 0.45037
2.734  0.387898 0.442303
2.735  0.379422 0.434377
2.736  0.371099 0.426591
2.737  0.362926 0.41894
2.738  0.3549 0.411423
2.739  0.34702 0.404038
2.74  0.339281 0.396782
2.741  0.331682 0.389652
2.742  0.32422 0.382647
2.743  0.316892 0.375764
2.744  0.309697 0.369001
2.745  0.302631 0.362356
2.746  0.295693 0.355827
2.747  0.28888 0.349411
2.748  0.282189 0.343106
2.749  0.27562 0.336911
2.75  0.269168 0.330824
2.751  0.262833 0.324842
2.752  0.256612 0.318964
2.753  0.250504 0.313188
2.754  0.244505 0.307511
2.755  0.238615 0.301933
2.756  0.23283 0.296452
2.757  0.22715 0.291065
2.758  0.221573 0.285772
2.759  0.216096 0.280569
2.76  0.210718 0.275457
2.761  0.205437 0.270433
2.762  0.200252 0.265495
2.763  0.19516 0.260643
2.764  0.190159 0.255874
2.765  0.18525 0.251187
2.766  0.180429 0.246581
2.767  0.175695 0.242054
2.768  0.171046 0.237605
2.769  0.166482 0.233233
2.77  0.162001 0.228935
2.771  0.1576 0.224712
2.772  0.153279 0.220561
2.773  0.149036 0.216481
2.774  0.144871 0.212471
2.775  0.140781 0.208529
2.776  0.136765 0.204656
2.777  0.132821 0.200848
2.778  0.12895 0.197106
2.779  0.125149 0.193428
2.78  0.121417 0.189813
2.781  0.117752 0.186259
2.782  0.114155 0.182767
2.783  0.110623 0.179334
2.784  0.107155 0.17596
2.785  0.103751 0.172643
2.786  0.100409 0.169383
2.787  0.0971273 0.166179
2.788  0.093906 0.163029
2.789  0.0907437 0.159933
2.79  0.0876392 0.15689
2.791  0.0845916 0.153899
2.792  0.0815999 0.150958
2.793  0.0786631 0.148068
2.794  0.0757803 0.145227
2.795  0.0729504 0.142435
2.796  0.0701727 0.13969
2.797  0.0674461 0.136992
2.798  0.0647698 0.134339
2.799  0.0621429 0.131732
2.8  0.0595646 0.12917
2.801  0.057034 0.126651
2.802  0.0545502 0.124174
2.803  0.0521125 0.12174
2.804  0.0497201 0.119347
2.805  0.0473721 0.116995
2.806  0.0450679 0.114684
2.807  0.0428066 0.112411
2.808  0.0405875 0.110177
2.809  0.0384098 0.107981
2.81  0.0362729 0.105822
2.811  0.0341761 0.1037
2.812  0.0321187 0.101614
2.813  0.0300999 0.0995638
2.814  0.0281191 0.0975482
2.815  0.0261756 0.0955669
2.816  0.0242689 0.0936193
2.817  0.0223983 0.0917048
2.818  0.0205631 0.0898228
2.819  0.0187627 0.0879729
2.82  0.0169966 0.0861545
2.821  0.0152641 0.0843669
2.822  0.0135647 0.0826098
2.823  0.0118978 0.0808826
2.824  0.0102628 0.0791847
2.825  0.00865919 0.0775158
2.826  0.00708644 0.0758752
2.827  0.00554402 0.0742626
2.828  0.00403139 0.0726775
2.829  0.00254805 0.0711193
2.83  0.00109349 0.0695877
2.831  -0.000332789 0.0680822
2.832  -0.00173127 0.0666023
2.833  -0.00310242 0.0651477
2.834  -0.00444672 0.0637178
2.835  -0.00576463 0.0623124
2.836  -0.00705661 0.0609309
2.837  -0.00832308 0.059573
2.838  -0.00956451 0.0582383
2.839  -0.0107813 0.0569264
2.84  -0.0119739 0.0556369
2.841  -0.0131427 0.0543695
2.842  -0.0142881 0.0531237
2.843  -0.0154106 0.0518992
2.844  -0.0165104 0.0506957
2.845  -0.0175881 0.0495128
2.846  -0.0186439 0.0483501
2.847  -0.0196783 0.0472074
2.848  -0.0206916 0.0460843
2.849  -0.0216842 0.0449804
2.85  -0.0226565 0.0438955
2.851  -0.0236087 0.0428292
2.852  -0.0245413 0.0417812
2.853  -0.0254545 0.0407513
2.854  -0.0263488 0.039739
2.855  -0.0272243 0.0387442
2.856  -0.0280815 0.0377665
2.857  -0.0289207 0.0368057
2.858  -0.0297422 0.0358615
2.859  -0.0305462 0.0349335
2.86  -0.031333 0.0340216
2.861  -0.0321031 0.0331255
2.862  -0.0328566 0.0322448
2.863  -0.0335939 0.0313794
2.864  -0.0343151 0.030529
2.865  -0.0350207 0.0296934
2.866  -0.0357108 0.0288722
2.867  -0.0363857 0.0280653
2.868  -0.0370458 0.0272724
2.869  -0.0376911 0.0264934
2.87  -0.0383221 0.0257279
2.871  -0.0389389 0.0249758
2.872  -0.0395418 0.0242367
2.873  -0.040131 0.0235106
2.874  -0.0407068 0.0227972
2.875  -0.0412693 0.0220963
2.876  -0.0418189 0.0214077
2.877  -0.0423557 0.0207312
2.878  -0.04288 0.0200665
2.879  -0.043392 0.0194135
2.88  -0.0438918 0.0187721
2.881  -0.0443798 0.0181419
2.882  -0.044856 0.0175229
2.883  -0.0453208 0.0169148
2.884  -0.0457742 0.0163174
2.885  -0.0462166 0.0157307
2.886  -0.046648 0.0151543
2.887  -0.0470688 0.0145882
2.888  -0.0474789 0.0140322
2.889  -0.0478788 0.0134861
2.89  -0.0482684 0.0129497
2.891  -0.0486481 0.0124229
2.892  -0.0490179 0.0119055
2.893  -0.0493781 0.0113975
2.894  -0.0497288 0.0108985
2.895  -0.0500701 0.0104085
2.896  -0.0504023 0.00992735
2.897  -0.0507255 0.00945487
2.898  -0.0510399 0.00899093
2.899  -0.0513455 0.00853539
2.9  -0.0516427 0.00808811
2.901  -0.0519314 0.00764897
2.902  -0.0522119 0.00721782
2.903  -0.0524843 0.00679453
2.904  -0.0527487 0.00637898
2.905  -0.0530053 0.00597104
2.906  -0.0532542 0.00557059
2.907  -0.0534956 0.00517749
2.908  -0.0537296 0.00479165
2.909  -0.0539562 0.00441292
2.91  -0.0541757 0.00404121
2.911  -0.0543882 0.00367639
2.912  -0.0545938 0.00331835
2.913  -0.0547926 0.00296698
2.914  -0.0549847 0.00262218
2.915  -0.0551703 0.00228383
2.916  -0.0553494 0.00195182
2.917  -0.0555222 0.00162607
2.918  -0.0556889 0.00130645
2.919  -0.0558494 0.000992883
2.92  -0.0560039 0.000685258
2.921  -0.0561526 0.000383479
2.922  -0.0562954 8.74533e-05
2.923  -0.0564326 -0.000202915
2.924  -0.0565643 -0.000487718
2.925  -0.0566904 -0.000767046
2.926  -0.0568112 -0.00104099
2.927  -0.0569267 -0.00130963
2.928  -0.057037 -0.00157307
2.929  -0.0571422 -0.00183138
2.93  -0.0572425 -0.00208465
2.931  -0.0573378 -0.00233296
2.932  -0.0574283 -0.00257639
2.933  -0.057514 -0.00281502
2.934  -0.0575952 -0.00304893
2.935  -0.0576717 -0.0032782
2.936  -0.0577438 -0.00350291
2.937  -0.0578115 -0.00372312
2.938  -0.0578749 -0.00393891
2.939  -0.057934 -0.00415036
2.94  -0.057989 -0.00435753
2.941  -0.0580398 -0.0045605
2.942  -0.0580867 -0.00475934
2.943  -0.0581297 -0.0049541
2.944  -0.0581687 -0.00514487
2.945  -0.058204 -0.0053317
2.946  -0.0582356 -0.00551465
2.947  -0.0582635 -0.0056938
2.948  -0.0582878 -0.00586921
2.949  -0.0583087 -0.00604093
2.95  -0.058326 -0.00620903
2.951  -0.05834 -0.00637357
2.952  -0.0583507 -0.0065346
2.953  -0.0583581 -0.00669219
2.954  -0.0583623 -0.00684639
2.955  -0.0583633 -0.00699725 
2.956  -0.0583613 -0.00714483
2.957  -0.0583563 -0.00728919
2.958  -0.0583483 -0.00743038
2.959  -0.0583374 -0.00756844
2.96  -0.0583237 -0.00770344
2.961  -0.0583071 -0.00783542
2.962  -0.0582878 -0.00796444
2.963  -0.0582659 -0.00809054
2.964  -0.0582413 -0.00821376
2.965  -0.0582141 -0.00833417
2.966  -0.0581844 -0.0084518
2.967  -0.0581522 -0.0085667
2.968  -0.0581175 -0.00867891
2.969  -0.0580805 -0.00878849
2.97  -0.0580412 -0.00889547
2.971  -0.0579995 -0.0089999
2.972  -0.0579556 -0.00910182
2.973  -0.0579095 -0.00920127
2.974  -0.0578613 -0.00929829
2.975  -0.0578109 -0.00939293
2.976  -0.0577584 -0.00948522
2.977  -0.057704 -0.0095752
2.978  -0.0576475 -0.00966292
2.979  -0.0575891 -0.0097484
2.98  -0.0575288 -0.00983169
2.981  -0.0574666 -0.00991283
2.982  -0.0574026 -0.00999184
2.983  -0.0573368 -0.0100688
2.984  -0.0572692 -0.0101436
2.985  -0.0572 -0.0102165
2.986  -0.057129 -0.0102874
2.987  -0.0570564 -0.0103563
2.988  -0.0569822 -0.0104234
2.989  -0.0569064 -0.0104885
2.99  -0.0568291 -0.0105518
2.991  -0.0567503 -0.0106133
2.992  -0.05667 -0.0106729
2.993  -0.0565882 -0.0107309
2.994  -0.0565051 -0.0107871
2.995  -0.0564205 -0.0108416
2.996  -0.0563346 -0.0108944
2.997  -0.0562474 -0.0109456
2.998  -0.0561589 -0.0109952
2.999  -0.0560691 -0.0110431
3  -0.0559781 -0.0110896
3.001  -0.0558859 -0.0111345
3.002  -0.0557926 -0.0111779
3.003  -0.0556981 -0.0112198
3.004  -0.0556024 -0.0112603
3.005  -0.0555057 -0.0112993
3.006  -0.0554079 -0.0113369
3.007  -0.055309 -0.0113732
3.008  -0.0552091 -0.0114081
3.009  -0.0551083 -0.0114416
3.01  -0.0550064 -0.0114739
3.011  -0.0549036 -0.0115049
3.012  -0.0547999 -0.0115346
3.013  -0.0546953 -0.011563
3.014  -0.0545898 -0.0115903
3.015  -0.0544835 -0.0116163
3.016  -0.0543763 -0.0116412
3.017  -0.0542683 -0.0116649
3.018  -0.0541596 -0.0116875
3.019  -0.05405 -0.011709
3.02  -0.0539397 -0.0117293
3.021  -0.0538287 -0.0117486
3.022  -0.053717 -0.0117668
3.023  -0.0536045 -0.011784
3.024  -0.0534914 -0.0118002
3.025  -0.0533777 -0.0118154
3.026  -0.0532633 -0.0118296
3.027  -0.0531483 -0.0118428
3.028  -0.0530327 -0.0118551
3.029  -0.0529166 -0.0118664
3.03  -0.0527998 -0.0118768
3.031  -0.0526825 -0.0118864
3.032  -0.0525647 -0.011895
3.033  -0.0524464 -0.0119028
3.034  -0.0523276 -0.0119097
3.035  -0.0522083 -0.0119158
3.036  -0.0520885 -0.0119211
3.037  -0.0519683 -0.0119256
3.038  -0.0518477 -0.0119293
3.039  -0.0517266 -0.0119322
3.04  -0.0516051 -0.0119343
3.041  -0.0514833 -0.0119357
3.042  -0.051361 -0.0119364
3.043  -0.0512384 -0.0119364
3.044  -0.0511155 -0.0119356
3.045  -0.0509922 -0.0119342
3.046  -0.0508685 -0.0119321
3.047  -0.0507446 -0.0119293
3.048  -0.0506204 -0.0119258
3.049  -0.0504959 -0.0119218
3.05  -0.0503711 -0.0119171
3.051  -0.050246 -0.0119117
3.052  -0.0501207 -0.0119058
3.053  -0.0499952 -0.0118993
3.054  -0.0498694 -0.0118922
3.055  -0.0497435 -0.0118845
3.056  -0.0496173 -0.0118763
3.057  -0.0494909 -0.0118675
3.058  -0.0493643 -0.0118582
3.059  -0.0492376 -0.0118484
3.06  -0.0491107 -0.011838
3.061  -0.0489836 -0.0118272
3.062  -0.0488564 -0.0118158
3.063  -0.0487291 -0.011804
3.064  -0.0486017 -0.0117917
3.065  -0.0484741 -0.0117789
3.066  -0.0483464 -0.0117657
3.067  -0.0482187 -0.011752
3.068  -0.0480908 -0.0117378
3.069  -0.0479629 -0.0117233
3.07  -0.0478349 -0.0117083
3.071  -0.0477068 -0.011693
3.072  -0.0475787 -0.0116772
3.073  -0.0474505 -0.011661
3.074  -0.0473223 -0.0116444
3.075  -0.047194 -0.0116275
3.076  -0.0470658 -0.0116102
3.077  -0.0469375 -0.0115925
3.078  -0.0468092 -0.0115745
3.079  -0.0466809 -0.0115561
3.08  -0.0465526 -0.0115374
3.081  -0.0464244 -0.0115184
3.082  -0.0462961 -0.011499
3.083  -0.0461679 -0.0114793
3.084  -0.0460397 -0.0114593
3.085  -0.0459116 -0.011439
3.086  -0.0457835 -0.0114185
3.087  -0.0456554 -0.0113976
3.088  -0.0455274 -0.0113764
3.089  -0.0453995 -0.011355
3.09  -0.0452716 -0.0113333
3.091  -0.0451439 -0.0113113
3.092  -0.0450161 -0.0112891
3.093  -0.0448885 -0.0112666
3.094  -0.044761 -0.0112439
3.095  -0.0446336 -0.0112209
3.096  -0.0445063 -0.0111978
3.097  -0.044379 -0.0111743
3.098  -0.0442519 -0.0111507
3.099  -0.0441249 -0.0111269
3.1  -0.0439981 -0.0111028
3.101  -0.0438713 -0.0110785
3.102  -0.0437447 -0.0110541
3.103  -0.0436183 -0.0110294
3.104  -0.0434919 -0.0110045
3.105  -0.0433657 -0.0109795
3.106  -0.0432397 -0.0109543
3.107  -0.0431138 -0.0109289
3.108  -0.0429881 -0.0109034
3.109  -0.0428625 -0.0108776
3.11  -0.0427371 -0.0108517
3.111  -0.0426119 -0.0108257
3.112  -0.0424868 -0.0107995
3.113  -0.0423619 -0.0107732
3.114  -0.0422372 -0.0107467
3.115  -0.0421127 -0.0107201
3.116  -0.0419884 -0.0106933
3.117  -0.0418642 -0.0106664
3.118  -0.0417403 -0.0106394
3.119  -0.0416165 -0.0106123
3.12  -0.0414929 -0.010585
3.121  -0.0413696 -0.0105577
3.122  -0.0412464 -0.0105302
3.123  -0.0411235 -0.0105026
3.124  -0.0410008 -0.0104749
3.125  -0.0408782 -0.0104471
3.126  -0.0407559 -0.0104193
3.127  -0.0406339 -0.0103913
3.128  -0.040512 -0.0103632
3.129  -0.0403904 -0.0103351
3.13  -0.0402689 -0.0103068
3.131  -0.0401478 -0.0102785
3.132  -0.0400268 -0.0102501
3.133  -0.0399061 -0.0102217
3.134  -0.0397856 -0.0101931
3.135  -0.0396654 -0.0101645
3.136  -0.0395454 -0.0101359
3.137  -0.0394256 -0.0101072
3.138  -0.0393061 -0.0100784
3.139  -0.0391869 -0.0100495
3.14  -0.0390678 -0.0100206
3.141  -0.0389491 -0.00999171
3.142  -0.0388306 -0.00996272
3.143  -0.0387123 -0.00993369
3.144  -0.0385943 -0.00990461
3.145  -0.0384766 -0.0098755
3.146  -0.0383591 -0.00984635
3.147  -0.0382419 -0.00981716
3.148  -0.0381249 -0.00978795
3.149  -0.0380082 -0.0097587
3.15  -0.0378918 -0.00972942
3.151  -0.0377756 -0.00970012
3.152  -0.0376597 -0.0096708
3.153  -0.0375441 -0.00964145
3.154  -0.0374287 -0.00961209
3.155  -0.0373136 -0.00958271
3.156  -0.0371988 -0.00955332
3.157  -0.0370843 -0.00952391
3.158  -0.03697 -0.00949449
3.159  -0.036856 -0.00946507
3.16  -0.0367423 -0.00943564
3.161  -0.0366289 -0.0094062
3.162  -0.0365158 -0.00937676
3.163  -0.0364029 -0.00934732
3.164  -0.0362903 -0.00931788
3.165  -0.036178 -0.00928844
3.166  -0.036066 -0.00925901
3.167  -0.0359543 -0.00922958
3.168  -0.0358428 -0.00920016
3.169  -0.0357317 -0.00917075
3.17  -0.0356208 -0.00914135
3.171  -0.0355102 -0.00911196
3.172  -0.0353999 -0.00908259
3.173  -0.0352899 -0.00905323
3.174  -0.0351802 -0.00902389
3.175  -0.0350707 -0.00899457
3.176  -0.0349616 -0.00896527
3.177  -0.0348527 -0.00893599
3.178  -0.0347442 -0.00890673
3.179  -0.0346359 -0.0088775
3.18  -0.0345279 -0.00884829
3.181  -0.0344203 -0.00881911
3.182  -0.0343129 -0.00878995
3.183  -0.0342058 -0.00876083
3.184  -0.034099 -0.00873173
3.185  -0.0339925 -0.00870267
3.186  -0.0338863 -0.00867364
3.187  -0.0337804 -0.00864464
3.188  -0.0336748 -0.00861568
3.189  -0.0335694 -0.00858675
3.19  -0.0334644 -0.00855786
3.191  -0.0333597 -0.00852901
3.192  -0.0332553 -0.0085002
3.193  -0.0331511 -0.00847143
3.194  -0.0330473 -0.0084427
3.195  -0.0329437 -0.00841401
3.196  -0.0328405 -0.00838536
3.197  -0.0327375 -0.00835676
3.198  -0.0326349 -0.00832821
3.199  -0.0325325 -0.0082997
3.2  -0.0324305 -0.00827123
3.201  -0.0323287 -0.00824282
3.202  -0.0322273 -0.00821445
3.203  -0.0321261 -0.00818613
3.204  -0.0320252 -0.00815786
3.205  -0.0319247 -0.00812964
3.206  -0.0318244 -0.00810148
3.207  -0.0317244 -0.00807336
3.208  -0.0316248 -0.0080453
3.209  -0.0315254 -0.0080173
3.21  -0.0314263 -0.00798934
3.211  -0.0313275 -0.00796145
3.212  -0.031229 -0.0079336
3.213  -0.0311308 -0.00790582
3.214  -0.0310329 -0.00787809
3.215  -0.0309353 -0.00785042
3.216  -0.030838 -0.00782281
3.217  -0.030741 -0.00779525
3.218  -0.0306443 -0.00776776
3.219  -0.0305479 -0.00774033
3.22  -0.0304518 -0.00771295
3.221  -0.0303559 -0.00768564
3.222  -0.0302604 -0.00765839
3.223  -0.0301652 -0.0076312
3.224  -0.0300702 -0.00760407
3.225  -0.0299756 -0.00757701
3.226  -0.0298812 -0.00755001
3.227  -0.0297871 -0.00752307
3.228  -0.0296934 -0.0074962
3.229  -0.0295999 -0.0074694
3.23  -0.0295067 -0.00744265
3.231  -0.0294138 -0.00741598
3.232  -0.0293212 -0.00738937
3.233  -0.0292289 -0.00736282
3.234  -0.0291368 -0.00733635
3.235  -0.0290451 -0.00730994
3.236  -0.0289537 -0.0072836
3.237  -0.0288625 -0.00725732
3.238  -0.0287716 -0.00723112
3.239  -0.028681 -0.00720498
3.24  -0.0285907 -0.00717891
3.241  -0.0285007 -0.00715291
3.242  -0.028411 -0.00712698
3.243  -0.0283216 -0.00710112
3.244  -0.0282324 -0.00707533
3.245  -0.0281436 -0.00704961
3.246  -0.028055 -0.00702396
3.247  -0.0279667 -0.00699838
3.248  -0.0278787 -0.00697287
3.249  -0.0277909 -0.00694743
3.25  -0.0277035 -0.00692207
3.251  -0.0276163 -0.00689677
3.252  -0.0275294 -0.00687155
3.253  -0.0274428 -0.0068464
3.254  -0.0273565 -0.00682132
3.255  -0.0272705 -0.00679631
3.256  -0.0271847 -0.00677138
3.257  -0.0270992 -0.00674652
3.258  -0.027014 -0.00672173
3.259  -0.0269291 -0.00669702
3.26  -0.0268444 -0.00667237
3.261  -0.0267601 -0.0066478
3.262  -0.026676 -0.00662331
3.263  -0.0265921 -0.00659889
3.264  -0.0265086 -0.00657454
3.265  -0.0264253 -0.00655026
3.266  -0.0263423 -0.00652606
3.267  -0.0262596 -0.00650193
3.268  -0.0261771 -0.00647788
3.269  -0.0260949 -0.0064539
3.27  -0.026013 -0.00643
3.271  -0.0259314 -0.00640616
3.272  -0.02585 -0.00638241
3.273  -0.0257689 -0.00635872
3.274  -0.0256881 -0.00633512
3.275  -0.0256075 -0.00631158
3.276  -0.0255272 -0.00628812
3.277  -0.0254471 -0.00626474
3.278  -0.0253674 -0.00624143
3.279  -0.0252879 -0.00621819
3.28  -0.0252086 -0.00619503
3.281  -0.0251296 -0.00617194
3.282  -0.0250509 -0.00614893
3.283  -0.0249725 -0.00612599
3.284  -0.0248943 -0.00610313
3.285  -0.0248164 -0.00608034
3.286  -0.0247387 -0.00605763
3.287  -0.0246613 -0.00603499
3.288  -0.0245841 -0.00601243
3.289  -0.0245072 -0.00598994
3.29  -0.0244306 -0.00596752
3.291  -0.0243542 -0.00594518
3.292  -0.0242781 -0.00592291
3.293  -0.0242022 -0.00590072
3.294  -0.0241266 -0.0058786
3.295  -0.0240513 -0.00585656
3.296  -0.0239762 -0.00583459
3.297  -0.0239013 -0.00581269
3.298  -0.0238267 -0.00579087
3.299  -0.0237524 -0.00576912
3.3  -0.0236783 -0.00574745
3.301  -0.0236044 -0.00572585
3.302  -0.0235308 -0.00570433
3.303  -0.0234575 -0.00568287
3.304  -0.0233844 -0.0056615
3.305  -0.0233115 -0.00564019
3.306  -0.0232389 -0.00561896
3.307  -0.0231666 -0.00559781
3.308  -0.0230945 -0.00557672
3.309  -0.0230226 -0.00555571
3.31  -0.022951 -0.00553478
3.311  -0.0228796 -0.00551391
3.312  -0.0228084 -0.00549312
3.313  -0.0227375 -0.0054724
3.314  -0.0226669 -0.00545176
3.315  -0.0225964 -0.00543118
3.316  -0.0225263 -0.00541069
3.317  -0.0224563 -0.00539026
3.318  -0.0223866 -0.0053699
3.319  -0.0223172 -0.00534962
3.32  -0.0222479 -0.00532941
3.321  -0.0221789 -0.00530927
3.322  -0.0221102 -0.0052892
3.323  -0.0220416 -0.00526921
3.324  -0.0219733 -0.00524929
3.325  -0.0219053 -0.00522943
3.326  -0.0218375 -0.00520965
3.327  -0.0217699 -0.00518995
3.328  -0.0217025 -0.00517031
3.329  -0.0216354 -0.00515074
3.33  -0.0215685 -0.00513124
3.331  -0.0215018 -0.00511182
3.332  -0.0214353 -0.00509246
3.333  -0.0213691 -0.00507318
3.334  -0.0213031 -0.00505397
3.335  -0.0212373 -0.00503482
3.336  -0.0211718 -0.00501575
3.337  -0.0211065 -0.00499674
3.338  -0.0210414 -0.00497781
3.339  -0.0209765 -0.00495894
3.34  -0.0209119 -0.00494015
3.341  -0.0208474 -0.00492142
3.342  -0.0207832 -0.00490276
3.343  -0.0207192 -0.00488417
3.344  -0.0206555 -0.00486565
3.345  -0.0205919 -0.0048472
3.346  -0.0205286 -0.00482882
3.347  -0.0204655 -0.0048105
3.348  -0.0204026 -0.00479226
3.349  -0.0203399 -0.00477408
3.35  -0.0202774 -0.00475597
3.351  -0.0202152 -0.00473792
3.352  -0.0201531 -0.00471995
3.353  -0.0200913 -0.00470204
3.354  -0.0200297 -0.0046842
3.355  -0.0199683 -0.00466642
3.356  -0.0199071 -0.00464871
3.357  -0.0198461 -0.00463107
3.358  -0.0197853 -0.0046135
3.359  -0.0197247 -0.00459599
3.36  -0.0196644 -0.00457854
3.361  -0.0196042 -0.00456117
3.362  -0.0195443 -0.00454385
3.363  -0.0194846 -0.00452661
3.364  -0.019425 -0.00450943
3.365  -0.0193657 -0.00449231
3.366  -0.0193066 -0.00447526
3.367  -0.0192477 -0.00445827
3.368  -0.0191889 -0.00444135
3.369  -0.0191304 -0.00442449
3.37  -0.0190721 -0.0044077
3.371  -0.019014 -0.00439097
3.372  -0.0189561 -0.0043743
3.373  -0.0188984 -0.0043577
3.374  -0.0188408 -0.00434116
3.375  -0.0187835 -0.00432469
3.376  -0.0187264 -0.00430828
3.377  -0.0186695 -0.00429193
3.378  -0.0186128 -0.00427564
3.379  -0.0185562 -0.00425942
3.38  -0.0184999 -0.00424325
3.381  -0.0184437 -0.00422715
3.382  -0.0183878 -0.00421112
3.383  -0.018332 -0.00419514
3.384  -0.0182764 -0.00417923
3.385  -0.0182211 -0.00416337
3.386  -0.0181659 -0.00414758
3.387  -0.0181109 -0.00413185
3.388  -0.0180561 -0.00411618
3.389  -0.0180015 -0.00410057
3.39  -0.017947 -0.00408502
3.391  -0.0178928 -0.00406953
3.392  -0.0178387 -0.0040541
3.393  -0.0177848 -0.00403873
3.394  -0.0177312 -0.00402343
3.395  -0.0176776 -0.00400818
3.396  -0.0176243 -0.00399298
3.397  -0.0175712 -0.00397785
3.398  -0.0175182 -0.00396278
3.399  -0.0174655 -0.00394777
3.4  -0.0174129 -0.00393281
3.401  -0.0173605 -0.00391791
3.402  -0.0173082 -0.00390307
3.403  -0.0172562 -0.00388829
3.404  -0.0172043 -0.00387357
3.405  -0.0171526 -0.0038589
3.406  -0.0171011 -0.00384429
3.407  -0.0170498 -0.00382974
3.408  -0.0169986 -0.00381525
3.409  -0.0169476 -0.00380081
3.41  -0.0168968 -0.00378643
3.411  -0.0168462 -0.0037721
3.412  -0.0167957 -0.00375784
3.413  -0.0167454 -0.00374362
3.414  -0.0166953 -0.00372947
3.415  -0.0166453 -0.00371536
3.416  -0.0165956 -0.00370132
3.417  -0.016546 -0.00368733
3.418  -0.0164965 -0.00367339
3.419  -0.0164473 -0.00365951
3.42  -0.0163982 -0.00364568
3.421  -0.0163492 -0.00363191
3.422  -0.0163005 -0.00361819
3.423  -0.0162519 -0.00360453
3.424  -0.0162035 -0.00359092
3.425  -0.0161552 -0.00357737
3.426  -0.0161071 -0.00356386
3.427  -0.0160592 -0.00355041
3.428  -0.0160114 -0.00353702
3.429  -0.0159638 -0.00352367
3.43  -0.0159164 -0.00351038
3.431  -0.0158691 -0.00349715
3.432  -0.015822 -0.00348396
3.433  -0.015775 -0.00347083
3.434  -0.0157282 -0.00345775
3.435  -0.0156816 -0.00344472
3.436  -0.0156351 -0.00343174
3.437  -0.0155888 -0.00341881
3.438  -0.0155426 -0.00340594
3.439  -0.0154966 -0.00339311
3.44  -0.0154508 -0.00338034
3.441  -0.0154051 -0.00336762
3.442  -0.0153596 -0.00335494
3.443  -0.0153142 -0.00334232
3.444  -0.015269 -0.00332975
3.445  -0.0152239 -0.00331723
3.446  -0.015179 -0.00330476
3.447  -0.0151342 -0.00329233
3.448  -0.0150896 -0.00327996
3.449  -0.0150452 -0.00326763
3.45  -0.0150009 -0.00325536
3.451  -0.0149567 -0.00324313
3.452  -0.0149127 -0.00323096
3.453  -0.0148688 -0.00321883
3.454  -0.0148251 -0.00320675
3.455  -0.0147816 -0.00319471
3.456  -0.0147382 -0.00318273
3.457  -0.0146949 -0.00317079
3.458  -0.0146518 -0.0031589
3.459  -0.0146088 -0.00314706
3.46  -0.014566 -0.00313526
3.461  -0.0145234 -0.00312352
3.462  -0.0144808 -0.00311181
3.463  -0.0144384 -0.00310016
3.464  -0.0143962 -0.00308855
3.465  -0.0143541 -0.00307699
3.466  -0.0143122 -0.00306547
3.467  -0.0142703 -0.003054
3.468  -0.0142287 -0.00304258
3.469  -0.0141871 -0.0030312
3.47  -0.0141458 -0.00301987
3.471  -0.0141045 -0.00300858
3.472  -0.0140634 -0.00299734
3.473  -0.0140224 -0.00298614
3.474  -0.0139816 -0.00297499
3.475  -0.0139409 -0.00296388
3.476  -0.0139004 -0.00295282
3.477  -0.0138599 -0.0029418
3.478  -0.0138197 -0.00293082
3.479  -0.0137795 -0.00291989
3.48  -0.0137395 -0.002909
3.481  -0.0136996 -0.00289816
3.482  -0.0136599 -0.00288735
3.483  -0.0136203 -0.0028766
3.484  -0.0135808 -0.00286588
3.485  -0.0135415 -0.00285521
3.486  -0.0135023 -0.00284458
3.487  -0.0134632 -0.00283399
3.488  -0.0134243 -0.00282345
3.489  -0.0133855 -0.00281295
3.49  -0.0133468 -0.00280248
3.491  -0.0133083 -0.00279207
3.492  -0.0132698 -0.00278169
3.493  -0.0132316 -0.00277135
3.494  -0.0131934 -0.00276106
3.495  -0.0131554 -0.00275081
3.496  -0.0131175 -0.00274059
3.497  -0.0130797 -0.00273042
3.498  -0.013042 -0.00272029
3.499  -0.0130045 -0.0027102
3.5  -0.0129671 -0.00270015
3.501  -0.0129299 -0.00269014
3.502  -0.0128927 -0.00268018
3.503  -0.0128557 -0.00267025
3.504  -0.0128188 -0.00266036
3.505  -0.012782 -0.00265051
3.506  -0.0127454 -0.0026407
3.507  -0.0127089 -0.00263093
3.508  -0.0126725 -0.00262119
3.509  -0.0126362 -0.0026115
3.51  -0.0126 -0.00260185
3.511  -0.012564 -0.00259223
3.512  -0.0125281 -0.00258265
3.513  -0.0124923 -0.00257311
3.514  -0.0124566 -0.00256361
3.515  -0.012421 -0.00255415
3.516  -0.0123856 -0.00254473
3.517  -0.0123503 -0.00253534
3.518  -0.0123151 -0.00252599
3.519  -0.01228 -0.00251668
3.52  -0.012245 -0.0025074
3.521  -0.0122102 -0.00249817
3.522  -0.0121754 -0.00248897
3.523  -0.0121408 -0.0024798
3.524  -0.0121063 -0.00247067
3.525  -0.0120719 -0.00246158
3.526  -0.0120376 -0.00245253
3.527  -0.0120035 -0.00244351
3.528  -0.0119694 -0.00243453
3.529  -0.0119355 -0.00242558
3.53  -0.0119017 -0.00241667
3.531  -0.011868 -0.0024078
3.532  -0.0118344 -0.00239896
3.533  -0.0118009 -0.00239016
3.534  -0.0117675 -0.00238139
3.535  -0.0117342 -0.00237265
3.536  -0.0117011 -0.00236396
3.537  -0.0116681 -0.00235529
3.538  -0.0116351 -0.00234666
3.539  -0.0116023 -0.00233807
3.54  -0.0115696 -0.00232951
3.541  -0.011537 -0.00232098
3.542  -0.0115045 -0.00231249
3.543  -0.0114721 -0.00230403
3.544  -0.0114398 -0.00229561
3.545  -0.0114076 -0.00228722
3.546  -0.0113756 -0.00227886
3.547  -0.0113436 -0.00227054
3.548  -0.0113117 -0.00226225
3.549  -0.01128 -0.00225399
3.55  -0.0112483 -0.00224577
3.551  -0.0112168 -0.00223757
3.552  -0.0111853 -0.00222942
3.553  -0.011154 -0.00222129
3.554  -0.0111228 -0.0022132
3.555  -0.0110916 -0.00220513
3.556  -0.0110606 -0.00219711
3.557  -0.0110297 -0.00218911
3.558  -0.0109989 -0.00218114
3.559  -0.0109682 -0.00217321
3.56  -0.0109375 -0.00216531
3.561  -0.010907 -0.00215744
3.562  -0.0108766 -0.0021496
3.563  -0.0108463 -0.00214179
3.564  -0.010816 -0.00213401
3.565  -0.0107859 -0.00212627
3.566  -0.0107559 -0.00211855
3.567  -0.010726 -0.00211087
3.568  -0.0106962 -0.00210322
3.569  -0.0106664 -0.00209559
3.57  -0.0106368 -0.002088
3.571  -0.0106073 -0.00208044
3.572  -0.0105778 -0.00207291
3.573  -0.0105485 -0.00206541
3.574  -0.0105192 -0.00205793
3.575  -0.0104901 -0.00205049
3.576  -0.010461 -0.00204308
3.577  -0.0104321 -0.00203569
3.578  -0.0104032 -0.00202834
3.579  -0.0103744 -0.00202102
3.58  -0.0103458 -0.00201372
3.581  -0.0103172 -0.00200645
3.582  -0.0102887 -0.00199922
3.583  -0.0102603 -0.00199201
3.584  -0.010232 -0.00198483
3.585  -0.0102038 -0.00197767
3.586  -0.0101757 -0.00197055
3.587  -0.0101476 -0.00196346
3.588  -0.0101197 -0.00195639
3.589  -0.0100919 -0.00194935
3.59  -0.0100641 -0.00194234
3.591  -0.0100364 -0.00193536
3.592  -0.0100089 -0.0019284
3.593  -0.00998137 -0.00192147
3.594  -0.00995397 -0.00191457
3.595  -0.00992666 -0.0019077
3.596  -0.00989944 -0.00190086
3.597  -0.00987231 -0.00189404
3.598  -0.00984527 -0.00188725
3.599  -0.00981831 -0.00188048
3.6  -0.00979144 -0.00187374
3.601  -0.00976466 -0.00186703
3.602  -0.00973796 -0.00186035
3.603  -0.00971135 -0.00185369
3.604  -0.00968483 -0.00184706
3.605  -0.00965839 -0.00184045
3.606  -0.00963204 -0.00183387
3.607  -0.00960577 -0.00182732
3.608  -0.00957959 -0.00182079
3.609  -0.00955349 -0.00181429
3.61  -0.00952748 -0.00180782
3.611  -0.00950155 -0.00180137
3.612  -0.0094757 -0.00179494
3.613  -0.00944994 -0.00178854
3.614  -0.00942426 -0.00178217
3.615  -0.00939866 -0.00177582
3.616  -0.00937314 -0.0017695
3.617  -0.00934771 -0.0017632
3.618  -0.00932236 -0.00175692
3.619  -0.00929709 -0.00175068
3.62  -0.0092719 -0.00174445
3.621  -0.00924679 -0.00173825
3.622  -0.00922176 -0.00173208
3.623  -0.00919681 -0.00172592
3.624  -0.00917194 -0.0017198
3.625  -0.00914715 -0.0017137
3.626  -0.00912244 -0.00170762
3.627  -0.00909781 -0.00170156
3.628  -0.00907326 -0.00169553
3.629  -0.00904879 -0.00168952
3.63  -0.0090244 -0.00168354
3.631  -0.00900008 -0.00167758
3.632  -0.00897584 -0.00167164
3.633  -0.00895168 -0.00166573
3.634  -0.00892759 -0.00165984
3.635  -0.00890359 -0.00165398
3.636  -0.00887965 -0.00164813
3.637  -0.0088558 -0.00164231
3.638  -0.00883202 -0.00163651
3.639  -0.00880832 -0.00163074
3.64  -0.00878469 -0.00162499
3.641  -0.00876114 -0.00161926
3.642  -0.00873766 -0.00161355
3.643  -0.00871425 -0.00160786
3.644  -0.00869092 -0.0016022
3.645  -0.00866767 -0.00159656
3.646  -0.00864449 -0.00159094
3.647  -0.00862138 -0.00158535
3.648  -0.00859835 -0.00157977
3.649  -0.00857538 -0.00157422
3.65  -0.0085525 -0.00156869
3.651  -0.00852968 -0.00156318
3.652  -0.00850694 -0.00155769
3.653  -0.00848426 -0.00155223
3.654  -0.00846166 -0.00154678
3.655  -0.00843913 -0.00154136
3.656  -0.00841668 -0.00153596
3.657  -0.00839429 -0.00153058
3.658  -0.00837197 -0.00152522
3.659  -0.00834973 -0.00151988
3.66  -0.00832755 -0.00151456
3.661  -0.00830545 -0.00150926
3.662  -0.00828341 -0.00150399
3.663  -0.00826144 -0.00149873
3.664  -0.00823955 -0.00149349
3.665  -0.00821772 -0.00148828
3.666  -0.00819596 -0.00148308
3.667  -0.00817427 -0.00147791
3.668  -0.00815264 -0.00147276
3.669  -0.00813109 -0.00146762
3.67  -0.0081096 -0.00146251
3.671  -0.00808818 -0.00145741
3.672  -0.00806683 -0.00145234
3.673  -0.00804554 -0.00144728
3.674  -0.00802432 -0.00144225
3.675  -0.00800317 -0.00143723
3.676  -0.00798208 -0.00143224
3.677  -0.00796106 -0.00142726
3.678  -0.00794011 -0.0014223
3.679  -0.00791922 -0.00141737
3.68  -0.00789839 -0.00141245
3.681  -0.00787763 -0.00140755
3.682  -0.00785694 -0.00140267
3.683  -0.00783631 -0.0013978
3.684  -0.00781574 -0.00139296
3.685  -0.00779524 -0.00138814
3.686  -0.0077748 -0.00138333
3.687  -0.00775443 -0.00137855
3.688  -0.00773412 -0.00137378
3.689  -0.00771387 -0.00136903
3.69  -0.00769369 -0.0013643
3.691  -0.00767357 -0.00135958
3.692  -0.00765351 -0.00135489
3.693  -0.00763351 -0.00135021
3.694  -0.00761358 -0.00134555
3.695  -0.00759371 -0.00134091
3.696  -0.0075739 -0.00133629
3.697  -0.00755415 -0.00133169
3.698  -0.00753446 -0.0013271
3.699  -0.00751483 -0.00132253
3.7  -0.00749527 -0.00131798
3.701  -0.00747576 -0.00131345
3.702  -0.00745632 -0.00130893
3.703  -0.00743693 -0.00130443
3.704  -0.00741761 -0.00129995
3.705  -0.00739834 -0.00129548
3.706  -0.00737914 -0.00129104
3.707  -0.00735999 -0.00128661
3.708  -0.0073409 -0.00128219
3.709  -0.00732188 -0.0012778
3.71  -0.00730291 -0.00127342
3.711  -0.00728399 -0.00126906
3.712  -0.00726514 -0.00126471
3.713  -0.00724635 -0.00126038
3.714  -0.00722761 -0.00125607
3.715  -0.00720893 -0.00125178
3.716  -0.00719031 -0.0012475
3.717  -0.00717174 -0.00124323
3.718  -0.00715324 -0.00123899
3.719  -0.00713479 -0.00123476
3.72  -0.00711639 -0.00123054
3.721  -0.00709805 -0.00122635
3.722  -0.00707977 -0.00122217
3.723  -0.00706155 -0.001218
3.724  -0.00704338 -0.00121385
3.725  -0.00702526 -0.00120972
3.726  -0.0070072 -0.0012056
3.727  -0.0069892 -0.0012015
3.728  -0.00697125 -0.00119741
3.729  -0.00695336 -0.00119334
3.73  -0.00693552 -0.00118929
3.731  -0.00691774 -0.00118525
3.732  -0.00690001 -0.00118122
3.733  -0.00688233 -0.00117721
3.734  -0.00686471 -0.00117322
3.735  -0.00684714 -0.00116924
3.736  -0.00682963 -0.00116528
3.737  -0.00681217 -0.00116133
3.738  -0.00679476 -0.0011574
3.739  -0.0067774 -0.00115348
3.74  -0.0067601 -0.00114958
3.741  -0.00674285 -0.00114569
3.742  -0.00672565 -0.00114182
3.743  -0.00670851 -0.00113796
3.744  -0.00669142 -0.00113412
3.745  -0.00667437 -0.00113029
3.746  -0.00665739 -0.00112647
3.747  -0.00664045 -0.00112267
3.748  -0.00662356 -0.00111889
3.749  -0.00660673 -0.00111512
3.75  -0.00658994 -0.00111136
3.751  -0.00657321 -0.00110762
3.752  -0.00655653 -0.00110389
3.753  -0.00653989 -0.00110018
3.754  -0.00652331 -0.00109648
3.755  -0.00650678 -0.00109279
3.756  -0.0064903 -0.00108912
3.757  -0.00647386 -0.00108546
3.758  -0.00645748 -0.00108181
3.759  -0.00644115 -0.00107818
3.76  -0.00642486 -0.00107457
3.761  -0.00640863 -0.00107097
3.762  -0.00639244 -0.00106738
3.763  -0.0063763 -0.0010638
3.764  -0.00636022 -0.00106024
3.765  -0.00634417 -0.00105669
3.766  -0.00632818 -0.00105315
3.767  -0.00631224 -0.00104963
3.768  -0.00629634 -0.00104612
3.769  -0.00628049 -0.00104263
3.77  -0.00626469 -0.00103915
3.771  -0.00624894 -0.00103568
3.772  -0.00623323 -0.00103222
3.773  -0.00621757 -0.00102878
3.774  -0.00620196 -0.00102535
3.775  -0.00618639 -0.00102193
3.776  -0.00617087 -0.00101853
3.777  -0.0061554 -0.00101514
3.778  -0.00613997 -0.00101176
3.779  -0.00612459 -0.00100839
3.78  -0.00610926 -0.00100504
3.781  -0.00609397 -0.0010017
3.782  -0.00607873 -0.000998369
3.783  -0.00606353 -0.000995054
3.784  -0.00604838 -0.00099175
3.785  -0.00603327 -0.00098846
3.786  -0.00601821 -0.000985181
3.787  -0.00600319 -0.000981915
3.788  -0.00598822 -0.000978662
3.789  -0.00597329 -0.00097542
3.79  -0.00595841 -0.000972191
3.791  -0.00594357 -0.000968973
3.792  -0.00592877 -0.000965768
3.793  -0.00591402 -0.000962575
3.794  -0.00589931 -0.000959394
3.795  -0.00588465 -0.000956224
3.796  -0.00587003 -0.000953067
3.797  -0.00585545 -0.000949921
3.798  -0.00584092 -0.000946787
3.799  -0.00582642 -0.000943665
3.8  -0.00581198 -0.000940554
3.801  -0.00579757 -0.000937455
3.802  -0.00578321 -0.000934368
3.803  -0.00576889 -0.000931292
3.804  -0.00575461 -0.000928227
3.805  -0.00574037 -0.000925174
3.806  -0.00572618 -0.000922133
3.807  -0.00571203 -0.000919102
3.808  -0.00569792 -0.000916083
3.809  -0.00568385 -0.000913076
3.81  -0.00566982 -0.000910079
3.811  -0.00565583 -0.000907094
3.812  -0.00564189 -0.000904119
3.813  -0.00562799 -0.000901156
3.814  -0.00561412 -0.000898204
3.815  -0.0056003 -0.000895263
3.816  -0.00558652 -0.000892332
3.817  -0.00557278 -0.000889413
3.818  -0.00555908 -0.000886504
3.819  -0.00554542 -0.000883606
3.82  -0.0055318 -0.000880719
3.821  -0.00551821 -0.000877843
3.822  -0.00550467 -0.000874977
3.823  -0.00549117 -0.000872122
3.824  -0.00547771 -0.000869277
3.825  -0.00546429 -0.000866443
3.826  -0.00545091 -0.00086362
3.827  -0.00543756 -0.000860807
3.828  -0.00542426 -0.000858004
3.829  -0.00541099 -0.000855212
3.83  -0.00539776 -0.00085243
3.831  -0.00538457 -0.000849658
3.832  -0.00537142 -0.000846896
3.833  -0.00535831 -0.000844145
3.834  -0.00534524 -0.000841404
3.835  -0.0053322 -0.000838673
3.836  -0.0053192 -0.000835952
3.837  -0.00530624 -0.000833241
3.838  -0.00529332 -0.00083054
3.839  -0.00528044 -0.000827849
3.84  -0.00526759 -0.000825168
3.841  -0.00525478 -0.000822497
3.842  -0.00524201 -0.000819835
3.843  -0.00522927 -0.000817184
3.844  -0.00521657 -0.000814542
3.845  -0.00520391 -0.00081191
3.846  -0.00519129 -0.000809287
3.847  -0.0051787 -0.000806674
3.848  -0.00516615 -0.000804071
3.849  -0.00515363 -0.000801477
3.85  -0.00514115 -0.000798893
3.851  -0.00512871 -0.000796319
3.852  -0.0051163 -0.000793753
3.853  -0.00510393 -0.000791197
3.854  -0.00509159 -0.000788651
3.855  -0.00507929 -0.000786114
3.856  -0.00506702 -0.000783586
3.857  -0.00505479 -0.000781067
3.858  -0.0050426 -0.000778558
3.859  -0.00503044 -0.000776057
3.86  -0.00501832 -0.000773566
3.861  -0.00500623 -0.000771084
3.862  -0.00499417 -0.000768611
3.863  -0.00498215 -0.000766147
3.864  -0.00497017 -0.000763692
3.865  -0.00495822 -0.000761246
3.866  -0.0049463 -0.000758809
3.867  -0.00493442 -0.000756381
3.868  -0.00492257 -0.000753962
3.869  -0.00491075 -0.000751551
3.87  -0.00489897 -0.000749149
3.871  -0.00488723 -0.000746756
3.872  -0.00487551 -0.000744372
3.873  -0.00486383 -0.000741996
3.874  -0.00485219 -0.000739629
3.875  -0.00484057 -0.000737271
3.876  -0.00482899 -0.000734921
3.877  -0.00481745 -0.00073258
3.878  -0.00480593 -0.000730247
3.879  -0.00479445 -0.000727923
3.88  -0.00478301 -0.000725607
3.881  -0.00477159 -0.000723299
3.882  -0.00476021 -0.000721
3.883  -0.00474886 -0.000718709
3.884  -0.00473754 -0.000716427
3.885  -0.00472625 -0.000714153
3.886  -0.004715 -0.000711886
3.887  -0.00470378 -0.000709629
3.888  -0.00469259 -0.000707379
3.889  -0.00468143 -0.000705137
3.89  -0.0046703 -0.000702904
3.891  -0.00465921 -0.000700679
3.892  -0.00464814 -0.000698461
3.893  -0.00463711 -0.000696252
3.894  -0.00462611 -0.000694051
3.895  -0.00461514 -0.000691857
3.896  -0.0046042 -0.000689672
3.897  -0.0045933 -0.000687494
3.898  -0.00458242 -0.000685324
3.899  -0.00457157 -0.000683162
3.9  -0.00456076 -0.000681008
3.901  -0.00454997 -0.000678862
3.902  -0.00453922 -0.000676723
3.903  -0.0045285 -0.000674592
3.904  -0.0045178 -0.000672469
3.905  -0.00450714 -0.000670353
3.906  -0.00449651 -0.000668245
3.907  -0.0044859 -0.000666144
3.908  -0.00447533 -0.000664051
3.909  -0.00446478 -0.000661966
3.91  -0.00445427 -0.000659888
3.911  -0.00444379 -0.000657817
3.912  -0.00443333 -0.000655754
3.913  -0.00442291 -0.000653698
3.914  -0.00441251 -0.00065165
3.915  -0.00440214 -0.000649609
3.916  -0.0043918 -0.000647575
3.917  -0.0043815 -0.000645549
3.918  -0.00437121 -0.000643529
3.919  -0.00436096 -0.000641517
3.92  -0.00435074 -0.000639512
3.921  -0.00434055 -0.000637515
3.922  -0.00433038 -0.000635524
3.923  -0.00432024 -0.000633541
3.924  -0.00431014 -0.000631564
3.925  -0.00430006 -0.000629595
3.926  -0.00429 -0.000627633
3.927  -0.00427998 -0.000625677
3.928  -0.00426998 -0.000623729
3.929  -0.00426001 -0.000621788
3.93  -0.00425007 -0.000619853
3.931  -0.00424016 -0.000617926
3.932  -0.00423028 -0.000616005
3.933  -0.00422042 -0.000614091
3.934  -0.00421059 -0.000612184
3.935  -0.00420079 -0.000610283
3.936  -0.00419101 -0.00060839
3.937  -0.00418126 -0.000606503
3.938  -0.00417154 -0.000604623
3.939  -0.00416185 -0.000602749
3.94  -0.00415218 -0.000600882
3.941  -0.00414254 -0.000599022
3.942  -0.00413293 -0.000597168
3.943  -0.00412334 -0.000595321
3.944  -0.00411378 -0.000593481
3.945  -0.00410424 -0.000591647
3.946  -0.00409474 -0.000589819
3.947  -0.00408525 -0.000587998
3.948  -0.0040758 -0.000586183
3.949  -0.00406637 -0.000584375
3.95  -0.00405697 -0.000582573
3.951  -0.00404759 -0.000580778
3.952  -0.00403824 -0.000578988
3.953  -0.00402891 -0.000577206
3.954  -0.00401961 -0.000575429
3.955  -0.00401034 -0.000573659
3.956  -0.00400109 -0.000571895
3.957  -0.00399187 -0.000570137
3.958  -0.00398267 -0.000568385
3.959  -0.0039735 -0.00056664
3.96  -0.00396435 -0.0005649
3.961  -0.00395523 -0.000563167
3.962  -0.00394614 -0.00056144
3.963  -0.00393706 -0.000559719
3.964  -0.00392802 -0.000558004
3.965  -0.003919 -0.000556295
3.966  -0.00391 -0.000554592
3.967  -0.00390103 -0.000552895
3.968  -0.00389208 -0.000551203
3.969  -0.00388316 -0.000549518
3.97  -0.00387426 -0.000547839
3.971  -0.00386538 -0.000546166
3.972  -0.00385653 -0.000544498
3.973  -0.00384771 -0.000542836
3.974  -0.0038389 -0.000541181
3.975  -0.00383013 -0.00053953
3.976  -0.00382137 -0.000537886
3.977  -0.00381264 -0.000536248
3.978  -0.00380394 -0.000534615
3.979  -0.00379525 -0.000532988
3.98  -0.0037866 -0.000531366
3.981  -0.00377796 -0.00052975
3.982  -0.00376935 -0.00052814
3.983  -0.00376076 -0.000526536
3.984  -0.0037522 -0.000524937
3.985  -0.00374366 -0.000523343
3.986  -0.00373514 -0.000521756
3.987  -0.00372664 -0.000520173
3.988  -0.00371817 -0.000518596
3.989  -0.00370972 -0.000517025
3.99  -0.0037013 -0.000515459
3.991  -0.00369289 -0.000513899
3.992  -0.00368451 -0.000512344
3.993  -0.00367616 -0.000510794
3.994  -0.00366782 -0.00050925
3.995  -0.00365951 -0.000507711
3.996  -0.00365122 -0.000506178
3.997  -0.00364295 -0.00050465
3.998  -0.00363471 -0.000503127
3.999  -0.00362648 -0.000501609
4  -0.00361828 -0.000500097
4.001  -0.00361011 -0.00049859
4.002  -0.00360195 -0.000497088
4.003  -0.00359381 -0.000495591
4.004  -0.0035857 -0.0004941
4.005  -0.00357761 -0.000492613
4.006  -0.00356954 -0.000491132
4.007  -0.0035615 -0.000489656
4.008  -0.00355347 -0.000488185
4.009  -0.00354547 -0.000486719
4.01  -0.00353749 -0.000485258
4.011  -0.00352953 -0.000483802
4.012  -0.00352159 -0.000482351
4.013  -0.00351367 -0.000480906
4.014  -0.00350577 -0.000479465
4.015  -0.0034979 -0.000478029
4.016  -0.00349004 -0.000476598
4.017  -0.00348221 -0.000475172
4.018  -0.0034744 -0.000473751
4.019  -0.00346661 -0.000472335
4.02  -0.00345884 -0.000470923
4.021  -0.00345109 -0.000469517
4.022  -0.00344336 -0.000468115
4.023  -0.00343565 -0.000466718
4.024  -0.00342796 -0.000465326
4.025  -0.0034203 -0.000463939
4.026  -0.00341265 -0.000462556
4.027  -0.00340503 -0.000461179
4.028  -0.00339742 -0.000459805
4.029  -0.00338983 -0.000458437
4.03  -0.00338227 -0.000457073
4.031  -0.00337473 -0.000455714
4.032  -0.0033672 -0.00045436
4.033  -0.0033597 -0.00045301
4.034  -0.00335221 -0.000451665
4.035  -0.00334475 -0.000450325
4.036  -0.0033373 -0.000448989
4.037  -0.00332988 -0.000447657
4.038  -0.00332247 -0.00044633
4.039  -0.00331509 -0.000445008
4.04  -0.00330772 -0.00044369
4.041  -0.00330037 -0.000442377
4.042  -0.00329305 -0.000441068
4.043  -0.00328574 -0.000439764
4.044  -0.00327845 -0.000438464
4.045  -0.00327118 -0.000437168
4.046  -0.00326393 -0.000435877
4.047  -0.0032567 -0.00043459
4.048  -0.00324949 -0.000433308
4.049  -0.0032423 -0.00043203
4.05  -0.00323513 -0.000430756
4.051  -0.00322797 -0.000429487
4.052  -0.00322084 -0.000428222
4.053  -0.00321372 -0.000426961
4.054  -0.00320662 -0.000425705
4.055  -0.00319954 -0.000424453
4.056  -0.00319248 -0.000423205
4.057  -0.00318544 -0.000421961
4.058  -0.00317842 -0.000420722
4.059  -0.00317141 -0.000419486
4.06  -0.00316443 -0.000418255
4.061  -0.00315746 -0.000417028
4.062  -0.00315051 -0.000415805
4.063  -0.00314358 -0.000414587
4.064  -0.00313667 -0.000413372
4.065  -0.00312977 -0.000412162
4.066  -0.0031229 -0.000410955
4.067  -0.00311604 -0.000409753
4.068  -0.0031092 -0.000408555
4.069  -0.00310237 -0.00040736
4.07  -0.00309557 -0.00040617
4.071  -0.00308878 -0.000404984
4.072  -0.00308201 -0.000403802
4.073  -0.00307526 -0.000402624
4.074  -0.00306853 -0.000401449
4.075  -0.00306181 -0.000400279
4.076  -0.00305511 -0.000399113
4.077  -0.00304843 -0.00039795
4.078  -0.00304177 -0.000396792
4.079  -0.00303512 -0.000395637
4.08  -0.00302849 -0.000394486
4.081  -0.00302188 -0.00039334
4.082  -0.00301529 -0.000392196
4.083  -0.00300871 -0.000391057
4.084  -0.00300215 -0.000389922
4.085  -0.00299561 -0.00038879
4.086  -0.00298908 -0.000387662
4.087  -0.00298257 -0.000386538
4.088  -0.00297608 -0.000385418
4.089  -0.00296961 -0.000384302
4.09  -0.00296315 -0.000383189
4.091  -0.00295671 -0.00038208
4.092  -0.00295028 -0.000380974
4.093  -0.00294388 -0.000379873
4.094  -0.00293748 -0.000378775
4.095  -0.00293111 -0.00037768
4.096  -0.00292475 -0.00037659
4.097  -0.00291841 -0.000375503
4.098  -0.00291208 -0.000374419
4.099  -0.00290578 -0.000373339
4.1  -0.00289948 -0.000372263
4.101  -0.00289321 -0.000371191
4.102  -0.00288695 -0.000370122
4.103  -0.0028807 -0.000369056
4.104  -0.00287447 -0.000367994
4.105  -0.00286826 -0.000366936
4.106  -0.00286207 -0.000365881
4.107  -0.00285589 -0.000364829
4.108  -0.00284972 -0.000363781
4.109  -0.00284358 -0.000362737
4.11  -0.00283744 -0.000361696
4.111  -0.00283133 -0.000360658
4.112  -0.00282523 -0.000359624
4.113  -0.00281914 -0.000358594
4.114  -0.00281307 -0.000357566
4.115  -0.00280702 -0.000356543
4.116  -0.00280098 -0.000355522
4.117  -0.00279496 -0.000354505
4.118  -0.00278895 -0.000353491
4.119  -0.00278296 -0.000352481
4.12  -0.00277699 -0.000351474
4.121  -0.00277102 -0.00035047
4.122  -0.00276508 -0.00034947
4.123  -0.00275915 -0.000348473
4.124  -0.00275323 -0.000347479
4.125  -0.00274733 -0.000346489
4.126  -0.00274145 -0.000345501
4.127  -0.00273558 -0.000344517
4.128  -0.00272972 -0.000343537
4.129  -0.00272389 -0.000342559
4.13  -0.00271806 -0.000341585
4.131  -0.00271225 -0.000340614
4.132  -0.00270646 -0.000339646
4.133  -0.00270068 -0.000338681
4.134  -0.00269491 -0.000337719
4.135  -0.00268916 -0.000336761
4.136  -0.00268342 -0.000335806
4.137  -0.0026777 -0.000334854
4.138  -0.00267199 -0.000333905
4.139  -0.0026663 -0.000332959
4.14  -0.00266062 -0.000332016
4.141  -0.00265496 -0.000331076
4.142  -0.00264931 -0.00033014
4.143  -0.00264368 -0.000329206
4.144  -0.00263806 -0.000328276
4.145  -0.00263245 -0.000327348
4.146  -0.00262686 -0.000326424
4.147  -0.00262128 -0.000325503
4.148  -0.00261572 -0.000324584
4.149  -0.00261017 -0.000323669
4.15  -0.00260463 -0.000322756
4.151  -0.00259911 -0.000321847
4.152  -0.0025936 -0.000320941
4.153  -0.00258811 -0.000320037
4.154  -0.00258263 -0.000319137
4.155  -0.00257716 -0.000318239
4.156  -0.00257171 -0.000317344
4.157  -0.00256627 -0.000316453
4.158  -0.00256085 -0.000315564
4.159  -0.00255544 -0.000314678
4.16  -0.00255004 -0.000313795
4.161  -0.00254466 -0.000312914
4.162  -0.00253929 -0.000312037
4.163  -0.00253393 -0.000311163
4.164  -0.00252859 -0.000310291
4.165  -0.00252326 -0.000309422
4.166  -0.00251794 -0.000308556
4.167  -0.00251264 -0.000307693
4.168  -0.00250735 -0.000306833
4.169  -0.00250207 -0.000305975
4.17  -0.00249681 -0.00030512
4.171  -0.00249156 -0.000304268
4.172  -0.00248633 -0.000303419
4.173  -0.0024811 -0.000302572
4.174  -0.00247589 -0.000301728
4.175  -0.0024707 -0.000300887
4.176  -0.00246551 -0.000300049
4.177  -0.00246034 -0.000299213
4.178  -0.00245518 -0.00029838
4.179  -0.00245004 -0.00029755
4.18  -0.00244491 -0.000296722
4.181  -0.00243979 -0.000295898
4.182  -0.00243468 -0.000295075
4.183  -0.00242959 -0.000294256
4.184  -0.0024245 -0.000293439
4.185  -0.00241944 -0.000292624
4.186  -0.00241438 -0.000291813
4.187  -0.00240934 -0.000291004
4.188  -0.00240431 -0.000290197
4.189  -0.00239929 -0.000289393
4.19  -0.00239428 -0.000288592
4.191  -0.00238929 -0.000287793
4.192  -0.00238431 -0.000286997
4.193  -0.00237934 -0.000286203
4.194  -0.00237439 -0.000285412
4.195  -0.00236944 -0.000284624
4.196  -0.00236451 -0.000283838
4.197  -0.00235959 -0.000283054
4.198  -0.00235469 -0.000282273
4.199  -0.00234979 -0.000281495
4.2  -0.00234491 -0.000280719
4.201  -0.00234004 -0.000279945
4.202  -0.00233518 -0.000279174
4.203  -0.00233033 -0.000278406
4.204  -0.0023255 -0.00027764
4.205  -0.00232068 -0.000276876
4.206  -0.00231587 -0.000276115
4.207  -0.00231107 -0.000275356
4.208  -0.00230628 -0.0002746
4.209  -0.00230151 -0.000273846
4.21  -0.00229675 -0.000273094
4.211  -0.00229199 -0.000272345
4.212  -0.00228725 -0.000271598
4.213  -0.00228253 -0.000270854
4.214  -0.00227781 -0.000270112
4.215  -0.00227311 -0.000269372
4.216  -0.00226841 -0.000268635
4.217  -0.00226373 -0.0002679
4.218  -0.00225906 -0.000267167
4.219  -0.00225441 -0.000266437
4.22  -0.00224976 -0.000265709
4.221  -0.00224512 -0.000264984
4.222  -0.0022405 -0.00026426
4.223  -0.00223589 -0.000263539
4.224  -0.00223129 -0.00026282
4.225  -0.0022267 -0.000262104
4.226  -0.00222212 -0.00026139
4.227  -0.00221755 -0.000260678
4.228  -0.00221299 -0.000259968
4.229  -0.00220845 -0.000259261
4.23  -0.00220392 -0.000258555
4.231  -0.00219939 -0.000257852
4.232  -0.00219488 -0.000257152
4.233  -0.00219038 -0.000256453
4.234  -0.00218589 -0.000255757
4.235  -0.00218141 -0.000255063
4.236  -0.00217695 -0.000254371
4.237  -0.00217249 -0.000253681
4.238  -0.00216804 -0.000252993
4.239  -0.00216361 -0.000252308
4.24  -0.00215919 -0.000251625
4.241  -0.00215477 -0.000250944
4.242  -0.00215037 -0.000250265
4.243  -0.00214598 -0.000249588
4.244  -0.0021416 -0.000248913
4.245  -0.00213723 -0.000248241
4.246  -0.00213287 -0.00024757
4.247  -0.00212852 -0.000246902
4.248  -0.00212418 -0.000246236
4.249  -0.00211985 -0.000245571
4.25  -0.00211553 -0.000244909
4.251  -0.00211123 -0.000244249
4.252  -0.00210693 -0.000243592
4.253  -0.00210264 -0.000242936
4.254  -0.00209837 -0.000242282
4.255  -0.0020941 -0.00024163
4.256  -0.00208985 -0.00024098
4.257  -0.0020856 -0.000240333
4.258  -0.00208137 -0.000239687
4.259  -0.00207715 -0.000239044
4.26  -0.00207293 -0.000238402
4.261  -0.00206873 -0.000237762
4.262  -0.00206454 -0.000237125
4.263  -0.00206035 -0.000236489
4.264  -0.00205618 -0.000235855
4.265  -0.00205202 -0.000235224
4.266  -0.00204786 -0.000234594
4.267  -0.00204372 -0.000233966
4.268  -0.00203959 -0.000233341
4.269  -0.00203546 -0.000232717
4.27  -0.00203135 -0.000232095
4.271  -0.00202725 -0.000231475
4.272  -0.00202316 -0.000230857
4.273  -0.00201907 -0.000230241
4.274  -0.002015 -0.000229627
4.275  -0.00201093 -0.000229015
4.276  -0.00200688 -0.000228404
4.277  -0.00200284 -0.000227796
4.278  -0.0019988 -0.000227189
4.279  -0.00199478 -0.000226585
4.28  -0.00199076 -0.000225982
4.281  -0.00198676 -0.000225381
4.282  -0.00198276 -0.000224782
4.283  -0.00197878 -0.000224185
4.284  -0.0019748 -0.000223589
4.285  -0.00197083 -0.000222996
4.286  -0.00196687 -0.000222404
4.287  -0.00196293 -0.000221814
4.288  -0.00195899 -0.000221226
4.289  -0.00195506 -0.00022064
4.29  -0.00195114 -0.000220056
4.291  -0.00194723 -0.000219473
4.292  -0.00194333 -0.000218892
4.293  -0.00193944 -0.000218313
4.294  -0.00193555 -0.000217736
4.295  -0.00193168 -0.000217161
4.296  -0.00192782 -0.000216587
4.297  -0.00192396 -0.000216015
4.298  -0.00192012 -0.000215445
4.299  -0.00191628 -0.000214877
4.3  -0.00191245 -0.00021431
4.301  -0.00190863 -0.000213745
4.302  -0.00190483 -0.000213182
4.303  -0.00190103 -0.000212621
4.304  -0.00189723 -0.000212061
4.305  -0.00189345 -0.000211503
4.306  -0.00188968 -0.000210947
4.307  -0.00188592 -0.000210392
4.308  -0.00188216 -0.00020984
4.309  -0.00187842 -0.000209288
4.31  -0.00187468 -0.000208739
4.311  -0.00187095 -0.000208191
4.312  -0.00186723 -0.000207645
4.313  -0.00186352 -0.000207101
4.314  -0.00185982 -0.000206558
4.315  -0.00185613 -0.000206017
4.316  -0.00185244 -0.000205478
4.317  -0.00184877 -0.00020494
4.318  -0.0018451 -0.000204404
4.319  -0.00184144 -0.000203869
4.32  -0.00183779 -0.000203336
4.321  -0.00183415 -0.000202805
4.322  -0.00183052 -0.000202276
4.323  -0.0018269 -0.000201748
4.324  -0.00182328 -0.000201221
4.325  -0.00181967 -0.000200696
4.326  -0.00181608 -0.000200173
4.327  -0.00181249 -0.000199652
4.328  -0.0018089 -0.000199132
4.329  -0.00180533 -0.000198613
4.33  -0.00180177 -0.000198096
4.331  -0.00179821 -0.000197581
4.332  -0.00179466 -0.000197067
4.333  -0.00179113 -0.000196555
4.334  -0.00178759 -0.000196045
4.335  -0.00178407 -0.000195536
4.336  -0.00178056 -0.000195028
4.337  -0.00177705 -0.000194522
4.338  -0.00177355 -0.000194018
4.339  -0.00177007 -0.000193515
4.34  -0.00176658 -0.000193014
4.341  -0.00176311 -0.000192514
4.342  -0.00175965 -0.000192016
4.343  -0.00175619 -0.000191519
4.344  -0.00175274 -0.000191024
4.345  -0.0017493 -0.00019053
4.346  -0.00174587 -0.000190037
4.347  -0.00174244 -0.000189547
4.348  -0.00173903 -0.000189057
4.349  -0.00173562 -0.000188569
4.35  -0.00173222 -0.000188083
4.351  -0.00172882 -0.000187598
4.352  -0.00172544 -0.000187115
4.353  -0.00172206 -0.000186633
4.354  -0.00171869 -0.000186152
4.355  -0.00171533 -0.000185673
4.356  -0.00171198 -0.000185195
4.357  -0.00170863 -0.000184719
4.358  -0.0017053 -0.000184244
4.359  -0.00170197 -0.000183771
4.36  -0.00169864 -0.000183299
4.361  -0.00169533 -0.000182829
4.362  -0.00169202 -0.00018236
4.363  -0.00168872 -0.000181892
4.364  -0.00168543 -0.000181426
4.365  -0.00168215 -0.000180961
4.366  -0.00167887 -0.000180497
4.367  -0.00167561 -0.000180035
4.368  -0.00167234 -0.000179574
4.369  -0.00166909 -0.000179115
4.37  -0.00166585 -0.000178657
4.371  -0.00166261 -0.000178201
4.372  -0.00165938 -0.000177745
4.373  -0.00165615 -0.000177292
4.374  -0.00165294 -0.000176839
4.375  -0.00164973 -0.000176388
4.376  -0.00164653 -0.000175938
4.377  -0.00164334 -0.00017549
4.378  -0.00164015 -0.000175043
4.379  -0.00163697 -0.000174597
4.38  -0.0016338 -0.000174152
4.381  -0.00163064 -0.000173709
4.382  -0.00162748 -0.000173267
4.383  -0.00162433 -0.000172827
4.384  -0.00162119 -0.000172388
4.385  -0.00161805 -0.00017195
4.386  -0.00161493 -0.000171513
4.387  -0.00161181 -0.000171078
4.388  -0.00160869 -0.000170644
4.389  -0.00160559 -0.000170212
4.39  -0.00160249 -0.00016978
4.391  -0.0015994 -0.00016935
4.392  -0.00159631 -0.000168921
4.393  -0.00159323 -0.000168494
4.394  -0.00159016 -0.000168067
4.395  -0.0015871 -0.000167642
4.396  -0.00158404 -0.000167219
4.397  -0.00158099 -0.000166796
4.398  -0.00157795 -0.000166375
4.399  -0.00157492 -0.000165955
4.4  -0.00157189 -0.000165536
4.401  -0.00156887 -0.000165119
4.402  -0.00156585 -0.000164702
4.403  -0.00156284 -0.000164287
4.404  -0.00155984 -0.000163874
4.405  -0.00155685 -0.000163461
4.406  -0.00155386 -0.00016305
4.407  -0.00155088 -0.000162639
4.408  -0.00154791 -0.000162231
4.409  -0.00154494 -0.000161823
4.41  -0.00154198 -0.000161416
4.411  -0.00153903 -0.000161011
4.412  -0.00153608 -0.000160607
4.413  -0.00153314 -0.000160204
4.414  -0.00153021 -0.000159802
4.415  -0.00152728 -0.000159402
4.416  -0.00152436 -0.000159002
4.417  -0.00152145 -0.000158604
4.418  -0.00151855 -0.000158207
4.419  -0.00151565 -0.000157811
4.42  -0.00151275 -0.000157416
4.421  -0.00150987 -0.000157023
4.422  -0.00150699 -0.00015663
4.423  -0.00150411 -0.000156239
4.424  -0.00150125 -0.000155849
4.425  -0.00149839 -0.00015546
4.426  -0.00149553 -0.000155072
4.427  -0.00149269 -0.000154685
4.428  -0.00148984 -0.0001543
4.429  -0.00148701 -0.000153915
4.43  -0.00148418 -0.000153532
4.431  -0.00148136 -0.00015315
4.432  -0.00147855 -0.000152769
4.433  -0.00147574 -0.000152389
4.434  -0.00147293 -0.00015201
4.435  -0.00147014 -0.000151632
4.436  -0.00146735 -0.000151256
4.437  -0.00146457 -0.00015088
4.438  -0.00146179 -0.000150506
4.439  -0.00145902 -0.000150133
4.44  -0.00145625 -0.00014976
4.441  -0.00145349 -0.000149389
4.442  -0.00145074 -0.000149019
4.443  -0.001448 -0.00014865
4.444  -0.00144526 -0.000148282
4.445  -0.00144252 -0.000147915
4.446  -0.0014398 -0.000147549
4.447  -0.00143707 -0.000147185
4.448  -0.00143436 -0.000146821
4.449  -0.00143165 -0.000146458
4.45  -0.00142895 -0.000146097
4.451  -0.00142625 -0.000145736
4.452  -0.00142356 -0.000145377
4.453  -0.00142088 -0.000145019
4.454  -0.0014182 -0.000144661
4.455  -0.00141552 -0.000144305
4.456  -0.00141286 -0.000143949
4.457  -0.0014102 -0.000143595
4.458  -0.00140754 -0.000143242
4.459  -0.00140489 -0.00014289
4.46  -0.00140225 -0.000142539
4.461  -0.00139961 -0.000142188
4.462  -0.00139698 -0.000141839
4.463  -0.00139436 -0.000141491
4.464  -0.00139174 -0.000141144
4.465  -0.00138913 -0.000140798
4.466  -0.00138652 -0.000140453
4.467  -0.00138392 -0.000140108
4.468  -0.00138132 -0.000139765
4.469  -0.00137873 -0.000139423
4.47  -0.00137615 -0.000139082
4.471  -0.00137357 -0.000138742
4.472  -0.001371 -0.000138402
4.473  -0.00136843 -0.000138064
4.474  -0.00136587 -0.000137727
4.475  -0.00136331 -0.00013739
4.476  -0.00136076 -0.000137055
4.477  -0.00135822 -0.000136721
4.478  -0.00135568 -0.000136387
4.479  -0.00135315 -0.000136055
4.48  -0.00135062 -0.000135723
4.481  -0.0013481 -0.000135393
4.482  -0.00134558 -0.000135063
4.483  -0.00134307 -0.000134735
4.484  -0.00134057 -0.000134407
4.485  -0.00133807 -0.00013408
4.486  -0.00133557 -0.000133754
4.487  -0.00133309 -0.000133429
4.488  -0.0013306 -0.000133105
4.489  -0.00132813 -0.000132782
4.49  -0.00132566 -0.00013246
4.491  -0.00132319 -0.000132139
4.492  -0.00132073 -0.000131819
4.493  -0.00131827 -0.000131499
4.494  -0.00131582 -0.000131181
4.495  -0.00131338 -0.000130863
4.496  -0.00131094 -0.000130547
4.497  -0.00130851 -0.000130231
4.498  -0.00130608 -0.000129916
4.499  -0.00130366 -0.000129602
4.5  -0.00130124 -0.000129289
4.501  -0.00129883 -0.000128977
4.502  -0.00129642 -0.000128666
4.503  -0.00129402 -0.000128355
4.504  -0.00129162 -0.000128046
4.505  -0.00128923 -0.000127737
4.506  -0.00128685 -0.000127429
4.507  -0.00128447 -0.000127122
4.508  -0.00128209 -0.000126816
4.509  -0.00127972 -0.000126511
4.51  -0.00127736 -0.000126207
4.511  -0.001275 -0.000125904
4.512  -0.00127264 -0.000125601
4.513  -0.00127029 -0.000125299
4.514  -0.00126795 -0.000124999
4.515  -0.00126561 -0.000124699
4.516  -0.00126328 -0.0001244
4.517  -0.00126095 -0.000124101
4.518  -0.00125863 -0.000123804
4.519  -0.00125631 -0.000123507
4.52  -0.00125399 -0.000123212
4.521  -0.00125169 -0.000122917
4.522  -0.00124938 -0.000122623
4.523  -0.00124709 -0.000122329
4.524  -0.00124479 -0.000122037
4.525  -0.00124251 -0.000121745
4.526  -0.00124022 -0.000121455
4.527  -0.00123794 -0.000121165
4.528  -0.00123567 -0.000120875
4.529  -0.0012334 -0.000120587
4.53  -0.00123114 -0.0001203
4.531  -0.00122888 -0.000120013
4.532  -0.00122663 -0.000119727
4.533  -0.00122438 -0.000119442
4.534  -0.00122214 -0.000119158
4.535  -0.0012199 -0.000118874
4.536  -0.00121767 -0.000118591
4.537  -0.00121544 -0.00011831
4.538  -0.00121321 -0.000118028
4.539  -0.00121099 -0.000117748
4.54  -0.00120878 -0.000117469
4.541  -0.00120657 -0.00011719
4.542  -0.00120437 -0.000116912
4.543  -0.00120217 -0.000116635
4.544  -0.00119997 -0.000116358
4.545  -0.00119778 -0.000116083
4.546  -0.0011956 -0.000115808
4.547  -0.00119342 -0.000115534
4.548  -0.00119124 -0.00011526
4.549  -0.00118907 -0.000114988
4.55  -0.0011869 -0.000114716
4.551  -0.00118474 -0.000114445
4.552  -0.00118258 -0.000114175
4.553  -0.00118043 -0.000113905
4.554  -0.00117828 -0.000113636
4.555  -0.00117614 -0.000113368
4.556  -0.001174 -0.000113101
4.557  -0.00117187 -0.000112835
4.558  -0.00116974 -0.000112569
4.559  -0.00116762 -0.000112304
4.56  -0.0011655 -0.00011204
4.561  -0.00116338 -0.000111776
4.562  -0.00116127 -0.000111513
4.563  -0.00115916 -0.000111251
4.564  -0.00115706 -0.00011099
4.565  -0.00115496 -0.000110729
4.566  -0.00115287 -0.000110469
4.567  -0.00115078 -0.00011021
4.568  -0.0011487 -0.000109951
4.569  -0.00114662 -0.000109694
4.57  -0.00114455 -0.000109437
4.571  -0.00114248 -0.00010918
4.572  -0.00114041 -0.000108925
4.573  -0.00113835 -0.00010867
4.574  -0.00113629 -0.000108415
4.575  -0.00113424 -0.000108162
4.576  -0.00113219 -0.000107909
4.577  -0.00113015 -0.000107657
4.578  -0.00112811 -0.000107406
4.579  -0.00112608 -0.000107155
4.58  -0.00112404 -0.000106905
4.581  -0.00112202 -0.000106656
4.582  -0.00112 -0.000106407
4.583  -0.00111798 -0.000106159
4.584  -0.00111597 -0.000105912
4.585  -0.00111396 -0.000105665
4.586  -0.00111195 -0.000105419
4.587  -0.00110995 -0.000105174
4.588  -0.00110796 -0.000104929
4.589  -0.00110597 -0.000104686
4.59  -0.00110398 -0.000104442
4.591  -0.001102 -0.0001042
4.592  -0.00110002 -0.000103958
4.593  -0.00109804 -0.000103717
4.594  -0.00109607 -0.000103476
4.595  -0.00109411 -0.000103236
4.596  -0.00109214 -0.000102997
4.597  -0.00109019 -0.000102758
4.598  -0.00108823 -0.000102521
4.599  -0.00108628 -0.000102283
4.6  -0.00108434 -0.000102047
4.601  -0.0010824 -0.000101811
4.602  -0.00108046 -0.000101575
4.603  -0.00107853 -0.000101341
4.604  -0.0010766 -0.000101107
4.605  -0.00107467 -0.000100873
4.606  -0.00107275 -0.000100641
4.607  -0.00107084 -0.000100408
4.608  -0.00106892 -0.000100177
4.609  -0.00106702 -9.99462e-05
4.61  -0.00106511 -9.9716e-05
4.611  -0.00106321 -9.94864e-05
4.612  -0.00106132 -9.92574e-05
4.613  -0.00105942 -9.90291e-05
4.614  -0.00105753 -9.88014e-05
4.615  -0.00105565 -9.85743e-05
4.616  -0.00105377 -9.83478e-05
4.617  -0.00105189 -9.8122e-05
4.618  -0.00105002 -9.78968e-05
4.619  -0.00104815 -9.76721e-05
4.62  -0.00104629 -9.74481e-05
4.621  -0.00104443 -9.72247e-05
4.622  -0.00104257 -9.70019e-05
4.623  -0.00104072 -9.67798e-05
4.624  -0.00103887 -9.65582e-05
4.625  -0.00103703 -9.63372e-05
4.626  -0.00103519 -9.61168e-05
4.627  -0.00103335 -9.5897e-05
4.628  -0.00103152 -9.56779e-05
4.629  -0.00102969 -9.54593e-05
4.63  -0.00102786 -9.52413e-05
4.631  -0.00102604 -9.50239e-05
4.632  -0.00102422 -9.48071e-05
4.633  -0.00102241 -9.45908e-05
4.634  -0.0010206 -9.43752e-05
4.635  -0.00101879 -9.41601e-05
4.636  -0.00101699 -9.39456e-05
4.637  -0.00101519 -9.37318e-05
4.638  -0.0010134 -9.35184e-05
4.639  -0.00101161 -9.33057e-05
4.64  -0.00100982 -9.30935e-05
4.641  -0.00100804 -9.28819e-05
4.642  -0.00100626 -9.26709e-05
4.643  -0.00100448 -9.24605e-05
4.644  -0.00100271 -9.22506e-05
4.645  -0.00100094 -9.20413e-05
4.646  -0.000999177 -9.18325e-05
4.647  -0.000997416 -9.16243e-05
4.648  -0.000995658 -9.14167e-05
4.649  -0.000993905 -9.12096e-05
4.65  -0.000992155 -9.10031e-05
4.651  -0.000990408 -9.07971e-05
4.652  -0.000988666 -9.05917e-05
4.653  -0.000986927 -9.03869e-05
4.654  -0.000985191 -9.01826e-05
4.655  -0.00098346 -8.99788e-05
4.656  -0.000981732 -8.97756e-05
4.657  -0.000980007 -8.9573e-05
4.658  -0.000978286 -8.93708e-05
4.659  -0.000976569 -8.91693e-05
4.66  -0.000974855 -8.89682e-05
4.661  -0.000973145 -8.87677e-05
4.662  -0.000971438 -8.85678e-05
4.663  -0.000969735 -8.83684e-05
4.664  -0.000968036 -8.81695e-05
4.665  -0.00096634 -8.79711e-05
4.666  -0.000964648 -8.77733e-05
4.667  -0.000962959 -8.7576e-05
4.668  -0.000961274 -8.73792e-05
4.669  -0.000959592 -8.7183e-05
4.67  -0.000957913 -8.69873e-05
4.671  -0.000956239 -8.67921e-05
4.672  -0.000954567 -8.65974e-05
4.673  -0.000952899 -8.64032e-05
4.674  -0.000951235 -8.62096e-05
4.675  -0.000949574 -8.60165e-05
4.676  -0.000947917 -8.58239e-05
4.677  -0.000946263 -8.56318e-05
4.678  -0.000944612 -8.54402e-05
4.679  -0.000942965 -8.52491e-05
4.68  -0.000941321 -8.50586e-05
4.681  -0.000939681 -8.48685e-05
4.682  -0.000938044 -8.4679e-05
4.683  -0.00093641 -8.44899e-05
4.684  -0.00093478 -8.43014e-05
4.685  -0.000933153 -8.41133e-05
4.686  -0.00093153 -8.39258e-05
4.687  -0.00092991 -8.37388e-05
4.688  -0.000928293 -8.35522e-05
4.689  -0.00092668 -8.33662e-05
4.69  -0.00092507 -8.31806e-05
4.691  -0.000923463 -8.29955e-05
4.692  -0.000921859 -8.2811e-05
4.693  -0.000920259 -8.26269e-05
4.694  -0.000918663 -8.24433e-05
4.695  -0.000917069 -8.22601e-05
4.696  -0.000915479 -8.20775e-05
4.697  -0.000913892 -8.18954e-05
4.698  -0.000912308 -8.17137e-05
4.699  -0.000910728 -8.15325e-05
4.7  -0.000909151 -8.13518e-05
4.701  -0.000907577 -8.11716e-05
4.702  -0.000906006 -8.09918e-05
4.703  -0.000904439 -8.08125e-05
4.704  -0.000902875 -8.06337e-05
4.705  -0.000901314 -8.04554e-05
4.706  -0.000899756 -8.02775e-05
4.707  -0.000898202 -8.01001e-05
4.708  -0.00089665 -7.99232e-05
4.709  -0.000895102 -7.97467e-05
4.71  -0.000893557 -7.95707e-05
4.711  -0.000892015 -7.93952e-05
4.712  -0.000890477 -7.92201e-05
4.713  -0.000888941 -7.90455e-05
4.714  -0.000887409 -7.88714e-05
4.715  -0.00088588 -7.86977e-05
4.716  -0.000884353 -7.85244e-05
4.717  -0.000882831 -7.83516e-05
4.718  -0.000881311 -7.81793e-05
4.719  -0.000879794 -7.80074e-05
4.72  -0.00087828 -7.7836e-05
4.721  -0.00087677 -7.7665e-05
4.722  -0.000875262 -7.74945e-05
4.723  -0.000873758 -7.73244e-05
4.724  -0.000872257 -7.71547e-05
4.725  -0.000870759 -7.69856e-05
4.726  -0.000869264 -7.68168e-05
4.727  -0.000867771 -7.66485e-05
4.728  -0.000866282 -7.64806e-05
4.729  -0.000864796 -7.63132e-05
4.73  -0.000863313 -7.61462e-05
4.731  -0.000861833 -7.59796e-05
4.732  -0.000860357 -7.58135e-05
4.733  -0.000858883 -7.56478e-05
4.734  -0.000857412 -7.54825e-05
4.735  -0.000855944 -7.53177e-05
4.736  -0.000854479 -7.51533e-05
4.737  -0.000853017 -7.49893e-05
4.738  -0.000851558 -7.48258e-05
4.739  -0.000850102 -7.46627e-05
4.74  -0.000848649 -7.45e-05
4.741  -0.000847199 -7.43377e-05
4.742  -0.000845752 -7.41758e-05
4.743  -0.000844307 -7.40144e-05
4.744  -0.000842866 -7.38534e-05
4.745  -0.000841428 -7.36928e-05
4.746  -0.000839992 -7.35326e-05
4.747  -0.00083856 -7.33729e-05
4.748  -0.00083713 -7.32135e-05
4.749  -0.000835704 -7.30546e-05
4.75  -0.00083428 -7.28961e-05
4.751  -0.000832859 -7.2738e-05
4.752  -0.000831441 -7.25803e-05
4.753  -0.000830026 -7.2423e-05
4.754  -0.000828613 -7.22661e-05
4.755  -0.000827204 -7.21096e-05
4.756  -0.000825797 -7.19536e-05
4.757  -0.000824393 -7.17979e-05
4.758  -0.000822992 -7.16426e-05
4.759  -0.000821594 -7.14878e-05
4.76  -0.000820199 -7.13333e-05
4.761  -0.000818807 -7.11792e-05
4.762  -0.000817417 -7.10256e-05
4.763  -0.00081603 -7.08723e-05
4.764  -0.000814646 -7.07194e-05
4.765  -0.000813265 -7.05669e-05
4.766  -0.000811886 -7.04149e-05
4.767  -0.00081051 -7.02632e-05
4.768  -0.000809138 -7.01119e-05
4.769  -0.000807767 -6.99609e-05
4.77  -0.0008064 -6.98104e-05
4.771  -0.000805035 -6.96603e-05
4.772  -0.000803673 -6.95105e-05
4.773  -0.000802314 -6.93611e-05
4.774  -0.000800958 -6.92122e-05
4.775  -0.000799604 -6.90636e-05
4.776  -0.000798253 -6.89153e-05
4.777  -0.000796905 -6.87675e-05
4.778  -0.000795559 -6.862e-05
4.779  -0.000794216 -6.84729e-05
4.78  -0.000792876 -6.83262e-05
4.781  -0.000791539 -6.81799e-05
4.782  -0.000790204 -6.8034e-05
4.783  -0.000788872 -6.78884e-05
4.784  -0.000787542 -6.77432e-05
4.785  -0.000786215 -6.75983e-05
4.786  -0.000784891 -6.74539e-05
4.787  -0.00078357 -6.73098e-05
4.788  -0.000782251 -6.7166e-05
4.789  -0.000780935 -6.70227e-05
4.79  -0.000779621 -6.68797e-05
4.791  -0.00077831 -6.6737e-05
4.792  -0.000777002 -6.65948e-05
4.793  -0.000775696 -6.64529e-05
4.794  -0.000774393 -6.63113e-05
4.795  -0.000773093 -6.61702e-05
4.796  -0.000771795 -6.60293e-05
4.797  -0.000770499 -6.58889e-05
4.798  -0.000769207 -6.57488e-05
4.799  -0.000767916 -6.5609e-05
4.8  -0.000766629 -6.54696e-05
4.801  -0.000765344 -6.53306e-05
4.802  -0.000764061 -6.51919e-05
4.803  -0.000762781 -6.50536e-05
4.804  -0.000761504 -6.49156e-05
4.805  -0.000760229 -6.4778e-05
4.806  -0.000758957 -6.46407e-05
4.807  -0.000757687 -6.45038e-05
4.808  -0.00075642 -6.43672e-05
4.809  -0.000755155 -6.42309e-05
4.81  -0.000753893 -6.40951e-05
4.811  -0.000752633 -6.39595e-05
4.812  -0.000751376 -6.38243e-05
4.813  -0.000750121 -6.36894e-05
4.814  -0.000748869 -6.35549e-05
4.815  -0.00074762 -6.34207e-05
4.816  -0.000746372 -6.32869e-05
4.817  -0.000745128 -6.31534e-05
4.818  -0.000743885 -6.30202e-05
4.819  -0.000742645 -6.28874e-05
4.82  -0.000741408 -6.27549e-05
4.821  -0.000740173 -6.26228e-05
4.822  -0.000738941 -6.24909e-05
4.823  -0.000737711 -6.23594e-05
4.824  -0.000736483 -6.22283e-05
4.825  -0.000735258 -6.20975e-05
4.826  -0.000734035 -6.1967e-05
4.827  -0.000732815 -6.18368e-05
4.828  -0.000731597 -6.1707e-05
4.829  -0.000730381 -6.15774e-05
4.83  -0.000729168 -6.14482e-05
4.831  -0.000727957 -6.13194e-05
4.832  -0.000726749 -6.11908e-05
4.833  -0.000725543 -6.10626e-05
4.834  -0.000724339 -6.09347e-05
4.835  -0.000723138 -6.08072e-05
4.836  -0.000721939 -6.06799e-05
4.837  -0.000720743 -6.0553e-05
4.838  -0.000719549 -6.04264e-05
4.839  -0.000718357 -6.03001e-05
4.84  -0.000717167 -6.01741e-05
4.841  -0.00071598 -6.00484e-05
4.842  -0.000714796 -5.99231e-05
4.843  -0.000713613 -5.9798e-05
4.844  -0.000712433 -5.96733e-05
4.845  -0.000711255 -5.95489e-05
4.846  -0.00071008 -5.94248e-05
4.847  -0.000708907 -5.9301e-05
4.848  -0.000707736 -5.91775e-05
4.849  -0.000706567 -5.90544e-05
4.85  -0.000705401 -5.89315e-05
4.851  -0.000704237 -5.88089e-05
4.852  -0.000703075 -5.86867e-05
4.853  -0.000701916 -5.85647e-05
4.854  -0.000700759 -5.84431e-05
4.855  -0.000699604 -5.83218e-05
4.856  -0.000698451 -5.82007e-05
4.857  -0.000697301 -5.808e-05
4.858  -0.000696153 -5.79596e-05
4.859  -0.000695007 -5.78394e-05
4.86  -0.000693863 -5.77196e-05
4.861  -0.000692722 -5.76001e-05
4.862  -0.000691582 -5.74808e-05
4.863  -0.000690445 -5.73619e-05
4.864  -0.000689311 -5.72432e-05
4.865  -0.000688178 -5.71249e-05
4.866  -0.000687048 -5.70068e-05
4.867  -0.00068592 -5.68891e-05
4.868  -0.000684794 -5.67716e-05
4.869  -0.00068367 -5.66544e-05
4.87  -0.000682549 -5.65375e-05
4.871  -0.000681429 -5.64209e-05
4.872  -0.000680312 -5.63046e-05
4.873  -0.000679197 -5.61886e-05
4.874  -0.000678084 -5.60729e-05
4.875  -0.000676974 -5.59574e-05
4.876  -0.000675865 -5.58422e-05
4.877  -0.000674759 -5.57274e-05
4.878  -0.000673655 -5.56128e-05
4.879  -0.000672553 -5.54985e-05
4.88  -0.000671453 -5.53844e-05
4.881  -0.000670355 -5.52707e-05
4.882  -0.00066926 -5.51572e-05
4.883  -0.000668166 -5.5044e-05
4.884  -0.000667075 -5.49311e-05
4.885  -0.000665985 -5.48185e-05
4.886  -0.000664898 -5.47061e-05
4.887  -0.000663813 -5.45941e-05
4.888  -0.00066273 -5.44823e-05
4.889  -0.00066165 -5.43707e-05
4.89  -0.000660571 -5.42595e-05
4.891  -0.000659494 -5.41485e-05
4.892  -0.00065842 -5.40378e-05
4.893  -0.000657347 -5.39274e-05
4.894  -0.000656277 -5.38172e-05
4.895  -0.000655208 -5.37074e-05
4.896  -0.000654142 -5.35977e-05
4.897  -0.000653078 -5.34884e-05
4.898  -0.000652016 -5.33793e-05
4.899  -0.000650956 -5.32705e-05
4.9  -0.000649898 -5.31619e-05
4.901  -0.000648842 -5.30537e-05
4.902  -0.000647788 -5.29457e-05
4.903  -0.000646736 -5.28379e-05
4.904  -0.000645686 -5.27304e-05
4.905  -0.000644638 -5.26232e-05
4.906  -0.000643592 -5.25162e-05
4.907  -0.000642548 -5.24095e-05
4.908  -0.000641506 -5.23031e-05
4.909  -0.000640466 -5.21969e-05
4.91  -0.000639429 -5.2091e-05
4.911  -0.000638393 -5.19854e-05
4.912  -0.000637359 -5.188e-05
4.913  -0.000636327 -5.17748e-05
4.914  -0.000635297 -5.16699e-05
4.915  -0.000634269 -5.15653e-05
4.916  -0.000633243 -5.14609e-05
4.917  -0.000632219 -5.13568e-05
4.918  -0.000631197 -5.12529e-05
4.919  -0.000630177 -5.11493e-05
4.92  -0.000629159 -5.1046e-05
4.921  -0.000628143 -5.09428e-05
4.922  -0.000627129 -5.084e-05
4.923  -0.000626117 -5.07374e-05
4.924  -0.000625107 -5.0635e-05
4.925  -0.000624098 -5.05329e-05
4.926  -0.000623092 -5.0431e-05
4.927  -0.000622087 -5.03294e-05
4.928  -0.000621085 -5.02281e-05
4.929  -0.000620084 -5.01269e-05
4.93  -0.000619085 -5.00261e-05
4.931  -0.000618089 -4.99254e-05
4.932  -0.000617094 -4.9825e-05
4.933  -0.000616101 -4.97249e-05
4.934  -0.00061511 -4.9625e-05