0.001 0
0.002 0
0.003 0
0.004 0
0.005 0
0.006 0
0.007 0
0.008 0
0.009 0
0.01 0
0.011 0
0.012 0
0.013 0
0.014 0
0.015 0
0.016 0
0.017 0
0.018 0
0.019 0
0.02 0
0.021 0
0.022 0
0.023 0
0.024 0
0.025 0
0.026 0
0.027 0
0.028 0
0.029 0
0.03 0
0.031 0
0.032 0
0.033 0
0.034 0
0.035 0
0.036 0
0.037 0
0.038 0
0.039 0
0.04 0
0.041 0
0.042 0
0.043 0
0.044 0
0.045 0
0.046 0
0.047 0
0.048 0
0.049 0
0.05 0
0.051 0
0.052 0
0.053 0
0.054 0
0.055 0
0.056 0
0.057 0
0.058 0
0.059 0
0.06 0
0.061 0
0.062 0
0.063 0
0.064 0
0.065 0
0.066 0
0.067 0
0.068 0
0.069 0
0.07 0
0.071 0
0.072 0
0.073 0
0.074 0
0.075 0
0.076 0
0.077 0
0.078 0
0.079 0
0.08 0
0.081 0
0.082 0
0.083 0
0.084 0
0.085 0
0.086 0
0.087 0
0.088 0
0.089 0
0.09 0
0.091 0
0.092 0
0.093 0
0.094 0
0.095 0
0.096 0
0.097 0
0.098 0
0.099 0
0.1 0
0.101 0
0.102 0
0.103 0
0.104 0
0.105 0
0.106 0
0.107 0
0.108 0
0.109 0
0.11 0
0.111 0
0.112 0
0.113 0
0.114 0
0.115 0
0.116 0
0.117 0
0.118 0
0.119 0
0.12 0
0.121 0
0.122 0
0.123 0
0.124 0
0.125 0
0.126 0
0.127 0
0.128 0
0.129 0
0.13 0
0.131 0
0.132 0
0.133 0
0.134 0
0.135 0
0.136 0
0.137 0
0.138 0
0.139 0
0.14 0
0.141 0
0.142 0
0.143 0
0.144 0
0.145 0
0.146 0
0.147 0
0.148 0
0.149 0
0.15 0
0.151 0
0.152 0
0.153 0
0.154 0
0.155 0
0.156 0
0.157 0
0.158 0
0.159 0
0.16 0
0.161 0
0.162 0
0.163 0
0.164 0
0.165 0
0.166 0
0.167 0
0.168 0
0.169 0
0.17 0
0.171 0
0.172 0
0.173 0
0.174 0
0.175 0
0.176 0
0.177 0
0.178 0
0.179 0
0.18 0
0.181 0
0.182 0
0.183 0
0.184 0
0.185 0
0.186 0
0.187 0
0.188 0
0.189 0
0.19 0
0.191 0
0.192 0
0.193 0
0.194 0
0.195 0
0.196 0
0.197 0
0.198 0
0.199 0
0.2 0
0.201 0
0.202 0
0.203 0
0.204 0
0.205 0
0.206 0
0.207 0
0.208 0
0.209 0
0.21 0
0.211 0
0.212 0
0.213 0
0.214 0
0.215 0
0.216 0
0.217 0
0.218 0
0.219 0
0.22 0
0.221 0
0.222 0
0.223 0
0.224 0
0.225 0
0.226 0
0.227 0
0.228 0
0.229 0
0.23 0
0.231 0
0.232 0
0.233 0
0.234 0
0.235 0
0.236 0
0.237 0
0.238 0
0.239 0
0.24 0
0.241 0
0.242 0
0.243 0
0.244 0
0.245 0
0.246 0
0.247 0
0.248 0
0.249 0
0.25 0
0.251 0
0.252 0
0.253 0
0.254 0
0.255 0
0.256 0
0.257 0
0.258 0
0.259 0
0.26 0
0.261 0
0.262 0
0.263 0
0.264 0
0.265 0
0.266 0
0.267 0
0.268 0
0.269 0
0.27 0
0.271 0
0.272 0
0.273 0
0.274 0
0.275 0
0.276 0
0.277 0
0.278 0
0.279 0
0.28 0
0.281 0
0.282 0
0.283 0
0.284 0
0.285 0
0.286 0
0.287 0
0.288 0
0.289 0
0.29 0
0.291 0
0.292 0
0.293 0
0.294 0
0.295 0
0.296 0
0.297 0
0.298 0
0.299 0
0.3 0
0.301 0
0.302 0
0.303 0
0.304 0
0.305 0
0.306 0
0.307 0
0.308 0
0.309 0
0.31 0
0.311 0
0.312 0
0.313 0
0.314 0
0.315 0
0.316 0
0.317 0
0.318 0
0.319 0
0.32 0
0.321 0
0.322 0
0.323 0
0.324 0
0.325 0
0.326 0
0.327 0
0.328 0
0.329 0
0.33 0
0.331 0
0.332 0
0.333 0
0.334 0
0.335 0
0.336 0
0.337 0
0.338 0
0.339 0
0.34 0
0.341 0
0.342 0
0.343 0
0.344 0
0.345 0
0.346 0
0.347 0
0.348 0
0.349 0
0.35 0
0.351 0
0.352 0
0.353 0
0.354 0
0.355 0
0.356 0
0.357 0
0.358 0
0.359 0
0.36 0
0.361 0
0.362 0
0.363 0
0.364 0
0.365 0
0.366 0
0.367 0
0.368 0
0.369 0
0.37 0
0.371 0
0.372 0
0.373 0
0.374 0
0.375 0
0.376 0
0.377 0
0.378 0
0.379 0
0.38 0
0.381 0
0.382 0
0.383 0
0.384 0
0.385 0
0.386 0
0.387 0
0.388 0
0.389 0
0.39 0
0.391 0
0.392 0
0.393 0
0.394 0
0.395 0
0.396 0
0.397 0
0.398 0
0.399 0
0.4 0
0.401 0
0.402 0
0.403 0
0.404 0
0.405 0
0.406 0
0.407 0
0.408 0
0.409 0
0.41 0
0.411 0
0.412 0
0.413 0
0.414 0
0.415 0
0.416 0
0.417 0
0.418 0
0.419 0
0.42 0
0.421 0
0.422 0
0.423 0
0.424 0
0.425 0
0.426 0
0.427 0
0.428 0
0.429 0
0.43 0
0.431 0
0.432 0
0.433 0
0.434 0
0.435 0
0.436 0
0.437 0
0.438 0
0.439 0
0.44 0
0.441 0
0.442 0
0.443 0
0.444 0
0.445 0
0.446 0
0.447 0
0.448 0
0.449 0
0.45 0
0.451 0
0.452 0
0.453 0
0.454 0
0.455 0
0.456 0
0.457 0
0.458 0
0.459 0
0.46 0
0.461 0
0.462 0
0.463 0
0.464 0
0.465 0
0.466 0
0.467 0
0.468 0
0.469 0
0.47 0
0.471 0
0.472 0
0.473 0
0.474 0
0.475 0
0.476 0
0.477 0
0.478 0
0.479 0
0.48 0
0.481 0
0.482 0
0.483 0
0.484 0
0.485 0
0.486 0
0.487 0
0.488 0
0.489 0
0.49 0
0.491 0
0.492 0
0.493 0
0.494 0
0.495 0
0.496 0
0.497 0
0.498 0
0.499 0
0.5 0
0.501 0
0.502 0
0.503 0
0.504 0
0.505 0
0.506 0
0.507 0
0.508 0
0.509 0
0.51 0
0.511 0
0.512 0
0.513 0
0.514 0
0.515 0
0.516 0
0.517 0
0.518 0
0.519 0
0.52 0
0.521 0
0.522 0
0.523 0
0.524 0
0.525 0
0.526 0
0.527 0
0.528 0
0.529 0
0.53 0
0.531 0
0.532 0
0.533 0
0.534 0
0.535 0
0.536 0
0.537 0
0.538 0
0.539 0
0.54 0
0.541 0
0.542 0
0.543 0
0.544 0
0.545 0
0.546 0
0.547 0
0.548 0
0.549 0
0.55 0
0.551 0
0.552 0
0.553 0
0.554 0
0.555 0
0.556 0
0.557 0
0.558 0
0.559 0
0.56 0
0.561 0
0.562 0
0.563 0
0.564 0
0.565 0
0.566 0
0.567 0
0.568 0
0.569 0
0.57 0
0.571 0
0.572 0
0.573 0
0.574 0
0.575 0
0.576 0
0.577 0
0.578 0
0.579 0
0.58 0
0.581 0
0.582 0
0.583 0
0.584 0
0.585 0
0.586 0
0.587 0
0.588 0
0.589 0
0.59 0
0.591 0
0.592 0
0.593 0
0.594 0
0.595 0
0.596 0
0.597 0
0.598 0
0.599 0
0.6 0
0.601 0
0.602 0
0.603 0
0.604 0
0.605 0
0.606 0
0.607 0
0.608 0
0.609 0
0.61 0
0.611 0
0.612 0
0.613 0
0.614 0
0.615 0
0.616 0
0.617 0
0.618 0
0.619 0
0.62 0
0.621 0
0.622 0
0.623 0
0.624 0
0.625 0
0.626 0
0.627 0
0.628 0
0.629 0
0.63 0
0.631 0
0.632 0
0.633 0
0.634 0
0.635 0
0.636 0
0.637 0
0.638 0
0.639 0
0.64 0
0.641 0
0.642 0
0.643 0
0.644 0
0.645 0
0.646 0
0.647 0
0.648 0
0.649 0
0.65 0
0.651 0
0.652 0
0.653 0
0.654 0
0.655 0
0.656 0
0.657 0
0.658 0
0.659 0
0.66 0
0.661 0
0.662 0
0.663 0
0.664 0
0.665 0
0.666 0
0.667 0
0.668 0
0.669 0
0.67 0
0.671 0
0.672 0
0.673 0
0.674 0
0.675 0
0.676 0
0.677 0
0.678 0
0.679 0
0.68 0
0.681 0
0.682 0
0.683 0
0.684 0
0.685 0
0.686 0
0.687 0
0.688 0
0.689 0
0.69 0
0.691 0
0.692 0
0.693 0
0.694 0
0.695 0
0.696 0
0.697 0
0.698 0
0.699 0
0.7 0
0.701 0
0.702 0
0.703 0
0.704 0
0.705 0
0.706 0
0.707 0
0.708 0
0.709 0
0.71 0
0.711 0
0.712 0
0.713 0
0.714 0
0.715 0
0.716 0
0.717 0
0.718 0
0.719 0
0.72 0
0.721 0
0.722 0
0.723 0
0.724 0
0.725 0
0.726 0
0.727 0
0.728 0
0.729 0
0.73 0
0.731 0
0.732 0
0.733 0
0.734 0
0.735 0
0.736 0
0.737 0
0.738 0
0.739 0
0.74 0
0.741 0
0.742 0
0.743 0
0.744 0
0.745 0
0.746 0
0.747 0
0.748 0
0.749 0
0.75 0
0.751 0
0.752 0
0.753 0
0.754 0
0.755 0
0.756 0
0.757 0
0.758 0
0.759 0
0.76 0
0.761 0
0.762 0
0.763 0
0.764 0
0.765 0
0.766 0
0.767 0
0.768 0
0.769 0
0.77 0
0.771 0
0.772 0
0.773 0
0.774 0
0.775 0
0.776 0
0.777 0
0.778 0
0.779 0
0.78 0
0.781 0
0.782 0
0.783 0
0.784 0
0.785 0
0.786 0
0.787 0
0.788 0
0.789 0
0.79 0
0.791 0
0.792 0
0.793 0
0.794 0
0.795 0
0.796 0
0.797 0
0.798 0
0.799 0
0.8 0
0.801 0
0.802 0
0.803 0
0.804 0
0.805 0
0.806 0
0.807 0
0.808 0
0.809 0
0.81 0
0.811 0
0.812 0
0.813 0
0.814 0
0.815 0
0.816 0
0.817 0
0.818 0
0.819 0
0.82 0
0.821 0
0.822 0
0.823 0
0.824 0
0.825 0
0.826 0
0.827 0
0.828 0
0.829 0
0.83 0
0.831 0
0.832 0
0.833 0
0.834 0
0.835 0
0.836 0
0.837 0
0.838 0
0.839 0
0.84 0
0.841 0
0.842 0
0.843 0
0.844 0
0.845 0
0.846 0
0.847 0
0.848 0
0.849 0
0.85 0
0.851 0
0.852 0
0.853 0
0.854 0
0.855 0
0.856 0
0.857 0
0.858 0
0.859 0
0.86 0
0.861 0
0.862 0
0.863 0
0.864 0
0.865 0
0.866 0
0.867 0
0.868 0
0.869 0
0.87 0
0.871 0
0.872 0
0.873 0
0.874 0
0.875 0
0.876 0
0.877 0
0.878 0
0.879 0
0.88 0
0.881 0
0.882 0
0.883 0
0.884 0
0.885 0
0.886 0
0.887 0
0.888 0
0.889 0
0.89 0
0.891 0
0.892 0
0.893 0
0.894 0
0.895 0
0.896 0
0.897 0
0.898 0
0.899 0
0.9 0
0.901 0
0.902 0
0.903 0
0.904 0
0.905 0
0.906 0
0.907 0
0.908 0
0.909 0
0.91 0
0.911 0
0.912 0
0.913 0
0.914 0
0.915 0
0.916 0
0.917 0
0.918 0
0.919 0
0.92 0
0.921 0
0.922 0
0.923 0
0.924 0
0.925 0
0.926 0
0.927 0
0.928 0
0.929 0
0.93 0
0.931 0
0.932 0
0.933 0
0.934 0
0.935 0
0.936 0
0.937 0
0.938 0
0.939 0
0.94 0
0.941 0
0.942 0
0.943 0
0.944 0
0.945 0
0.946 0
0.947 0
0.948 0
0.949 0
0.95 0
0.951 0
0.952 0
0.953 0
0.954 0
0.955 0
0.956 0
0.957 0
0.958 0
0.959 0
0.96 0
0.961 0
0.962 0
0.963 0
0.964 0
0.965 0
0.966 0
0.967 0
0.968 0
0.969 0
0.97 0
0.971 0
0.972 0
0.973 0
0.974 0
0.975 0
0.976 0
0.977 0
0.978 0
0.979 0
0.98 0
0.981 0
0.982 0
0.983 0
0.984 0
0.985 0
0.986 0
0.987 0
0.988 0
0.989 0
0.99 0
0.991 0
0.992 0
0.993 0
0.994 0
0.995 0
0.996 0
0.997 0
0.998 0
0.999 0
1 0
1.001 0
1.002 0
1.003 0
1.004 0
1.005 0
1.006 0
1.007 0
1.008 0
1.009 0
1.01 0
1.011 0
1.012 0
1.013 0
1.014 0
1.015 0
1.016 0
1.017 0
1.018 0
1.019 0
1.02 0
1.021 0
1.022 0
1.023 0
1.024 0
1.025 0
1.026 0
1.027 0
1.028 0
1.029 0
1.03 0
1.031 0
1.032 0
1.033 0
1.034 0
1.035 0
1.036 0
1.037 0
1.038 0
1.039 0
1.04 0
1.041 0
1.042 0
1.043 0
1.044 0
1.045 0
1.046 0
1.047 0
1.048 0
1.049 0
1.05 0
1.051 0
1.052 0
1.053 0
1.054 0
1.055 0
1.056 0
1.057 0
1.058 0
1.059 0
1.06 0
1.061 0
1.062 0
1.063 0
1.064 0
1.065 0
1.066 0
1.067 0
1.068 0
1.069 0
1.07 0
1.071 0
1.072 0
1.073 0
1.074 0
1.075 0
1.076 0
1.077 0
1.078 0
1.079 0
1.08 0
1.081 0
1.082 0
1.083 0
1.084 0
1.085 0
1.086 0
1.087 0
1.088 0
1.089 0
1.09 0
1.091 0
1.092 0
1.093 0
1.094 0
1.095 0
1.096 0
1.097 0
1.098 0
1.099 0
1.1 0
1.101 0
1.102 0
1.103 0
1.104 0
1.105 0
1.106 0
1.107 0
1.108 0
1.109 0
1.11 0
1.111 0
1.112 0
1.113 0
1.114 0
1.115 0
1.116 0
1.117 0
1.118 0
1.119 0
1.12 0
1.121 0
1.122 0
1.123 0
1.124 0
1.125 0
1.126 0
1.127 0
1.128 0
1.129 0
1.13 0
1.131 0
1.132 0
1.133 0
1.134 0
1.135 0
1.136 0
1.137 0
1.138 0
1.139 0
1.14 0
1.141 0
1.142 0
1.143 0
1.144 0
1.145 0
1.146 0
1.147 0
1.148 0
1.149 0
1.15 0
1.151 0
1.152 0
1.153 0
1.154 0
1.155 0
1.156 0
1.157 0
1.158 0
1.159 0
1.16 0
1.161 0
1.162 0
1.163 0
1.164 0
1.165 0
1.166 0
1.167 0
1.168 0
1.169 0
1.17 0
1.171 0
1.172 0
1.173 0
1.174 0
1.175 0
1.176 0
1.177 0
1.178 0
1.179 0
1.18 0
1.181 0
1.182 0
1.183 0
1.184 0
1.185 0
1.186 0
1.187 0
1.188 0
1.189 0
1.19 0
1.191 0
1.192 0
1.193 0
1.194 0
1.195 0
1.196 0
1.197 0
1.198 0
1.199 0
1.2 0
1.201 0
1.202 0
1.203 0
1.204 0
1.205 0
1.206 0
1.207 0
1.208 0
1.209 0
1.21 0
1.211 0
1.212 0
1.213 0
1.214 0
1.215 0
1.216 0
1.217 0
1.218 0
1.219 0
1.22 0
1.221 0
1.222 0
1.223 0
1.224 0
1.225 0
1.226 0
1.227 0
1.228 0
1.229 0
1.23 0
1.231 0
1.232 0
1.233 0
1.234 0
1.235 0
1.236 0
1.237 0
1.238 0
1.239 0
1.24 0
1.241 0
1.242 0
1.243 0
1.244 0
1.245 0
1.246 0
1.247 0
1.248 0
1.249 0
1.25 0
1.251 0
1.252 0
1.253 0
1.254 0
1.255 0
1.256 0
1.257 0
1.258 0
1.259 0
1.26 0
1.261 0
1.262 0
1.263 0
1.264 0
1.265 0
1.266 0
1.267 0
1.268 0
1.269 0
1.27 0
1.271 0
1.272 0
1.273 0
1.274 0
1.275 0
1.276 0
1.277 0
1.278 0
1.279 0
1.28 0
1.281 0
1.282 0
1.283 0
1.284 0
1.285 0
1.286 0
1.287 0
1.288 0
1.289 0
1.29 0
1.291 0
1.292 0
1.293 0
1.294 0
1.295 0
1.296 0
1.297 0
1.298 0
1.299 0
1.3 0
1.301 0
1.302 0
1.303 0
1.304 0
1.305 0
1.306 0
1.307 0
1.308 0
1.309 0
1.31 0
1.311 0
1.312 0
1.313 0
1.314 0
1.315 0
1.316 0
1.317 0
1.318 0
1.319 0
1.32 0
1.321 0
1.322 0
1.323 0
1.324 0
1.325 0
1.326 0
1.327 0
1.328 0
1.329 0
1.33 0
1.331 0
1.332 0
1.333 0
1.334 0
1.335 0
1.336 0
1.337 0
1.338 0
1.339 0
1.34 0
1.341 0
1.342 0
1.343 0
1.344 0
1.345 0
1.346 0
1.347 0
1.348 0
1.349 0
1.35 0
1.351 0
1.352 0
1.353 0
1.354 0
1.355 0
1.356 0
1.357 0
1.358 0
1.359 0
1.36 0
1.361 0
1.362 0
1.363 0
1.364 0
1.365 0
1.366 0
1.367 0
1.368 0
1.369 0
1.37 0
1.371 0
1.372 0
1.373 0
1.374 0
1.375 0
1.376 0
1.377 0
1.378 0
1.379 0
1.38 0
1.381 0
1.382 0
1.383 0
1.384 0
1.385 0
1.386 0
1.387 0
1.388 0
1.389 0
1.39 0
1.391 0
1.392 0
1.393 0
1.394 0
1.395 0
1.396 0
1.397 0
1.398 0
1.399 0
1.4 0
1.401 0
1.402 0
1.403 0
1.404 0
1.405 0
1.406 0
1.407 0
1.408 0
1.409 0
1.41 0
1.411 0
1.412 0
1.413 0
1.414 0
1.415 0
1.416 0
1.417 0
1.418 0
1.419 0
1.42 0
1.421 0
1.422 0
1.423 0
1.424 0
1.425 0
1.426 0
1.427 0
1.428 0
1.429 0
1.43 0
1.431 0
1.432 0
1.433 0
1.434 0
1.435 0
1.436 0
1.437 0
1.438 0
1.439 0
1.44 0
1.441 0
1.442 0
1.443 0
1.444 0
1.445 0
1.446 0
1.447 0
1.448 0
1.449 0
1.45 0
1.451 0
1.452 0
1.453 0
1.454 0
1.455 0
1.456 0
1.457 0
1.458 0
1.459 0
1.46 0
1.461 0
1.462 0
1.463 0
1.464 0
1.465 0
1.466 0
1.467 0
1.468 0
1.469 0
1.47 0
1.471 0
1.472 0
1.473 0
1.474 0
1.475 0
1.476 0
1.477 0
1.478 0
1.479 0
1.48 0
1.481 0
1.482 0
1.483 0
1.484 0
1.485 0
1.486 0
1.487 0
1.488 0
1.489 0
1.49 0
1.491 0
1.492 0
1.493 0
1.494 0
1.495 0
1.496 0
1.497 0
1.498 0
1.499 0
1.5 0
1.501 0
1.502 0
1.503 0
1.504 0
1.505 0
1.506 0
1.507 0
1.508 0
1.509 0
1.51 0
1.511 0
1.512 0
1.513 0
1.514 0
1.515 0
1.516 0
1.517 0
1.518 0
1.519 0
1.52 0
1.521 0
1.522 0
1.523 0
1.524 0
1.525 0
1.526 0
1.527 0
1.528 0
1.529 0
1.53 0
1.531 0
1.532 0
1.533 0
1.534 0
1.535 0
1.536 0
1.537 0
1.538 0
1.539 0
1.54 0
1.541 0
1.542 0
1.543 0
1.544 0
1.545 0
1.546 0
1.547 0
1.548 0
1.549 0
1.55 0
1.551 0
1.552 0
1.553 0
1.554 0
1.555 0
1.556 0
1.557 0
1.558 0
1.559 0
1.56 0
1.561 0
1.562 0
1.563 0
1.564 0
1.565 0
1.566 0
1.567 0
1.568 0
1.569 0
1.57 0
1.571 0
1.572 0
1.573 0
1.574 0
1.575 0
1.576 0
1.577 0
1.578 0
1.579 0
1.58 0
1.581 0
1.582 0
1.583 0
1.584 0
1.585 0
1.586 0
1.587 0
1.588 0
1.589 0
1.59 0
1.591 0
1.592 0
1.593 0
1.594 0
1.595 0
1.596 0
1.597 0
1.598 0
1.599 0
1.6 0
1.601 0
1.602 0
1.603 0
1.604 0
1.605 0
1.606 0
1.607 0
1.608 0
1.609 0
1.61 0
1.611 0
1.612 0
1.613 0
1.614 0
1.615 0
1.616 0
1.617 0
1.618 0
1.619 0
1.62 0
1.621 0
1.622 0
1.623 0
1.624 0
1.625 0
1.626 0
1.627 0
1.628 0
1.629 0
1.63 0
1.631 0
1.632 0
1.633 0
1.634 0
1.635 0
1.636 0
1.637 0
1.638 0
1.639 0
1.64 0
1.641 0
1.642 0
1.643 0
1.644 0
1.645 0
1.646 0
1.647 0
1.648 0
1.649 0
1.65 0
1.651 0
1.652 0
1.653 0
1.654 0
1.655 0
1.656 0
1.657 0
1.658 0
1.659 0
1.66 0
1.661 0
1.662 0
1.663 0
1.664 0
1.665 0
1.666 0
1.667 0
1.668 0
1.669 0
1.67 0
1.671 0
1.672 0
1.673 0
1.674 0
1.675 0
1.676 0
1.677 0
1.678 0
1.679 0
1.68 0
1.681 0
1.682 0
1.683 0
1.684 0
1.685 0
1.686 0
1.687 0
1.688 0
1.689 0
1.69 0
1.691 0
1.692 0
1.693 0
1.694 0
1.695 0
1.696 0
1.697 0
1.698 0
1.699 0
1.7 0
1.701 0
1.702 0
1.703 0
1.704 0
1.705 0
1.706 0
1.707 0
1.708 0
1.709 0
1.71 0
1.711 0
1.712 0
1.713 0
1.714 0
1.715 0
1.716 0
1.717 0
1.718 0
1.719 0
1.72 0
1.721 0
1.722 0
1.723 0
1.724 0
1.725 0
1.726 0
1.727 0
1.728 0
1.729 0
1.73 0
1.731 0
1.732 0
1.733 0
1.734 0
1.735 0
1.736 0
1.737 0
1.738 0
1.739 0
1.74 0
1.741 0
1.742 0
1.743 0
1.744 0
1.745 0
1.746 0
1.747 0
1.748 0
1.749 0
1.75 0
1.751 0
1.752 0
1.753 0
1.754 0
1.755 0
1.756 0
1.757 0
1.758 0
1.759 0
1.76 0
1.761 0
1.762 0
1.763 0
1.764 0
1.765 0
1.766 0
1.767 0
1.768 0
1.769 0
1.77 0
1.771 0
1.772 0
1.773 0
1.774 0
1.775 0
1.776 0
1.777 0
1.778 0
1.779 0
1.78 0
1.781 0
1.782 0
1.783 0
1.784 0
1.785 0
1.786 0
1.787 0
1.788 0
1.789 0
1.79 0
1.791 0
1.792 0
1.793 0
1.794 0
1.795 0
1.796 0
1.797 0
1.798 0
1.799 0
1.8 0
1.801 0
1.802 0
1.803 0
1.804 0
1.805 0
1.806 0
1.807 0
1.808 0
1.809 0
1.81 0
1.811 0
1.812 0
1.813 0
1.814 0
1.815 0
1.816 0
1.817 0
1.818 0
1.819 0
1.82 0
1.821 0
1.822 0
1.823 0
1.824 0
1.825 0
1.826 0
1.827 0
1.828 0
1.829 0
1.83 0
1.831 0
1.832 0
1.833 0
1.834 0
1.835 0
1.836 0
1.837 0
1.838 0
1.839 0
1.84 0
1.841 0
1.842 0
1.843 0
1.844 0
1.845 0
1.846 0
1.847 0
1.848 0
1.849 0
1.85 0
1.851 0
1.852 0
1.853 0
1.854 0
1.855 0
1.856 0
1.857 0
1.858 0
1.859 0
1.86 0
1.861 0
1.862 0
1.863 0
1.864 0
1.865 0
1.866 0
1.867 0
1.868 0
1.869 0
1.87 0
1.871 0
1.872 0
1.873 0
1.874 0
1.875 0
1.876 0
1.877 0
1.878 0
1.879 0
1.88 0
1.881 0
1.882 0
1.883 0
1.884 0
1.885 0
1.886 0
1.887 0
1.888 0
1.889 0
1.89 0
1.891 0
1.892 0
1.893 0
1.894 0
1.895 0
1.896 0
1.897 0
1.898 0
1.899 0
1.9 0
1.901 0
1.902 0
1.903 0
1.904 0
1.905 0
1.906 0
1.907 0
1.908 0
1.909 0
1.91 0
1.911 0
1.912 0
1.913 0
1.914 0
1.915 0
1.916 0
1.917 0
1.918 0
1.919 0
1.92 0
1.921 0
1.922 0
1.923 0
1.924 0
1.925 0
1.926 0
1.927 0
1.928 0
1.929 0
1.93 0
1.931 0
1.932 0
1.933 0
1.934 0
1.935 0
1.936 0
1.937 0
1.938 0
1.939 0
1.94 0
1.941 0
1.942 0
1.943 0
1.944 0
1.945 0
1.946 0
1.947 0
1.948 0
1.949 0
1.95 0
1.951 0
1.952 0
1.953 0
1.954 0
1.955 0
1.956 0
1.957 0
1.958 0
1.959 0
1.96 0
1.961 0
1.962 0
1.963 0
1.964 0
1.965 0
1.966 0
1.967 0
1.968 0
1.969 0
1.97 0
1.971 0
1.972 0
1.973 0
1.974 0
1.975 0
1.976 0
1.977 0
1.978 0
1.979 0
1.98 0
1.981 0
1.982 0
1.983 0
1.984 0
1.985 0
1.986 0
1.987 0
1.988 0
1.989 0
1.99 0
1.991 0
1.992 0
1.993 0
1.994 0
1.995 0
1.996 0
1.997 0
1.998 0
1.999 0
2 0
2.001 0
2.002 0
2.003 0
2.004 0
2.005 0
2.006 0
2.007 0
2.008 0
2.009 0
2.01 0
2.011 0
2.012 0
2.013 0
2.014 0
2.015 0
2.016 0
2.017 0
2.018 0
2.019 0
2.02 0
2.021 0
2.022 0
2.023 0
2.024 0
2.025 0
2.026 0
2.027 0
2.028 0
2.029 0
2.03 0
2.031 0
2.032 0
2.033 0
2.034 0
2.035 0
2.036 0
2.037 0
2.038 0
2.039 0
2.04 0
2.041 0
2.042 0
2.043 0
2.044 0
2.045 0
2.046 0
2.047 0
2.048 0
2.049 0
2.05 0
2.051 0
2.052 0
2.053 0
2.054 0
2.055 0
2.056 0
2.057 0
2.058 0
2.059 0
2.06 0
2.061 0
2.062 0
2.063 0
2.064 0
2.065 0
2.066 0
2.067 0
2.068 0
2.069 0
2.07 0
2.071 0
2.072 0
2.073 0
2.074 0
2.075 0
2.076 0
2.077 0
2.078 0
2.079 0
2.08 0
2.081 0
2.082 0
2.083 0
2.084 0
2.085 0
2.086 0
2.087 0
2.088 0
2.089 0
2.09 0
2.091 0
2.092 0
2.093 0
2.094 0
2.095 0
2.096 0
2.097 0
2.098 0
2.099 0
2.1 0
2.101 0
2.102 0
2.103 0
2.104 0
2.105 0
2.106 0
2.107 0
2.108 0
2.109 0
2.11 0
2.111 0
2.112 0
2.113 0
2.114 0
2.115 0
2.116 0
2.117 0
2.118 0
2.119 0
2.12 0
2.121 0
2.122 0
2.123 0
2.124 0
2.125 0
2.126 0
2.127 0
2.128 0
2.129 0
2.13 0
2.131 0
2.132 0
2.133 0
2.134 0
2.135 0
2.136 0
2.137 0
2.138 0
2.139 0
2.14 0
2.141 0
2.142 0
2.143 0
2.144 0
2.145 0
2.146 0
2.147 0
2.148 0
2.149 0
2.15 0
2.151 0
2.152 0
2.153 0
2.154 0
2.155 0
2.156 0
2.157 0
2.158 0
2.159 0
2.16 0
2.161 0
2.162 0
2.163 0
2.164 0
2.165 0
2.166 0
2.167 0
2.168 0
2.169 0
2.17 0
2.171 0
2.172 0
2.173 0
2.174 0
2.175 0
2.176 0
2.177 0
2.178 0
2.179 0
2.18 0
2.181 0
2.182 0
2.183 0
2.184 0
2.185 0
2.186 0
2.187 0
2.188 0
2.189 0
2.19 0
2.191 0
2.192 0
2.193 0
2.194 0
2.195 0
2.196 0
2.197 0
2.198 0
2.199 0
2.2 0
2.201 0
2.202 0
2.203 0
2.204 0
2.205 0
2.206 0
2.207 0
2.208 0
2.209 0
2.21 0
2.211 0
2.212 0
2.213 0
2.214 0
2.215 0
2.216 0
2.217 0
2.218 0
2.219 0
2.22 0
2.221 0
2.222 0
2.223 0
2.224 0
2.225 0
2.226 0
2.227 0
2.228 0
2.229 0
2.23 0
2.231 0
2.232 0
2.233 0
2.234 0
2.235 0
2.236 0
2.237 0
2.238 0
2.239 0
2.24 0
2.241 0
2.242 0
2.243 0
2.244 0
2.245 0
2.246 0
2.247 0
2.248 0
2.249 0
2.25 0
2.251 0
2.252 0
2.253 0
2.254 0
2.255 0
2.256 0
2.257 0
2.258 0
2.259 0
2.26 0
2.261 0
2.262 0
2.263 0
2.264 0
2.265 0
2.266 0
2.267 0
2.268 0
2.269 0
2.27 0
2.271 0
2.272 0
2.273 0
2.274 0
2.275 0
2.276 0
2.277 0
2.278 0
2.279 0
2.28 0
2.281 0
2.282 0
2.283 0
2.284 0
2.285 0
2.286 0
2.287 0
2.288 0
2.289 0
2.29 0
2.291 0
2.292 0
2.293 0
2.294 0
2.295 0
2.296 0
2.297 0
2.298 0
2.299 0
2.3 0
2.301 0
2.302 0
2.303 0
2.304 0
2.305 0
2.306 0
2.307 0
2.308 0
2.309 0
2.31 0
2.311 0
2.312 0
2.313 0
2.314 0
2.315 0
2.316 0
2.317 0
2.318 0
2.319 0
2.32 0
2.321 0
2.322 0
2.323 0
2.324 0
2.325 0
2.326 0
2.327 0
2.328 0
2.329 0
2.33 0
2.331 0
2.332 0
2.333 0
2.334 0
2.335 0
2.336 0
2.337 0
2.338 0
2.339 0
2.34 0
2.341 0
2.342 0
2.343 0
2.344 0
2.345 0
2.346 0
2.347 0
2.348 0
2.349 0
2.35 0
2.351 0
2.352 0
2.353 0
2.354 0
2.355 0
2.356 0
2.357 0
2.358 0
2.359 0
2.36 0
2.361 0
2.362 0
2.363 0
2.364 0
2.365 0
2.366 0
2.367 0
2.368 0
2.369 0
2.37 0
2.371 0
2.372 0
2.373 0
2.374 0
2.375 0
2.376 0
2.377 0
2.378 0
2.379 0
2.38 0
2.381 0
2.382 0
2.383 0
2.384 0
2.385 0
2.386 0
2.387 0
2.388 0
2.389 0
2.39 0
2.391 0
2.392 0
2.393 0
2.394 0
2.395 0
2.396 0
2.397 0
2.398 0
2.399 0
2.4 0
2.401 0
2.402 0
2.403 0
2.404 0
2.405 0
2.406 0
2.407 0
2.408 0
2.409 0
2.41 0
2.411 0
2.412 0
2.413 0
2.414 0
2.415 0
2.416 0
2.417 0
2.418 0
2.419 0
2.42 0
2.421 0
2.422 0
2.423 0
2.424 0
2.425 0
2.426 0
2.427 0
2.428 0
2.429 0
2.43 0
2.431 0
2.432 0
2.433 0
2.434 0
2.435 0
2.436 0
2.437 0
2.438 0
2.439 0
2.44 0
2.441 0
2.442 0
2.443 0
2.444 0
2.445 0
2.446 0
2.447 0
2.448 0
2.449 0
2.45 0
2.451 0
2.452 0
2.453 0
2.454 0
2.455 0
2.456 0
2.457 0
2.458 0
2.459 0
2.46 0
2.461 0
2.462 0
2.463 0
2.464 0
2.465 0
2.466 0
2.467 0
2.468 0
2.469 0
2.47 0
2.471 0
2.472 0
2.473 0
2.474 0
2.475 0
2.476 0
2.477 0
2.478 0
2.479 0
2.48 0
2.481 0
2.482 0
2.483 0
2.484 0
2.485 0
2.486 0
2.487 0
2.488 0
2.489 0
2.49 0
2.491 0
2.492 0
2.493 0
2.494 0
2.495 0
2.496 0
2.497 0
2.498 0
2.499 0
2.5 0
2.501 0
2.502 0
2.503 0
2.504 0
2.505 0
2.506 0
2.507 0
2.508 0
2.509 0
2.51 0
2.511 0
2.512 0
2.513 0
2.514 0
2.515 0
2.516 0
2.517 0
2.518 0
2.519 0
2.52 0
2.521 0
2.522 0
2.523 0
2.524 0
2.525 0
2.526 0
2.527 0
2.528 0
2.529 0
2.53 0
2.531 0
2.532 0
2.533 0
2.534 0
2.535 0
2.536 0
2.537 0
2.538 0
2.539 0
2.54 0
2.541 0
2.542 0
2.543 0
2.544 0
2.545 0
2.546 0
2.547 0
2.548 0
2.549 0
2.55 0
2.551 0
2.552 0
2.553 0
2.554 0
2.555 0
2.556 0
2.557 0
2.558 0
2.559 0
2.56 0
2.561 0
2.562 0
2.563 0
2.564 0
2.565 0
2.566 0
2.567 0
2.568 0
2.569 0
2.57 0
2.571 0
2.572 0
2.573 0
2.574 0
2.575 0
2.576 0
2.577 0
2.578 0
2.579 0
2.58 0
2.581 0
2.582 0
2.583 0
2.584 0
2.585 0
2.586 0
2.587 0
2.588 0
2.589 0
2.59 0
2.591 0
2.592 0
2.593 0
2.594 0
2.595 0
2.596 0
2.597 0
2.598 0
2.599 0
2.6 0
2.601 0
2.602 0
2.603 0
2.604 0
2.605 0
2.606 0
2.607 0
2.608 0
2.609 0
2.61 0
2.611 0
2.612 0
2.613 0
2.614 0
2.615 0
2.616 0
2.617 0
2.618 0
2.619 0
2.62 0
2.621 0
2.622 0
2.623 0
2.624 0
2.625 0
2.626 0
2.627 0
2.628 0
2.629 0
2.63 0
2.631 0
2.632 0
2.633 0
2.634 0
2.635 0
2.636 0
2.637 0
2.638 0
2.639 0
2.64 0
2.641 0
2.642 0
2.643 0
2.644 0
2.645 0
2.646 0
2.647 0
2.648 0
2.649 0
2.65 0
2.651 0
2.652 0
2.653 0
2.654 0
2.655 0
2.656 0
2.657 0
2.658 0
2.659 0
2.66 0
2.661 0
2.662 0
2.663 0
2.664 0
2.665 0
2.666 0
2.667 0
2.668 0
2.669 0
2.67 0
2.671 0
2.672 0
2.673 0
2.674 0
2.675 0
2.676 0
2.677 0
2.678 0
2.679 0
2.68 0
2.681 0
2.682 0
2.683 0
2.684 0
2.685 0
2.686 0
2.687 0
2.688 0
2.689 0
2.69 0
2.691 0
2.692 0
2.693 0
2.694 0
2.695 0
2.696 0
2.697 0
2.698 0
2.699 0
2.7 0
2.701 0
2.702 0
2.703 0
2.704 0
2.705 0
2.706 9.90122e-06
2.707 7.42317e-06
2.708 4.94695e-06
2.709 1.81321e-05
2.71 1.89493e-05
2.711 2.96489e-05
2.712 1.97586e-05
2.713 3.62108e-05
2.714 2.87934e-05
2.715 3.28946e-05
2.716 4.11032e-05
2.717 6.08103e-05
2.718 0.000119933
2.719 0.000154377
2.72 0.0001732
2.721 0.00019283
2.722 0.000251817
2.723 0.000272223
2.724 0.000317204
2.725 0.000393287
2.726 0.000444742
2.727 0.000517448
2.728 0.000658031
2.729 0.00070197
2.73 0.000826843
2.731 0.00086006
2.732 0.000994591
2.733 0.00117232
2.734 0.00142995
2.735 0.00170699
2.736 0.00191528
2.737 0.00199044
2.738 0.00217156
2.739 0.00257346
2.74 0.00282675
2.741 0.0033894
2.742 0.00383194
2.743 0.00398194
2.744 0.00476731
2.745 0.00522188
2.746 0.00578507
2.747 0.00662907
2.748 0.00717996
2.749 0.00816741
2.75 0.00933439
2.751 0.0100176
2.752 0.0109267
2.753 0.0120808
2.754 0.0130728
2.755 0.0144612
2.756 0.01574
2.757 0.018133
2.758 0.0195715
2.759 0.020703
2.76 0.0230965
2.761 0.0249788
2.762 0.0273601
2.763 0.0292976
2.764 0.0314438
2.765 0.0356201
2.766 0.0378981
2.767 0.0397757
2.768 0.0426821
2.769 0.0460589
2.77 0.0487699
2.771 0.0507183
2.772 0.0555456
2.773 0.059363
2.774 0.0637869
2.775 0.0666266
2.776 0.0722359
2.777 0.076061
2.778 0.0814217
2.779 0.0868429
2.78 0.0914449
2.781 0.0971098
2.782 0.102608
2.783 0.107132
2.784 0.112423
2.785 0.119069
2.786 0.124921
2.787 0.132165
2.788 0.139261
2.789 0.1458
2.79 0.153098
2.791 0.158904
2.792 0.164707
2.793 0.171643
2.794 0.179593
2.795 0.186751
2.796 0.196291
2.797 0.205406
2.798 0.214178
2.799 0.224027
2.8 0.231553
2.801 0.240507
2.802 0.251014
2.803 0.25922
2.804 0.268868
2.805 0.280032
2.806 0.289247
2.807 0.298862
2.808 0.310219
2.809 0.320545
2.81 0.330101
2.811 0.340936
2.812 0.351266
2.813 0.359765
2.814 0.371903
2.815 0.38191
2.816 0.393025
2.817 0.404266
2.818 0.416872
2.819 0.425555
2.82 0.435758
2.821 0.448125
2.822 0.457631
2.823 0.469382
2.824 0.479217
2.825 0.493463
2.826 0.504537
2.827 0.516657
2.828 0.528021
2.829 0.536399
2.83 0.550401
2.831 0.561207
2.832 0.574395
2.833 0.589814
2.834 0.598698
2.835 0.614244
2.836 0.626045
2.837 0.640233
2.838 0.652744
2.839 0.662743
2.84 0.673106
2.841 0.68326
2.842 0.693746
2.843 0.705397
2.844 0.714473
2.845 0.726095
2.846 0.742043
2.847 0.752356
2.848 0.767733
2.849 0.774396
2.85 0.789801
2.851 0.798255
2.852 0.813153
2.853 0.823816
2.854 0.835007
2.855 0.844896
2.856 0.854272
2.857 0.866334
2.858 0.879658
2.859 0.888932
2.86 0.897891
2.861 0.906573
2.862 0.915852
2.863 0.929097
2.864 0.938386
2.865 0.949505
2.866 0.962613
2.867 0.972363
2.868 0.980791
2.869 0.988487
2.87 1.0022
2.871 1.01513
2.872 1.02558
2.873 1.03104
2.874 1.04095
2.875 1.04792
2.876 1.06187
2.877 1.07148
2.878 1.07694
2.879 1.08642
2.88 1.09589
2.881 1.10869
2.882 1.11544
2.883 1.1224
2.884 1.13208
2.885 1.14504
2.886 1.15124
2.887 1.1578
2.888 1.16427
2.889 1.17153
2.89 1.1775
2.891 1.18469
2.892 1.19374
2.893 1.20311
2.894 1.2102
2.895 1.21558
2.896 1.22063
2.897 1.22322
2.898 1.23344
2.899 1.23736
2.9 1.24688
2.901 1.25729
2.902 1.2675
2.903 1.26784
2.904 1.27357
2.905 1.28219
2.906 1.29023
2.907 1.29664
2.908 1.30083
2.909 1.30827
2.91 1.31715
2.911 1.32237
2.912 1.32767
2.913 1.33457
2.914 1.34144
2.915 1.34095
2.916 1.34594
2.917 1.34989
2.918 1.35646
2.919 1.3612
2.92 1.36776
2.921 1.37266
2.922 1.37687
2.923 1.3806
2.924 1.38789
2.925 1.3862
2.926 1.38869
2.927 1.3972
2.928 1.39946
2.929 1.40075
2.93 1.40731
2.931 1.40847
2.932 1.41475
2.933 1.41902
2.934 1.42756
2.935 1.42956
2.936 1.42789
2.937 1.43137
2.938 1.43518
2.939 1.44335
2.94 1.44669
2.941 1.4468
2.942 1.44356
2.943 1.4495
2.944 1.45483
2.945 1.45718
2.946 1.45859
2.947 1.46041
2.948 1.46237
2.949 1.46985
2.95 1.47741
2.951 1.47572
2.952 1.48405
2.953 1.4813
2.954 1.48118
2.955 1.47671
2.956 1.47653
2.957 1.47453
2.958 1.47238
2.959 1.4734
2.96 1.47036
2.961 1.47271
2.962 1.47057
2.963 1.46796
2.964 1.46858
2.965 1.46686
2.966 1.47057
2.967 1.47015
2.968 1.47133
2.969 1.4734
2.97 1.47473
2.971 1.47428
2.972 1.47513
2.973 1.4696
2.974 1.46597
2.975 1.46333
2.976 1.46433
2.977 1.46415
2.978 1.46441
2.979 1.4678
2.98 1.46358
2.981 1.46505
2.982 1.4721
2.983 1.47003
2.984 1.46868
2.985 1.46887
2.986 1.46637
2.987 1.46444
2.988 1.46117
2.989 1.45997
2.99 1.46133
2.991 1.45941
2.992 1.45721
2.993 1.46037
2.994 1.46124
2.995 1.45999
2.996 1.45497
2.997 1.4589
2.998 1.45499
2.999 1.45628
3 1.4531
3.001 1.45907
3.002 1.45598
3.003 1.45243
3.004 1.45162
3.005 1.44843
3.006 1.45086
3.007 1.4489
3.008 1.44908
3.009 1.4464
3.01 1.44421
3.011 1.44541
3.012 1.44503
3.013 1.44536
3.014 1.44556
3.015 1.44508
3.016 1.44495
3.017 1.44756
3.018 1.44947
3.019 1.44503
3.02 1.44379
3.021 1.44101
3.022 1.44526
3.023 1.44668
3.024 1.44623
3.025 1.44309
3.026 1.44021
3.027 1.43918
3.028 1.44584
3.029 1.44587
3.03 1.44647
3.031 1.445
3.032 1.44544
3.033 1.4427
3.034 1.44283
3.035 1.44266
3.036 1.44248
3.037 1.44617
3.038 1.44746
3.039 1.44545
3.04 1.44348
3.041 1.43976
3.042 1.43986
3.043 1.44108
3.044 1.44224
3.045 1.44438
3.046 1.4447
3.047 1.44001
3.048 1.44058
3.049 1.44097
3.05 1.43541
3.051 1.43885
3.052 1.43771
3.053 1.43701
3.054 1.43717
3.055 1.43725
3.056 1.43588
3.057 1.43535
3.058 1.43855
3.059 1.43756
3.06 1.43809
3.061 1.4436
3.062 1.43915
3.063 1.43502
3.064 1.43532
3.065 1.43313
3.066 1.4312
3.067 1.43218
3.068 1.43479
3.069 1.43106
3.07 1.43302
3.071 1.43248
3.072 1.42633
3.073 1.42616
3.074 1.43006
3.075 1.42702
3.076 1.42803
3.077 1.42682
3.078 1.42617
3.079 1.42725
3.08 1.42768
3.081 1.42569
3.082 1.42723
3.083 1.42695
3.084 1.42577
3.085 1.42217
3.086 1.42515
3.087 1.42774
3.088 1.42325
3.089 1.42274
3.09 1.42404
3.091 1.4241
3.092 1.42531
3.093 1.42629
3.094 1.42787
3.095 1.42437
3.096 1.4231
3.097 1.42367
3.098 1.42168
3.099 1.425
3.1 1.42411
3.101 1.42142
3.102 1.41704
3.103 1.41886
3.104 1.42001
3.105 1.41648
3.106 1.42107
3.107 1.41927
3.108 1.42026
3.109 1.42072
3.11 1.41838
3.111 1.4165
3.112 1.41254
3.113 1.41172
3.114 1.41336
3.115 1.41759
3.116 1.41235
3.117 1.41608
3.118 1.41365
3.119 1.41154
3.12 1.41277
3.121 1.41453
3.122 1.41776
3.123 1.41641
3.124 1.42051
3.125 1.42056
3.126 1.41636
3.127 1.41704
3.128 1.41814
3.129 1.41354
3.13 1.41009
3.131 1.4104
3.132 1.40907
3.133 1.4139
3.134 1.41138
3.135 1.41157
3.136 1.41154
3.137 1.41226
3.138 1.40986
3.139 1.41212
3.14 1.40759
3.141 1.4046
3.142 1.40593
3.143 1.40552
3.144 1.40596
3.145 1.40725
3.146 1.40657
3.147 1.40427
3.148 1.40301
3.149 1.40139
3.15 1.40034
3.151 1.40074
3.152 1.40045
3.153 1.39921
3.154 1.39936
3.155 1.40127
3.156 1.4004
3.157 1.4004
3.158 1.39645
3.159 1.39525
3.16 1.3978
3.161 1.39566
3.162 1.39853
3.163 1.39744
3.164 1.3986
3.165 1.39259
3.166 1.39008
3.167 1.39446
3.168 1.39869
3.169 1.39491
3.17 1.39484
3.171 1.39263
3.172 1.39157
3.173 1.38948
3.174 1.38647
3.175 1.39157
3.176 1.39147
3.177 1.39448
3.178 1.39148
3.179 1.39036
3.18 1.38798
3.181 1.38788
3.182 1.38633
3.183 1.38467
3.184 1.38674
3.185 1.38692
3.186 1.38653
3.187 1.38577
3.188 1.38644
3.189 1.38856
3.19 1.38671
3.191 1.38477
3.192 1.38585
3.193 1.38638
3.194 1.38745
3.195 1.39151
3.196 1.38546
3.197 1.38889
3.198 1.38932
3.199 1.38494
3.2 1.38572
3.201 1.38733
3.202 1.38588
3.203 1.38448
3.204 1.38384
3.205 1.38537
3.206 1.38637
3.207 1.38526
3.208 1.38726
3.209 1.3906
3.21 1.38547
3.211 1.38893
3.212 1.38958
3.213 1.38981
3.214 1.3842
3.215 1.37969
3.216 1.37966
3.217 1.37969
3.218 1.38012
3.219 1.37713
3.22 1.37863
3.221 1.38062
3.222 1.37938
3.223 1.37682
3.224 1.38053
3.225 1.38386
3.226 1.38094
3.227 1.38275
3.228 1.37908
3.229 1.37842
3.23 1.37774
3.231 1.37139
3.232 1.3742
3.233 1.37149
3.234 1.37241
3.235 1.37248
3.236 1.37245
3.237 1.37356
3.238 1.3726
3.239 1.37436
3.24 1.37701
3.241 1.3728
3.242 1.37192
3.243 1.37132
3.244 1.37338
3.245 1.37432
3.246 1.37343
3.247 1.3713
3.248 1.37046
3.249 1.36986
3.25 1.36625
3.251 1.36652
3.252 1.36262
3.253 1.36356
3.254 1.3649
3.255 1.36541
3.256 1.36437
3.257 1.36672
3.258 1.36602
3.259 1.36156
3.26 1.36055
3.261 1.36092
3.262 1.36693
3.263 1.3667
3.264 1.3642
3.265 1.36796
3.266 1.36674
3.267 1.36102
3.268 1.36432
3.269 1.358
3.27 1.36013
3.271 1.36034
3.272 1.36168
3.273 1.3598
3.274 1.36176
3.275 1.36209
3.276 1.3629
3.277 1.35952
3.278 1.36231
3.279 1.3623
3.28 1.36292
3.281 1.36317
3.282 1.3619
3.283 1.36054
3.284 1.36294
3.285 1.35813
3.286 1.35721
3.287 1.35953
3.288 1.37085
3.289 1.35991
3.29 1.35648
3.291 1.3571
3.292 1.35879
3.293 1.36146
3.294 1.3611
3.295 1.35674
3.296 1.35595
3.297 1.35711
3.298 1.35844
3.299 1.35285
3.3 1.35426
3.301 1.35087
3.302 1.35213
3.303 1.35051
3.304 1.34909
3.305 1.35093
3.306 1.35017
3.307 1.35199
3.308 1.34881
3.309 1.35228
3.31 1.34742
3.311 1.35004
3.312 1.34806
3.313 1.34374
3.314 1.34397
3.315 1.34617
3.316 1.34438
3.317 1.34153
3.318 1.34256
3.319 1.34702
3.32 1.34158
3.321 1.34344
3.322 1.34359
3.323 1.33923
3.324 1.34449
3.325 1.34356
3.326 1.34168
3.327 1.34396
3.328 1.3422
3.329 1.3424
3.33 1.3444
3.331 1.34096
3.332 1.34225
3.333 1.34332
3.334 1.34124
3.335 1.34364
3.336 1.33825
3.337 1.33874
3.338 1.3358
3.339 1.33171
3.34 1.33779
3.341 1.33458
3.342 1.33469
3.343 1.33521
3.344 1.33331
3.345 1.33381
3.346 1.33127
3.347 1.33314
3.348 1.33139
3.349 1.33678
3.35 1.33669
3.351 1.33196
3.352 1.33375
3.353 1.33602
3.354 1.33243
3.355 1.3334
3.356 1.33312
3.357 1.33103
3.358 1.3291
3.359 1.33341
3.36 1.33068
3.361 1.33063
3.362 1.33401
3.363 1.33121
3.364 1.33166
3.365 1.3285
3.366 1.33003
3.367 1.32852
3.368 1.32893
3.369 1.32597
3.37 1.32746
3.371 1.33097
3.372 1.32843
3.373 1.32953
3.374 1.32719
3.375 1.32669
3.376 1.32502
3.377 1.32428
3.378 1.3287
3.379 1.32674
3.38 1.32535
3.381 1.32831
3.382 1.32449
3.383 1.32545
3.384 1.32311
3.385 1.32213
3.386 1.32152
3.387 1.32161
3.388 1.32262
3.389 1.32908
3.39 1.32683
3.391 1.32511
3.392 1.32616
3.393 1.32624
3.394 1.32719
3.395 1.32616
3.396 1.32532
3.397 1.32678
3.398 1.32461
3.399 1.31967
3.4 1.31965
3.401 1.31672
3.402 1.32132
3.403 1.32223
3.404 1.32193
3.405 1.32089
3.406 1.31771
3.407 1.31898
3.408 1.32272
3.409 1.32456
3.41 1.32203
3.411 1.31973
3.412 1.32317
3.413 1.3225
3.414 1.32384
3.415 1.32159
3.416 1.3231
3.417 1.31564
3.418 1.31821
3.419 1.31889
3.42 1.31858
3.421 1.31595
3.422 1.31975
3.423 1.31578
3.424 1.31725
3.425 1.31443
3.426 1.31417
3.427 1.31324
3.428 1.31566
3.429 1.31516
3.43 1.31586
3.431 1.31857
3.432 1.31721
3.433 1.3181
3.434 1.31244
3.435 1.31456
3.436 1.31468
3.437 1.31537
3.438 1.31731
3.439 1.31446
3.44 1.31449
3.441 1.31045
3.442 1.31414
3.443 1.31511
3.444 1.31554
3.445 1.3129
3.446 1.31256
3.447 1.31296
3.448 1.30939
3.449 1.31209
3.45 1.31096
3.451 1.31149
3.452 1.30897
3.453 1.30775
3.454 1.30597
3.455 1.30435
3.456 1.30848
3.457 1.31024
3.458 1.3078
3.459 1.30725
3.46 1.30678
3.461 1.30848
3.462 1.30687
3.463 1.30506
3.464 1.30582
3.465 1.30304
3.466 1.30468
3.467 1.30254
3.468 1.30571
3.469 1.3045
3.47 1.30361
3.471 1.30375
3.472 1.304
3.473 1.30045
3.474 1.30202
3.475 1.30446
3.476 1.30754
3.477 1.30173
3.478 1.30022
3.479 1.29895
3.48 1.29776
3.481 1.29602
3.482 1.29634
3.483 1.29841
3.484 1.29903
3.485 1.29591
3.486 1.29721
3.487 1.3009
3.488 1.29899
3.489 1.29858
3.49 1.29644
3.491 1.29905
3.492 1.29891
3.493 1.29563
3.494 1.29746
3.495 1.30351
3.496 1.2961
3.497 1.29715
3.498 1.29627
3.499 1.29759
3.5 1.29583
3.501 1.29686
3.502 1.29581
3.503 1.29525
3.504 1.29451
3.505 1.29388
3.506 1.29765
3.507 1.29535
3.508 1.29585
3.509 1.29437
3.51 1.29366
3.511 1.29379
3.512 1.29266
3.513 1.29602
3.514 1.29004
3.515 1.29084
3.516 1.28739
3.517 1.28716
3.518 1.28852
3.519 1.28587
3.52 1.28543
3.521 1.28391
3.522 1.28407
3.523 1.28737
3.524 1.28694
3.525 1.28816
3.526 1.28456
3.527 1.28381
3.528 1.28734
3.529 1.2836
3.53 1.28115
3.531 1.28354
3.532 1.28534
3.533 1.28288
3.534 1.28194
3.535 1.27972
3.536 1.28188
3.537 1.28211
3.538 1.28309
3.539 1.28293
3.54 1.27928
3.541 1.27771
3.542 1.27884
3.543 1.27829
3.544 1.27636
3.545 1.27437
3.546 1.27285
3.547 1.27064
3.548 1.27151
3.549 1.27021
3.55 1.26773
3.551 1.26889
3.552 1.26951
3.553 1.27192
3.554 1.26976
3.555 1.26921
3.556 1.2681
3.557 1.2709
3.558 1.27046
3.559 1.27179
3.56 1.27038
3.561 1.27123
3.562 1.27027
3.563 1.27052
3.564 1.27249
3.565 1.27717
3.566 1.27494
3.567 1.26868
3.568 1.2668
3.569 1.26542
3.57 1.26745
3.571 1.26806
3.572 1.26833
3.573 1.2694
3.574 1.26812
3.575 1.26968
3.576 1.26786
3.577 1.26779
3.578 1.26702
3.579 1.26805
3.58 1.26717
3.581 1.26674
3.582 1.26596
3.583 1.26431
3.584 1.26622
3.585 1.26688
3.586 1.26933
3.587 1.26697
3.588 1.26547
3.589 1.26272
3.59 1.26398
3.591 1.26151
3.592 1.25996
3.593 1.26247
3.594 1.26402
3.595 1.25974
3.596 1.25761
3.597 1.25795
3.598 1.25938
3.599 1.25973
3.6 1.25999
3.601 1.25748
3.602 1.25575
3.603 1.25627
3.604 1.25418
3.605 1.2563
3.606 1.25427
3.607 1.2599
3.608 1.25782
3.609 1.26055
3.61 1.25863
3.611 1.25822
3.612 1.25999
3.613 1.2575
3.614 1.26004
3.615 1.2573
3.616 1.2582
3.617 1.25509
3.618 1.25944
3.619 1.25835
3.62 1.25701
3.621 1.25252
3.622 1.25591
3.623 1.25515
3.624 1.25411
3.625 1.2552
3.626 1.24976
3.627 1.25117
3.628 1.25288
3.629 1.25642
3.63 1.25642
3.631 1.2542
3.632 1.25472
3.633 1.25731
3.634 1.25721
3.635 1.25663
3.636 1.25455
3.637 1.25365
3.638 1.25039
3.639 1.25189
3.64 1.2515
3.641 1.24726
3.642 1.2502
3.643 1.25219
3.644 1.2466
3.645 1.24809
3.646 1.24894
3.647 1.24653
3.648 1.24775
3.649 1.24782
3.65 1.24752
3.651 1.24992
3.652 1.24554
3.653 1.24941
3.654 1.24782
3.655 1.2488
3.656 1.24655
3.657 1.24745
3.658 1.24657
3.659 1.24949
3.66 1.2487
3.661 1.24888
3.662 1.24809
3.663 1.25008
3.664 1.24827
3.665 1.24849
3.666 1.24881
3.667 1.24409
3.668 1.2465
3.669 1.24594
3.67 1.24356
3.671 1.24785
3.672 1.24448
3.673 1.24372
3.674 1.24668
3.675 1.24372
3.676 1.24383
3.677 1.24349
3.678 1.2438
3.679 1.24319
3.68 1.23939
3.681 1.23974
3.682 1.24015
3.683 1.2415
3.684 1.24257
3.685 1.24121
3.686 1.24149
3.687 1.23679
3.688 1.23644
3.689 1.23537
3.69 1.2392
3.691 1.24161
3.692 1.23966
3.693 1.23948
3.694 1.23534
3.695 1.23701
3.696 1.24004
3.697 1.23669
3.698 1.23534
3.699 1.23765
3.7 1.2354
3.701 1.23328
3.702 1.23586
3.703 1.23991
3.704 1.23755
3.705 1.2356
3.706 1.23302
3.707 1.23217
3.708 1.23313
3.709 1.23074
3.71 1.22975
3.711 1.22787
3.712 1.22551
3.713 1.22618
3.714 1.22585
3.715 1.22578
3.716 1.22602
3.717 1.22526
3.718 1.22489
3.719 1.22215
3.72 1.22354
3.721 1.22422
3.722 1.22552
3.723 1.22267
3.724 1.22118
3.725 1.22271
3.726 1.22427
3.727 1.22428
3.728 1.22417
3.729 1.22326
3.73 1.22402
3.731 1.22393
3.732 1.22372
3.733 1.22658
3.734 1.22446
3.735 1.22167
3.736 1.2276
3.737 1.22402
3.738 1.2233
3.739 1.22172
3.74 1.22009
3.741 1.22015
3.742 1.22023
3.743 1.21905
3.744 1.21851
3.745 1.21763
3.746 1.21691
3.747 1.21776
3.748 1.21893
3.749 1.21977
3.75 1.2191
3.751 1.2178
3.752 1.21681
3.753 1.218
3.754 1.21733
3.755 1.21538
3.756 1.21793
3.757 1.21933
3.758 1.21928
3.759 1.21625
3.76 1.21544
3.761 1.21645
3.762 1.21406
3.763 1.21383
3.764 1.21263
3.765 1.21378
3.766 1.21566
3.767 1.21546
3.768 1.21373
3.769 1.21549
3.77 1.2126
3.771 1.2125
3.772 1.21459
3.773 1.21188
3.774 1.21046
3.775 1.20804
3.776 1.21309
3.777 1.20923
3.778 1.21119
3.779 1.20821
3.78 1.20849
3.781 1.2121
3.782 1.21396
3.783 1.21267
3.784 1.21518
3.785 1.20907
3.786 1.20689
3.787 1.20828
3.788 1.20982
3.789 1.21149
3.79 1.20901
3.791 1.20767
3.792 1.20858
3.793 1.2064
3.794 1.20518
3.795 1.20342
3.796 1.20223
3.797 1.20352
3.798 1.20571
3.799 1.20582
3.8 1.2054
3.801 1.20541
3.802 1.20424
3.803 1.2051
3.804 1.20202
3.805 1.20117
3.806 1.20189
3.807 1.20261
3.808 1.20178
3.809 1.20404
3.81 1.20549
3.811 1.20529
3.812 1.20495
3.813 1.20015
3.814 1.2026
3.815 1.20734
3.816 1.20503
3.817 1.2046
3.818 1.20147
3.819 1.20504
3.82 1.20195
3.821 1.20136
3.822 1.20091
3.823 1.19786
3.824 1.20055
3.825 1.20411
3.826 1.20509
3.827 1.20411
3.828 1.20472
3.829 1.2047
3.83 1.20518
3.831 1.20105
3.832 1.19972
3.833 1.20126
3.834 1.19902
3.835 1.19764
3.836 1.19843
3.837 1.19394
3.838 1.19285
3.839 1.1956
3.84 1.19539
3.841 1.19747
3.842 1.20021
3.843 1.20178
3.844 1.2011
3.845 1.19903
3.846 1.19917
3.847 1.20033
3.848 1.19935
3.849 1.19966
3.85 1.19801
3.851 1.20286
3.852 1.19847
3.853 1.2004
3.854 1.19868
3.855 1.19817
3.856 1.19828
3.857 1.20108
3.858 1.19659
3.859 1.20047
3.86 1.19667
3.861 1.19404
3.862 1.19419
3.863 1.19255
3.864 1.19148
3.865 1.1921
3.866 1.19517
3.867 1.19333
3.868 1.19257
3.869 1.19216
3.87 1.1902
3.871 1.18849
3.872 1.1876
3.873 1.18559
3.874 1.18647
3.875 1.18619
3.876 1.1855
3.877 1.18855
3.878 1.18926
3.879 1.18909
3.88 1.1888
3.881 1.18716
3.882 1.18557
3.883 1.18613
3.884 1.18897
3.885 1.18733
3.886 1.1878
3.887 1.18888
3.888 1.18497
3.889 1.18728
3.89 1.18671
3.891 1.1884
3.892 1.18863
3.893 1.18873
3.894 1.18663
3.895 1.18606
3.896 1.18233
3.897 1.18392
3.898 1.18451
3.899 1.18364
3.9 1.18129
3.901 1.18325
3.902 1.18346
3.903 1.18264
3.904 1.18425
3.905 1.18377
3.906 1.17883
3.907 1.17959
3.908 1.17481
3.909 1.17515
3.91 1.17632
3.911 1.17648
3.912 1.17283
3.913 1.17414
3.914 1.17463
3.915 1.17641
3.916 1.17514
3.917 1.17144
3.918 1.17386
3.919 1.17311
3.92 1.17377
3.921 1.17418
3.922 1.17489
3.923 1.17202
3.924 1.17109
3.925 1.1709
3.926 1.17358
3.927 1.17233
3.928 1.17159
3.929 1.1723
3.93 1.17232
3.931 1.17178
3.932 1.17135
3.933 1.16948
3.934 1.16825
3.935 1.16967
3.936 1.1714
3.937 1.17307
3.938 1.17045
3.939 1.1702
3.94 1.17018
3.941 1.17102
3.942 1.17051
3.943 1.16932
3.944 1.16867
3.945 1.16827
3.946 1.16638
3.947 1.16994
3.948 1.17247
3.949 1.17301
3.95 1.17034
3.951 1.16702
3.952 1.16499
3.953 1.16705
3.954 1.16509
3.955 1.16529
3.956 1.1669
3.957 1.1685
3.958 1.16624
3.959 1.16671
3.96 1.16779
3.961 1.16963
3.962 1.17076
3.963 1.17074
3.964 1.16928
3.965 1.16709
3.966 1.1684
3.967 1.1642
3.968 1.16699
3.969 1.16765
3.97 1.16362
3.971 1.16438
3.972 1.1637
3.973 1.16127
3.974 1.15878
3.975 1.15722
3.976 1.15995
3.977 1.15949
3.978 1.16352
3.979 1.15691
3.98 1.15953
3.981 1.16261
3.982 1.1617
3.983 1.15808
3.984 1.16163
3.985 1.16042
3.986 1.16036
3.987 1.16385
3.988 1.16024
3.989 1.16168
3.99 1.16066
3.991 1.16159
3.992 1.16106
3.993 1.1601
3.994 1.15828
3.995 1.15851
3.996 1.16047
3.997 1.15589
3.998 1.15643
3.999 1.15767
4 1.15772