4.001 1.1565
4.002 1.15806
4.003 1.16149
4.004 1.15752
4.005 1.15493
4.006 1.15622
4.007 1.15715
4.008 1.1563
4.009 1.1563
4.01 1.16025
4.011 1.15915
4.012 1.15845
4.013 1.15926
4.014 1.15473
4.015 1.15391
4.016 1.15116
4.017 1.15099
4.018 1.1519
4.019 1.15214
4.02 1.15245
4.021 1.15117
4.022 1.15132
4.023 1.15133
4.024 1.15142
4.025 1.15239
4.026 1.15013
4.027 1.14935
4.028 1.15036
4.029 1.14887
4.03 1.14727
4.031 1.1473
4.032 1.14648
4.033 1.14762
4.034 1.15075
4.035 1.15087
4.036 1.15119
4.037 1.1492
4.038 1.14617
4.039 1.1509
4.04 1.14976
4.041 1.14908
4.042 1.14582
4.043 1.14691
4.044 1.14761
4.045 1.14704
4.046 1.14437
4.047 1.14422
4.048 1.14619
4.049 1.1467
4.05 1.14705
4.051 1.1465
4.052 1.14312
4.053 1.14404
4.054 1.146
4.055 1.14506
4.056 1.14477
4.057 1.14388
4.058 1.14291
4.059 1.14158
4.06 1.14509
4.061 1.14616
4.062 1.14489
4.063 1.14216
4.064 1.14148
4.065 1.14151
4.066 1.14203
4.067 1.14276
4.068 1.14239
4.069 1.14703
4.07 1.14193
4.071 1.14125
4.072 1.13995
4.073 1.13771
4.074 1.1362
4.075 1.13677
4.076 1.13617
4.077 1.13882
4.078 1.13929
4.079 1.13683
4.08 1.13791
4.081 1.13969
4.082 1.14022
4.083 1.14196
4.084 1.13756
4.085 1.13617
4.086 1.13847
4.087 1.13864
4.088 1.13761
4.089 1.1377
4.09 1.13518
4.091 1.1349
4.092 1.13595
4.093 1.13455
4.094 1.1386
4.095 1.13729
4.096 1.13784
4.097 1.13775
4.098 1.13504
4.099 1.13464
4.1 1.13449
4.101 1.13214
4.102 1.13116
4.103 1.13083
4.104 1.13208
4.105 1.13016
4.106 1.12957
4.107 1.12749
4.108 1.12888
4.109 1.12872
4.11 1.12895
4.111 1.12982
4.112 1.12849
4.113 1.13192
4.114 1.13365
4.115 1.13517
4.116 1.13139
4.117 1.13295
4.118 1.12935
4.119 1.12878
4.12 1.12731
4.121 1.12742
4.122 1.1273
4.123 1.12841
4.124 1.1291
4.125 1.12839
4.126 1.12897
4.127 1.12938
4.128 1.12858
4.129 1.12516
4.13 1.12766
4.131 1.12512
4.132 1.1252
4.133 1.12392
4.134 1.12565
4.135 1.12354
4.136 1.1231
4.137 1.12239
4.138 1.12457
4.139 1.12378
4.14 1.12515
4.141 1.12259
4.142 1.12111
4.143 1.12121
4.144 1.12148
4.145 1.12308
4.146 1.12448
4.147 1.12459
4.148 1.12553
4.149 1.12393
4.15 1.12105
4.151 1.12146
4.152 1.12018
4.153 1.12313
4.154 1.1212
4.155 1.12067
4.156 1.12343
4.157 1.12271
4.158 1.12644
4.159 1.12176
4.16 1.12322
4.161 1.12243
4.162 1.12187
4.163 1.12183
4.164 1.12062
4.165 1.11974
4.166 1.11945
4.167 1.12039
4.168 1.12142
4.169 1.12225
4.17 1.12082
4.171 1.11987
4.172 1.1191
4.173 1.11981
4.174 1.11952
4.175 1.12308
4.176 1.12494
4.177 1.1259
4.178 1.12428
4.179 1.12097
4.18 1.11955
4.181 1.11923
4.182 1.11619
4.183 1.11775
4.184 1.11701
4.185 1.11806
4.186 1.11618
4.187 1.11637
4.188 1.11527
4.189 1.11724
4.19 1.11686
4.191 1.11908
4.192 1.11917
4.193 1.11732
4.194 1.11491
4.195 1.11384
4.196 1.11575
4.197 1.11371
4.198 1.1136
4.199 1.11324
4.2 1.11393
4.201 1.1112
4.202 1.11026
4.203 1.11045
4.204 1.11074
4.205 1.11001
4.206 1.10979
4.207 1.10755
4.208 1.11011
4.209 1.10884
4.21 1.10951
4.211 1.10776
4.212 1.10983
4.213 1.10791
4.214 1.10779
4.215 1.11039
4.216 1.11416
4.217 1.11059
4.218 1.10828
4.219 1.10906
4.22 1.10486
4.221 1.10632
4.222 1.10446
4.223 1.1043
4.224 1.10557
4.225 1.10578
4.226 1.10674
4.227 1.10614
4.228 1.10542
4.229 1.10364
4.23 1.10421
4.231 1.10295
4.232 1.10463
4.233 1.10738
4.234 1.1052
4.235 1.10257
4.236 1.10257
4.237 1.10175
4.238 1.1021
4.239 1.10616
4.24 1.10377
4.241 1.10334
4.242 1.10698
4.243 1.10827
4.244 1.10591
4.245 1.10428
4.246 1.10425
4.247 1.10353
4.248 1.10245
4.249 1.10147
4.25 1.10263
4.251 1.10185
4.252 1.10057
4.253 1.10137
4.254 1.09722
4.255 1.09904
4.256 1.09978
4.257 1.09919
4.258 1.09848
4.259 1.09841
4.26 1.09845
4.261 1.10015
4.262 1.09885
4.263 1.09736
4.264 1.09827
4.265 1.10006
4.266 1.10114
4.267 1.09973
4.268 1.09954
4.269 1.09846
4.27 1.09919
4.271 1.09732
4.272 1.10209
4.273 1.10213
4.274 1.09932
4.275 1.09393
4.276 1.09645
4.277 1.09572
4.278 1.09534
4.279 1.09594
4.28 1.09507
4.281 1.09492
4.282 1.09525
4.283 1.09729
4.284 1.0978
4.285 1.09435
4.286 1.09794
4.287 1.09588
4.288 1.09853
4.289 1.09491
4.29 1.09403
4.291 1.09543
4.292 1.09247
4.293 1.09436
4.294 1.092
4.295 1.09243
4.296 1.09151
4.297 1.09375
4.298 1.09235
4.299 1.09274
4.3 1.09155
4.301 1.08872
4.302 1.08923
4.303 1.09198
4.304 1.08924
4.305 1.09258
4.306 1.09029
4.307 1.09043
4.308 1.09132
4.309 1.0892
4.31 1.08666
4.311 1.08934
4.312 1.08879
4.313 1.08723
4.314 1.08788
4.315 1.08793
4.316 1.08927
4.317 1.0876
4.318 1.08953
4.319 1.09022
4.32 1.08936
4.321 1.08925
4.322 1.08901
4.323 1.09045
4.324 1.08762
4.325 1.08703
4.326 1.09335
4.327 1.09038
4.328 1.09049
4.329 1.08811
4.33 1.0908
4.331 1.08831
4.332 1.08718
4.333 1.08721
4.334 1.08434
4.335 1.08323
4.336 1.08428
4.337 1.088
4.338 1.08528
4.339 1.08719
4.34 1.08553
4.341 1.08421
4.342 1.08633
4.343 1.08711
4.344 1.08638
4.345 1.08558
4.346 1.086
4.347 1.0844
4.348 1.08404
4.349 1.08545
4.35 1.08399
4.351 1.08258
4.352 1.08191
4.353 1.08403
4.354 1.0835
4.355 1.08301
4.356 1.08314
4.357 1.08078
4.358 1.07951
4.359 1.08169
4.36 1.0804
4.361 1.07854
4.362 1.08023
4.363 1.08147
4.364 1.08025
4.365 1.0754
4.366 1.07711
4.367 1.07666
4.368 1.07652
4.369 1.07738
4.37 1.07594
4.371 1.07726
4.372 1.07895
4.373 1.07818
4.374 1.08031
4.375 1.0771
4.376 1.07768
4.377 1.07885
4.378 1.07966
4.379 1.07686
4.38 1.07847
4.381 1.07776
4.382 1.07811
4.383 1.07583
4.384 1.07371
4.385 1.0759
4.386 1.07706
4.387 1.0774
4.388 1.07972
4.389 1.07761
4.39 1.07397
4.391 1.07467
4.392 1.0744
4.393 1.0771
4.394 1.07637
4.395 1.0772
4.396 1.0797
4.397 1.07647
4.398 1.07552
4.399 1.07301
4.4 1.0727
4.401 1.07192
4.402 1.07343
4.403 1.07263
4.404 1.0755
4.405 1.07688
4.406 1.07279
4.407 1.07485
4.408 1.07369
4.409 1.07051
4.41 1.06955
4.411 1.07162
4.412 1.07163
4.413 1.06851
4.414 1.07107
4.415 1.07099
4.416 1.07052
4.417 1.06684
4.418 1.06647
4.419 1.06745
4.42 1.06721
4.421 1.0662
4.422 1.06965
4.423 1.06922
4.424 1.0676
4.425 1.06602
4.426 1.07036
4.427 1.06834
4.428 1.06801
4.429 1.06893
4.43 1.07169
4.431 1.07193
4.432 1.06914
4.433 1.06769
4.434 1.06683
4.435 1.07124
4.436 1.07294
4.437 1.07015
4.438 1.07019
4.439 1.06547
4.44 1.06654
4.441 1.0699
4.442 1.06535
4.443 1.06348
4.444 1.06292
4.445 1.06409
4.446 1.06583
4.447 1.06562
4.448 1.06601
4.449 1.06451
4.45 1.06367
4.451 1.0635
4.452 1.06139
4.453 1.06044
4.454 1.06184
4.455 1.06119
4.456 1.06385
4.457 1.06331
4.458 1.06621
4.459 1.06228
4.46 1.0656
4.461 1.06544
4.462 1.06499
4.463 1.06279
4.464 1.06501
4.465 1.06095
4.466 1.05941
4.467 1.06137
4.468 1.05689
4.469 1.05696
4.47 1.05626
4.471 1.05474
4.472 1.0568
4.473 1.05497
4.474 1.055
4.475 1.05537
4.476 1.05262
4.477 1.0502
4.478 1.05391
4.479 1.05522
4.48 1.05728
4.481 1.05525
4.482 1.05368
4.483 1.05375
4.484 1.05418
4.485 1.05354
4.486 1.05382
4.487 1.05142
4.488 1.05184
4.489 1.05134
4.49 1.05626
4.491 1.05955
4.492 1.05681
4.493 1.05939
4.494 1.05751
4.495 1.0567
4.496 1.05407
4.497 1.05467
4.498 1.05331
4.499 1.05426
4.5 1.056
4.501 1.05771
4.502 1.05792
4.503 1.05736
4.504 1.05574
4.505 1.05577
4.506 1.05257
4.507 1.05138
4.508 1.05389
4.509 1.05484
4.51 1.05563
4.511 1.05445
4.512 1.05532
4.513 1.05358
4.514 1.05583
4.515 1.05658
4.516 1.05633
4.517 1.05589
4.518 1.05387
4.519 1.05399
4.52 1.05352
4.521 1.05197
4.522 1.05268
4.523 1.05088
4.524 1.0534
4.525 1.05144
4.526 1.05211
4.527 1.05214
4.528 1.05355
4.529 1.05328
4.53 1.05341
4.531 1.05332
4.532 1.05213
4.533 1.05124
4.534 1.04863
4.535 1.04965
4.536 1.04931
4.537 1.04833
4.538 1.05077
4.539 1.04964
4.54 1.04799
4.541 1.04795
4.542 1.04466
4.543 1.04325
4.544 1.04639
4.545 1.04738
4.546 1.0461
4.547 1.04769
4.548 1.04462
4.549 1.04535
4.55 1.04623
4.551 1.04752
4.552 1.04614
4.553 1.04801
4.554 1.04829
4.555 1.04634
4.556 1.04714
4.557 1.046
4.558 1.04513
4.559 1.04559
4.56 1.04691
4.561 1.0461
4.562 1.04318
4.563 1.04376
4.564 1.0441
4.565 1.04278
4.566 1.04444
4.567 1.0426
4.568 1.04432
4.569 1.04598
4.57 1.04731
4.571 1.04633
4.572 1.04172
4.573 1.04247
4.574 1.04308
4.575 1.04304
4.576 1.04043
4.577 1.03919
4.578 1.04255
4.579 1.04122
4.58 1.04225
4.581 1.03938
4.582 1.039
4.583 1.0396
4.584 1.03926
4.585 1.04124
4.586 1.03761
4.587 1.03635
4.588 1.03694
4.589 1.03764
4.59 1.03929
4.591 1.03757
4.592 1.04441
4.593 1.04189
4.594 1.0389
4.595 1.0403
4.596 1.04045
4.597 1.03703
4.598 1.04021
4.599 1.03641
4.6 1.0357
4.601 1.03507
4.602 1.03403
4.603 1.03727
4.604 1.03896
4.605 1.03868
4.606 1.03664
4.607 1.03433
4.608 1.03232
4.609 1.03355
4.61 1.03459
4.611 1.03264
4.612 1.03172
4.613 1.0304
4.614 1.03305
4.615 1.03317
4.616 1.03279
4.617 1.03152
4.618 1.03309
4.619 1.03158
4.62 1.03245
4.621 1.03114
4.622 1.03314
4.623 1.03182
4.624 1.032
4.625 1.03282
4.626 1.03188
4.627 1.03501
4.628 1.03268
4.629 1.0356
4.63 1.03669
4.631 1.03345
4.632 1.03223
4.633 1.03235
4.634 1.03477
4.635 1.03323
4.636 1.03419
4.637 1.03136
4.638 1.03135
4.639 1.03237
4.64 1.0326
4.641 1.03154
4.642 1.03067
4.643 1.03022
4.644 1.03099
4.645 1.03152
4.646 1.03109
4.647 1.03317
4.648 1.03672
4.649 1.03346
4.65 1.03046
4.651 1.03417
4.652 1.03259
4.653 1.03294
4.654 1.03141
4.655 1.03101
4.656 1.02989
4.657 1.03019
4.658 1.02934
4.659 1.02981
4.66 1.03151
4.661 1.02832
4.662 1.02758
4.663 1.02646
4.664 1.02399
4.665 1.02486
4.666 1.02492
4.667 1.02639
4.668 1.02611
4.669 1.02647
4.67 1.02838
4.671 1.02693
4.672 1.027
4.673 1.02369
4.674 1.02612
4.675 1.02536
4.676 1.02673
4.677 1.02489
4.678 1.02493
4.679 1.02522
4.68 1.02343
4.681 1.02237
4.682 1.02499
4.683 1.02559
4.684 1.02565
4.685 1.0237
4.686 1.02137
4.687 1.02157
4.688 1.02446
4.689 1.0251
4.69 1.02412
4.691 1.02251
4.692 1.02227
4.693 1.02242
4.694 1.01959
4.695 1.01948
4.696 1.0184
4.697 1.0202
4.698 1.02062
4.699 1.0191
4.7 1.01787
4.701 1.02208
4.702 1.02127
4.703 1.01938
4.704 1.02039
4.705 1.01714
4.706 1.01747
4.707 1.0178
4.708 1.0196
4.709 1.01895
4.71 1.01686
4.711 1.02041
4.712 1.01987
4.713 1.02069
4.714 1.01834
4.715 1.01766
4.716 1.0163
4.717 1.01623
4.718 1.01592
4.719 1.01691
4.72 1.02135
4.721 1.02002
4.722 1.01973
4.723 1.01834
4.724 1.02061
4.725 1.02238
4.726 1.01788
4.727 1.0192
4.728 1.01998
4.729 1.0173
4.73 1.01587
4.731 1.01431
4.732 1.01438
4.733 1.01547
4.734 1.01961
4.735 1.01881
4.736 1.01773
4.737 1.01752
4.738 1.01796
4.739 1.01943
4.74 1.01897
4.741 1.0195
4.742 1.01901
4.743 1.0189
4.744 1.01616
4.745 1.01584
4.746 1.01717
4.747 1.01924
4.748 1.02048
4.749 1.01989
4.75 1.01757
4.751 1.01803
4.752 1.01796
4.753 1.01701
4.754 1.01318
4.755 1.01229
4.756 1.00882
4.757 1.01031
4.758 1.01163
4.759 1.01123
4.76 1.01216
4.761 1.01197
4.762 1.01434
4.763 1.01211
4.764 1.01322
4.765 1.01302
4.766 1.01056
4.767 1.01077
4.768 1.01151
4.769 1.01088
4.77 1.01059
4.771 1.01143
4.772 1.01128
4.773 1.0101
4.774 1.00705
4.775 1.01063
4.776 1.00958
4.777 1.00802
4.778 1.00956
4.779 1.0088
4.78 1.00648
4.781 1.00736
4.782 1.00622
4.783 1.00871
4.784 1.00814
4.785 1.00792
4.786 1.01062
4.787 1.009
4.788 1.00696
4.789 1.00648
4.79 1.00691
4.791 1.00656
4.792 1.00934
4.793 1.00706
4.794 1.00594
4.795 1.0046
4.796 1.00502
4.797 1.00625
4.798 1.00567
4.799 1.00629
4.8 1.0055
4.801 1.00426
4.802 1.00675
4.803 1.00804
4.804 1.00737
4.805 1.00549
4.806 1.00647
4.807 1.00866
4.808 1.00717
4.809 1.00599
4.81 1.00676
4.811 1.00723
4.812 1.0055
4.813 1.00323
4.814 1.00585
4.815 1.00836
4.816 1.00546
4.817 1.00701
4.818 1.00515
4.819 1.00445
4.82 1.00479
4.821 1.00262
4.822 1.00221
4.823 1.00266
4.824 1.00166
4.825 1.00271
4.826 1.0037
4.827 1.00408
4.828 1.00336
4.829 1.00397
4.83 1.00201
4.831 1.00098
4.832 1.00326
4.833 1.00331
4.834 1.00543
4.835 1.00117
4.836 1.00139
4.837 1.00336
4.838 1.00286
4.839 1.00272
4.84 1.00385
4.841 1.00327
4.842 1.00266
4.843 1.00267
4.844 1.00062
4.845 0.996219
4.846 0.996406
4.847 0.995539
4.848 0.996205
4.849 0.996169
4.85 0.995006
4.851 0.99636
4.852 0.997062
4.853 0.9964
4.854 0.999077
4.855 0.998688
4.856 1.00136
4.857 0.999526
4.858 0.997743
4.859 0.998608
4.86 0.99758
4.861 0.998289
4.862 1.00012
4.863 1.00094
4.864 1.00039
4.865 0.997473
4.866 0.997803
4.867 0.998935
4.868 0.996995
4.869 0.997577
4.87 0.997955
4.871 0.997894
4.872 0.998844
4.873 0.999014
4.874 0.997794
4.875 0.997969
4.876 0.994441
4.877 0.995897
4.878 0.99486
4.879 0.994829
4.88 0.995614
4.881 0.993548
4.882 0.991544
4.883 0.992765
4.884 0.995239
4.885 0.995145
4.886 0.996714
4.887 0.996412
4.888 0.994533
4.889 0.992938
4.89 0.992623
4.891 0.992842
4.892 0.995017
4.893 0.994879
4.894 0.995035
4.895 0.994416
4.896 0.994324
4.897 0.994189
4.898 0.99502
4.899 0.997451
4.9 0.998763
4.901 0.997465
4.902 0.997491
4.903 0.995908
4.904 0.996701
4.905 0.996748
4.906 0.997081
4.907 0.995046
4.908 0.995215
4.909 0.992187
4.91 0.992592
4.911 0.994267
4.912 0.990217
4.913 0.990887
4.914 0.991506
4.915 0.992711
4.916 0.995113
4.917 0.99445
4.918 0.993206
4.919 0.994283
4.92 0.996448
4.921 0.996241
4.922 0.993493
4.923 0.991981
4.924 0.991452
4.925 0.992487
4.926 0.991209
4.927 0.992627
4.928 0.993117
4.929 0.993889
4.93 0.994071
4.931 0.990188
4.932 0.98887
4.933 0.988598
4.934 0.987674
4.935 0.988386
4.936 0.988097
4.937 0.988831
4.938 0.988958
4.939 0.987777
4.94 0.987148
4.941 0.986207
4.942 0.983885
4.943 0.984842
4.944 0.985251
4.945 0.985134
4.946 0.984272
4.947 0.985375
4.948 0.98489
4.949 0.987682
4.95 0.985487
4.951 0.986108
4.952 0.985545
4.953 0.987625
4.954 0.986464
4.955 0.989178
4.956 0.985594
4.957 0.985137
4.958 0.985643
4.959 0.985865
4.96 0.987356
4.961 0.987284
4.962 0.98724
4.963 0.986335
4.964 0.987159
4.965 0.984591
4.966 0.987726
4.967 0.987993
4.968 0.984139
4.969 0.984446
4.97 0.986718
4.971 0.987419
4.972 0.989321
4.973 0.988201
4.974 0.987869
4.975 0.984717
4.976 0.985088
4.977 0.98361
4.978 0.98363
4.979 0.985454
4.98 0.986735
4.981 0.986467
4.982 0.987495
4.983 0.985123
4.984 0.984686
4.985 0.988752
4.986 0.987377
4.987 0.984638
4.988 0.98635
4.989 0.986453
4.99 0.986825
4.991 0.985298
4.992 0.98717
4.993 0.98677
4.994 0.985553
4.995 0.984947
4.996 0.985396
4.997 0.990514
4.998 0.987309
4.999 0.987459
5 0.987647
5.001 0.986639
5.002 0.988377
5.003 0.985089
5.004 0.984326
5.005 0.987338
5.006 0.987341
5.007 0.987295
5.008 0.989067
5.009 0.990557
5.01 0.987701
5.011 0.985591
5.012 0.989094
5.013 0.987335
5.014 0.985342
5.015 0.984761
5.016 0.982342
5.017 0.983522
5.018 0.9834
5.019 0.981898
5.02 0.980916
5.021 0.980596
5.022 0.9841
5.023 0.986483
5.024 0.987118
5.025 0.985005
5.026 0.984828
5.027 0.985157
5.028 0.986932
5.029 0.988393
5.03 0.98807
5.031 0.987745
5.032 0.98724
5.033 0.985318
5.034 0.985096
5.035 0.985654
5.036 0.984987
5.037 0.982471
5.038 0.982591
5.039 0.983886
5.04 0.982903
5.041 0.98467
5.042 0.98171
5.043 0.985013
5.044 0.982631
5.045 0.981748
5.046 0.980696
5.047 0.981137
5.048 0.982158
5.049 0.981374
5.05 0.983681
5.051 0.982412
5.052 0.979519
5.053 0.979038
5.054 0.977539
5.055 0.978084
5.056 0.976709
5.057 0.977101
5.058 0.974621
5.059 0.974611
5.06 0.976412
5.061 0.977195
5.062 0.978368
5.063 0.981379
5.064 0.982769
5.065 0.98202
5.066 0.979415
5.067 0.978014
5.068 0.977772
5.069 0.980313
5.07 0.979243
5.071 0.978995
5.072 0.97677
5.073 0.977193
5.074 0.98032
5.075 0.980232
5.076 0.982071
5.077 0.977424
5.078 0.978234
5.079 0.975402
5.08 0.975257
5.081 0.976799
5.082 0.975537
5.083 0.977011
5.084 0.977228
5.085 0.979256
5.086 0.978861
5.087 0.977007
5.088 0.975073
5.089 0.978082
5.09 0.975966
5.091 0.978493
5.092 0.97813
5.093 0.980417
5.094 0.97944
5.095 0.976597
5.096 0.976044
5.097 0.979515
5.098 0.974499
5.099 0.976823
5.1 0.976709
5.101 0.971907
5.102 0.97274
5.103 0.971724
5.104 0.973118
5.105 0.974257
5.106 0.97628
5.107 0.9741
5.108 0.974945
5.109 0.977991
5.11 0.974395
5.111 0.972728
5.112 0.972347
5.113 0.971383
5.114 0.971201
5.115 0.972198
5.116 0.970674
5.117 0.973137
5.118 0.974055
5.119 0.970856
5.12 0.970409
5.121 0.97394
5.122 0.972046
5.123 0.973666
5.124 0.973459
5.125 0.972437
5.126 0.974706
5.127 0.972306
5.128 0.97215
5.129 0.972166
5.13 0.97032
5.131 0.971655
5.132 0.970601
5.133 0.970253
5.134 0.969424
5.135 0.970594
5.136 0.969167
5.137 0.967413
5.138 0.966998
5.139 0.96765
5.14 0.968436
5.141 0.967818
5.142 0.967275
5.143 0.970387
5.144 0.969488
5.145 0.968373
5.146 0.968056
5.147 0.970597
5.148 0.970423
5.149 0.970632
5.15 0.968538
5.151 0.969574
5.152 0.968575
5.153 0.97039
5.154 0.973841
5.155 0.974795
5.156 0.977115
5.157 0.972909
5.158 0.973292
5.159 0.972117
5.16 0.97159
5.161 0.969476
5.162 0.967825
5.163 0.969063
5.164 0.96952
5.165 0.969038
5.166 0.972619
5.167 0.968709
5.168 0.969903
5.169 0.968428
5.17 0.971169
5.171 0.96792
5.172 0.968378
5.173 0.967182
5.174 0.965646
5.175 0.964294
5.176 0.969301
5.177 0.969597
5.178 0.971184
5.179 0.966974
5.18 0.966929
5.181 0.968654
5.182 0.966575
5.183 0.967693
5.184 0.964128
5.185 0.965773
5.186 0.965596
5.187 0.966199
5.188 0.967075
5.189 0.969028
5.19 0.967952
5.191 0.966554
5.192 0.964564
5.193 0.966483
5.194 0.96748
5.195 0.966974
5.196 0.966339
5.197 0.966826
5.198 0.970075
5.199 0.965395
5.2 0.966022
5.201 0.969309
5.202 0.969097
5.203 0.969382
5.204 0.967997
5.205 0.969436
5.206 0.969113
5.207 0.966496
5.208 0.967667
5.209 0.969439
5.21 0.967341
5.211 0.967091
5.212 0.963746
5.213 0.963583
5.214 0.961209
5.215 0.959426
5.216 0.964972
5.217 0.963993
5.218 0.963867
5.219 0.964449
5.22 0.964706
5.221 0.961851
5.222 0.961763
5.223 0.962703
5.224 0.963979
5.225 0.963501
5.226 0.963288
5.227 0.96066
5.228 0.964886
5.229 0.962664
5.23 0.963955
5.231 0.962554
5.232 0.964585
5.233 0.961294
5.234 0.963065
5.235 0.962614
5.236 0.962029
5.237 0.961132
5.238 0.959099
5.239 0.959922
5.24 0.961052
5.241 0.957732
5.242 0.961478
5.243 0.959993
5.244 0.959387
5.245 0.958825
5.246 0.957009
5.247 0.960855
5.248 0.959949
5.249 0.959183
5.25 0.956771
5.251 0.960113
5.252 0.959689
5.253 0.958963
5.254 0.958991
5.255 0.961763
5.256 0.961205
5.257 0.960188
5.258 0.960689
5.259 0.961007
5.26 0.962909
5.261 0.961999
5.262 0.962168
5.263 0.958549
5.264 0.958152
5.265 0.958883
5.266 0.959236
5.267 0.957859
5.268 0.95663
5.269 0.957988
5.27 0.955933
5.271 0.955707
5.272 0.958161
5.273 0.95506
5.274 0.95628
5.275 0.95581
5.276 0.956806
5.277 0.956319
5.278 0.957314
5.279 0.958497
5.28 0.960169
5.281 0.959432
5.282 0.960651
5.283 0.96215
5.284 0.961581
5.285 0.95955
5.286 0.961194
5.287 0.961541
5.288 0.959007
5.289 0.963896
5.29 0.964027
5.291 0.960349
5.292 0.959167
5.293 0.958428
5.294 0.955685
5.295 0.958423
5.296 0.955428
5.297 0.953743
5.298 0.954302
5.299 0.954833
5.3 0.955921
5.301 0.953646
5.302 0.953856
5.303 0.953371
5.304 0.95347
5.305 0.95388
5.306 0.955476
5.307 0.955557
5.308 0.954673
5.309 0.953429
5.31 0.953481
5.311 0.953369
5.312 0.952775
5.313 0.953255
5.314 0.956628
5.315 0.955417
5.316 0.95549
5.317 0.954178
5.318 0.95559
5.319 0.956019
5.32 0.955289
5.321 0.954969
5.322 0.954061
5.323 0.953478
5.324 0.956989
5.325 0.955731
5.326 0.956242
5.327 0.954265
5.328 0.954285
5.329 0.955956
5.33 0.956231
5.331 0.954348
5.332 0.953376
5.333 0.955529
5.334 0.953481
5.335 0.953905
5.336 0.951992
5.337 0.954091
5.338 0.952999
5.339 0.954368
5.34 0.953775
5.341 0.953466
5.342 0.956079
5.343 0.954237
5.344 0.954471
5.345 0.955004
5.346 0.95408
5.347 0.952998
5.348 0.952495
5.349 0.950409
5.35 0.949492
5.351 0.950168
5.352 0.949616
5.353 0.949191
5.354 0.951309
5.355 0.950529
5.356 0.951941
5.357 0.955204
5.358 0.957641
5.359 0.95429
5.36 0.953784
5.361 0.954447
5.362 0.954348
5.363 0.954546
5.364 0.955503
5.365 0.955491
5.366 0.956305
5.367 0.955646
5.368 0.952893
5.369 0.9545
5.37 0.953282
5.371 0.953432
5.372 0.954915
5.373 0.95533
5.374 0.955487
5.375 0.956778
5.376 0.955222
5.377 0.952343
5.378 0.951938
5.379 0.953191
5.38 0.953794
5.381 0.951952
5.382 0.954818
5.383 0.95348
5.384 0.954155
5.385 0.953807
5.386 0.954133
5.387 0.953575
5.388 0.952593
5.389 0.950748
5.39 0.950843
5.391 0.951191
5.392 0.950105
5.393 0.952076
5.394 0.951126
5.395 0.951299
5.396 0.950433
5.397 0.951694
5.398 0.950707
5.399 0.950336
5.4 0.950174
5.401 0.947149
5.402 0.950123
5.403 0.953698
5.404 0.949781
5.405 0.950303
5.406 0.948983
5.407 0.947973
5.408 0.949729
5.409 0.9489
5.41 0.949583
5.411 0.951957
5.412 0.949916
5.413 0.946477
5.414 0.948298
5.415 0.948575
5.416 0.949161
5.417 0.948431
5.418 0.947039
5.419 0.949575
5.42 0.950987
5.421 0.95239
5.422 0.949672
5.423 0.948243
5.424 0.950154
5.425 0.94916
5.426 0.947989
5.427 0.948381
5.428 0.949081
5.429 0.950039
5.43 0.949683
5.431 0.949766
5.432 0.949283
5.433 0.950681
5.434 0.949227
5.435 0.950447
5.436 0.951403
5.437 0.951554
5.438 0.952254
5.439 0.953362
5.44 0.952606
5.441 0.952971
5.442 0.952709
5.443 0.951976
5.444 0.951443
5.445 0.951024
5.446 0.950539
5.447 0.951907
5.448 0.95001
5.449 0.95226
5.45 0.950729
5.451 0.947983
5.452 0.952474
5.453 0.950495
5.454 0.950588
5.455 0.949467
5.456 0.950874
5.457 0.950269
5.458 0.948899
5.459 0.94828
5.46 0.950117
5.461 0.952011
5.462 0.950493
5.463 0.951148
5.464 0.950905
5.465 0.950713
5.466 0.95151
5.467 0.949952
5.468 0.9488
5.469 0.952744
5.47 0.951181
5.471 0.949735
5.472 0.94935
5.473 0.950292
5.474 0.951637
5.475 0.951478
5.476 0.950447
5.477 0.950491
5.478 0.949929
5.479 0.950603
5.48 0.949868
5.481 0.948747
5.482 0.948993
5.483 0.952024
5.484 0.948579
5.485 0.949007
5.486 0.951356
5.487 0.949843
5.488 0.949609
5.489 0.949402
5.49 0.948713
5.491 0.948999
5.492 0.949678
5.493 0.949944
5.494 0.9495
5.495 0.949347
5.496 0.947315
5.497 0.948561
5.498 0.947441
5.499 0.948549
5.5 0.947908
5.501 0.948262
5.502 0.949198
5.503 0.950359
5.504 0.952141
5.505 0.950782
5.506 0.950101
5.507 0.94828
5.508 0.947497
5.509 0.947733
5.51 0.947654
5.511 0.947225
5.512 0.946419
5.513 0.946572
5.514 0.947741
5.515 0.947441
5.516 0.948285
5.517 0.946319
5.518 0.946423
5.519 0.94768
5.52 0.948409
5.521 0.949149
5.522 0.951505
5.523 0.949315
5.524 0.951896
5.525 0.950086
5.526 0.950718
5.527 0.951893
5.528 0.95135
5.529 0.95051
5.53 0.949809
5.531 0.950942
5.532 0.950164
5.533 0.950304
5.534 0.950475
5.535 0.951279
5.536 0.951015
5.537 0.951209
5.538 0.94765
5.539 0.950099
5.54 0.948515
5.541 0.950501
5.542 0.949647
5.543 0.949969
5.544 0.946557
5.545 0.949218
5.546 0.949324
5.547 0.949952
5.548 0.95034
5.549 0.949173
5.55 0.950564
5.551 0.9501
5.552 0.949222
5.553 0.950568
5.554 0.949114
5.555 0.950375
5.556 0.949508
5.557 0.949359
5.558 0.947658
5.559 0.945465
5.56 0.947166
5.561 0.948639
5.562 0.946887
5.563 0.948064
5.564 0.950251
5.565 0.949771
5.566 0.950572
5.567 0.951829
5.568 0.951202
5.569 0.950587
5.57 0.947607
5.571 0.947226
5.572 0.9497
5.573 0.948906
5.574 0.949499
5.575 0.949091
5.576 0.94999
5.577 0.948433
5.578 0.94952
5.579 0.949069
5.58 0.949199
5.581 0.947438
5.582 0.94725
5.583 0.94907
5.584 0.946839
5.585 0.948803
5.586 0.950666
5.587 0.947574
5.588 0.946921
5.589 0.950311
5.59 0.948053
5.591 0.949543
5.592 0.949105
5.593 0.947749
5.594 0.949821
5.595 0.949643
5.596 0.949804
5.597 0.949521
5.598 0.948404
5.599 0.947382
5.6 0.947958
5.601 0.949578
5.602 0.948362
5.603 0.947501
5.604 0.948078
5.605 0.950817
5.606 0.949507
5.607 0.946664
5.608 0.94496
5.609 0.944406
5.61 0.945601
5.611 0.944629
5.612 0.94862
5.613 0.949092
5.614 0.948211
5.615 0.948084
5.616 0.951242
5.617 0.949039
5.618 0.948606
5.619 0.95012
5.62 0.950092
5.621 0.950062
5.622 0.948843
5.623 0.949851
5.624 0.948676
5.625 0.946328
5.626 0.945752
5.627 0.945362
5.628 0.946827
5.629 0.945707
5.63 0.946808
5.631 0.946676
5.632 0.947072
5.633 0.948708
5.634 0.948719
5.635 0.946758
5.636 0.946884
5.637 0.947576
5.638 0.944889
5.639 0.94554
5.64 0.946886
5.641 0.946824
5.642 0.946165
5.643 0.948172
5.644 0.948538
5.645 0.94795
5.646 0.947972
5.647 0.947349
5.648 0.946453
5.649 0.945137
5.65 0.946652
5.651 0.947628
5.652 0.946963
5.653 0.947553
5.654 0.948271
5.655 0.94945
5.656 0.949606
5.657 0.951121
5.658 0.951413
5.659 0.951556
5.66 0.95213
5.661 0.952995
5.662 0.953761
5.663 0.952201
5.664 0.951907
5.665 0.94981
5.666 0.949859
5.667 0.949306
5.668 0.94929
5.669 0.94848
5.67 0.948293
5.671 0.950943
5.672 0.95038
5.673 0.949854
5.674 0.949179
5.675 0.949576
5.676 0.948648
5.677 0.949096
5.678 0.949192
5.679 0.950855
5.68 0.951082
5.681 0.952396
5.682 0.952321
5.683 0.951721
5.684 0.949879
5.685 0.951915
5.686 0.950126
5.687 0.952089
5.688 0.952476
5.689 0.952949
5.69 0.955251
5.691 0.95204
5.692 0.949013
5.693 0.947592
5.694 0.948471
5.695 0.948288
5.696 0.947119
5.697 0.948466
5.698 0.947732
5.699 0.950303
5.7 0.950409
5.701 0.948276
5.702 0.947989
5.703 0.951017
5.704 0.953716
5.705 0.95173
5.706 0.950615
5.707 0.95108
5.708 0.950695
5.709 0.950143
5.71 0.953412
5.711 0.951552
5.712 0.951398
5.713 0.9526
5.714 0.956685
5.715 0.955359
5.716 0.953919
5.717 0.953669
5.718 0.953303
5.719 0.954935
5.72 0.956983
5.721 0.955465
5.722 0.954631
5.723 0.955835
5.724 0.95401
5.725 0.952695
5.726 0.955253
5.727 0.95386
5.728 0.955601
5.729 0.957618
5.73 0.95774
5.731 0.955302
5.732 0.954848
5.733 0.956258
5.734 0.954869
5.735 0.9551
5.736 0.956281
5.737 0.955324
5.738 0.957378
5.739 0.955093
5.74 0.954918
5.741 0.956073
5.742 0.953881
5.743 0.954236
5.744 0.952277
5.745 0.954369
5.746 0.954996
5.747 0.953125
5.748 0.951826
5.749 0.954954
5.75 0.956834
5.751 0.955477
5.752 0.957382
5.753 0.955118
5.754 0.959366
5.755 0.955626
5.756 0.955701
5.757 0.955841
5.758 0.955714
5.759 0.957699
5.76 0.954989
5.761 0.956621
5.762 0.956267
5.763 0.957699
5.764 0.957523
5.765 0.956779
5.766 0.955511
5.767 0.956812
5.768 0.954634
5.769 0.958078
5.77 0.960478
5.771 0.958066
5.772 0.960449
5.773 0.958298
5.774 0.959558
5.775 0.958805
5.776 0.959008
5.777 0.956771
5.778 0.959748
5.779 0.959948
5.78 0.961466
5.781 0.962746
5.782 0.961207
5.783 0.961109
5.784 0.959252
5.785 0.959637
5.786 0.955982
5.787 0.957258
5.788 0.961432
5.789 0.960609
5.79 0.958329
5.791 0.960757
5.792 0.958805
5.793 0.959628
5.794 0.959039
5.795 0.961259
5.796 0.961682
5.797 0.960346
5.798 0.962897
5.799 0.962808
5.8 0.962302
5.801 0.962099
5.802 0.961607
5.803 0.961944
5.804 0.960702
5.805 0.962082
5.806 0.960541
5.807 0.963599
5.808 0.962722
5.809 0.964285
5.81 0.964905
5.811 0.967304
5.812 0.966163
5.813 0.965895
5.814 0.967088
5.815 0.969876
5.816 0.96836
5.817 0.966812
5.818 0.966608
5.819 0.9667
5.82 0.968106
5.821 0.969175
5.822 0.967241
5.823 0.965503
5.824 0.965997
5.825 0.965483
5.826 0.964989
5.827 0.966102
5.828 0.965113
5.829 0.961462
5.83 0.965106
5.831 0.967602
5.832 0.966846
5.833 0.964346
5.834 0.965292
5.835 0.9661
5.836 0.963989
5.837 0.964896
5.838 0.964103
5.839 0.964773
5.84 0.963857
5.841 0.9654
5.842 0.967637
5.843 0.964937
5.844 0.965925
5.845 0.963767
5.846 0.966778
5.847 0.966741
5.848 0.968428
5.849 0.966201
5.85 0.967093
5.851 0.964674
5.852 0.966548
5.853 0.965538
5.854 0.965939
5.855 0.966371
5.856 0.965728
5.857 0.966429
5.858 0.969003
5.859 0.968341
5.86 0.969568
5.861 0.968557
5.862 0.968247
5.863 0.96641
5.864 0.965615
5.865 0.967177
5.866 0.965672
5.867 0.963031
5.868 0.964528
5.869 0.966402
5.87 0.968713
5.871 0.967989
5.872 0.967496
5.873 0.965975
5.874 0.965908
5.875 0.966663
5.876 0.966901
5.877 0.967073
5.878 0.968782
5.879 0.967934
5.88 0.966616
5.881 0.968875
5.882 0.969047
5.883 0.968545
5.884 0.969324
5.885 0.970159
5.886 0.97337
5.887 0.972618
5.888 0.972238
5.889 0.970788
5.89 0.96911
5.891 0.969001
5.892 0.968667
5.893 0.969749
5.894 0.966776
5.895 0.96951
5.896 0.968927
5.897 0.970423
5.898 0.968778
5.899 0.968036
5.9 0.967005
5.901 0.974091
5.902 0.968947
5.903 0.967719
5.904 0.968256
5.905 0.969114
5.906 0.969632
5.907 0.969788
5.908 0.97221
5.909 0.970322
5.91 0.968362
5.911 0.971123
5.912 0.971064
5.913 0.971495
5.914 0.970369
5.915 0.970665
5.916 0.970211
5.917 0.969505
5.918 0.969544
5.919 0.969138
5.92 0.970513
5.921 0.969041
5.922 0.969659
5.923 0.96656
5.924 0.967026
5.925 0.96883
5.926 0.966923
5.927 0.965106
5.928 0.965845
5.929 0.968383
5.93 0.967821
5.931 0.967068
5.932 0.96819
5.933 0.967614
5.934 0.966059
5.935 0.967891
5.936 0.969595
5.937 0.970125
5.938 0.969624
5.939 0.970215
5.94 0.967852
5.941 0.968643
5.942 0.969746
5.943 0.970849
5.944 0.96881
5.945 0.967388
5.946 0.966299
5.947 0.969577
5.948 0.967964
5.949 0.967814
5.95 0.969483
5.951 0.970922
5.952 0.971737
5.953 0.970898
5.954 0.971041
5.955 0.97025
5.956 0.971058
5.957 0.969632
5.958 0.970317
5.959 0.972205
5.96 0.972238
5.961 0.971152
5.962 0.973195
5.963 0.973789
5.964 0.973231
5.965 0.972391
5.966 0.972853
5.967 0.970821
5.968 0.971627
5.969 0.97597
5.97 0.975357
5.971 0.974176
5.972 0.974037
5.973 0.971545
5.974 0.975832
5.975 0.973865
5.976 0.971655
5.977 0.972687
5.978 0.974757
5.979 0.973364
5.98 0.974684
5.981 0.972514
5.982 0.974627
5.983 0.975246
5.984 0.978096
5.985 0.977089
5.986 0.97661
5.987 0.977995
5.988 0.976225
5.989 0.975167
5.99 0.97603
5.991 0.974396
5.992 0.971803
5.993 0.973265
5.994 0.972476
5.995 0.973664
5.996 0.974831
5.997 0.975662
5.998 0.976855
5.999 0.975379
6 0.976293
6.001 0.975258
6.002 0.975896
6.003 0.974744
6.004 0.975289
6.005 0.974234
6.006 0.973225
6.007 0.972763
6.008 0.975127
6.009 0.974914
6.01 0.975123
6.011 0.97369
6.012 0.971968
6.013 0.974755
6.014 0.972479
6.015 0.975086
6.016 0.978243
6.017 0.978444
6.018 0.97676
6.019 0.974679
6.02 0.975019
6.021 0.977404
6.022 0.976915
6.023 0.978204
6.024 0.976319
6.025 0.978373
6.026 0.981464
6.027 0.978477
6.028 0.979568
6.029 0.98262
6.03 0.980406
6.031 0.980215
6.032 0.97925
6.033 0.978897
6.034 0.97998
6.035 0.977462
6.036 0.979336
6.037 0.978813
6.038 0.97905
6.039 0.978893
6.04 0.979501
6.041 0.980374
6.042 0.977057
6.043 0.977177
6.044 0.97848
6.045 0.977409
6.046 0.978145
6.047 0.978756
6.048 0.976322
6.049 0.976193
6.05 0.976804
6.051 0.976472
6.052 0.979136
6.053 0.980691
6.054 0.979893
6.055 0.980071
6.056 0.982014
6.057 0.981233
6.058 0.980027
6.059 0.978921
6.06 0.981548
6.061 0.981403
6.062 0.981753
6.063 0.982423
6.064 0.981166
6.065 0.980876
6.066 0.977574
6.067 0.978023
6.068 0.977251
6.069 0.980184
6.07 0.978481
6.071 0.97774
6.072 0.97755
6.073 0.978752
6.074 0.978263
6.075 0.978512
6.076 0.978004
6.077 0.979505
6.078 0.979026
6.079 0.978938
6.08 0.981293
6.081 0.980135
6.082 0.979743
6.083 0.981015
6.084 0.981335
6.085 0.980649
6.086 0.980967
6.087 0.980101
6.088 0.977922
6.089 0.979682
6.09 0.982344
6.091 0.982433
6.092 0.980832
6.093 0.981287
6.094 0.97891
6.095 0.979079
6.096 0.98041
6.097 0.980379
6.098 0.980097
6.099 0.979408
6.1 0.979651
6.101 0.981321
6.102 0.983342
6.103 0.982265
6.104 0.980509
6.105 0.979216
6.106 0.980117
6.107 0.978626
6.108 0.977307
6.109 0.977629
6.11 0.978191
6.111 0.979201
6.112 0.980011
6.113 0.979011
6.114 0.979701
6.115 0.980855
6.116 0.983184
6.117 0.983775
6.118 0.982926
6.119 0.981118
6.12 0.98293
6.121 0.98251
6.122 0.984841
6.123 0.983245
6.124 0.981621
6.125 0.9834
6.126 0.983453
6.127 0.984865
6.128 0.982588
6.129 0.982835
6.13 0.983083
6.131 0.984062
6.132 0.984307
6.133 0.982203
6.134 0.980882
6.135 0.97981
6.136 0.98023
6.137 0.983095
6.138 0.983648
6.139 0.982688
6.14 0.984315
6.141 0.983801
6.142 0.983498
6.143 0.983953
6.144 0.984269
6.145 0.986565
6.146 0.988309
6.147 0.9867
6.148 0.985887
6.149 0.986604
6.15 0.985967
6.151 0.98866
6.152 0.987964
6.153 0.987695
6.154 0.984817
6.155 0.985781
6.156 0.984981
6.157 0.984089
6.158 0.986902
6.159 0.987995
6.16 0.987318
6.161 0.983271
6.162 0.983485
6.163 0.984083
6.164 0.986828
6.165 0.98663
6.166 0.986836
6.167 0.986863
6.168 0.9833
6.169 0.982662
6.17 0.986018
6.171 0.987429
6.172 0.984983
6.173 0.983102
6.174 0.985855
6.175 0.985493
6.176 0.98586
6.177 0.984322
6.178 0.983748
6.179 0.985989
6.18 0.985837
6.181 0.985726
6.182 0.984273
6.183 0.98446
6.184 0.986248
6.185 0.987574
6.186 0.983045
6.187 0.983147
6.188 0.982176
6.189 0.982549
6.19 0.982956
6.191 0.981378
6.192 0.982874
6.193 0.986083
6.194 0.985605
6.195 0.985636
6.196 0.98669
6.197 0.990117
6.198 0.989513
6.199 0.987564
6.2 0.990648
6.201 0.990241
6.202 0.990798
6.203 0.991567
6.204 0.989058
6.205 0.989754
6.206 0.990924
6.207 0.990608
6.208 0.990006
6.209 0.988153
6.21 0.98703
6.211 0.986135
6.212 0.988486
6.213 0.986897
6.214 0.987198
6.215 0.987046
6.216 0.988852
6.217 0.988081
6.218 0.987263
6.219 0.98648
6.22 0.98888
6.221 0.989198
6.222 0.988099
6.223 0.988334
6.224 0.987222
6.225 0.987839
6.226 0.988646
6.227 0.987916
6.228 0.989083
6.229 0.989051
6.23 0.98876
6.231 0.988317
6.232 0.988291
6.233 0.989973
6.234 0.989688
6.235 0.987587
6.236 0.987655
6.237 0.988099
6.238 0.99101
6.239 0.990128
6.24 0.989269
6.241 0.989368
6.242 0.990063
6.243 0.990525
6.244 0.990313
6.245 0.991872
6.246 0.992539
6.247 0.989912
6.248 0.988945
6.249 0.991685
6.25 0.992562
6.251 0.990167
6.252 0.990402
6.253 0.988192
6.254 0.989739
6.255 0.990682
6.256 0.988034
6.257 0.990412
6.258 0.989953
6.259 0.993755
6.26 0.994326
6.261 0.993894
6.262 0.990999
6.263 0.988389
6.264 0.988408
6.265 0.989047
6.266 0.988047
6.267 0.987016
6.268 0.986349
6.269 0.986833
6.27 0.98885
6.271 0.989951
6.272 0.990474
6.273 0.989629
6.274 0.989471
6.275 0.988842
6.276 0.992505
6.277 0.991624
6.278 0.993493
6.279 0.993162
6.28 0.991386
6.281 0.992295
6.282 0.992812
6.283 0.993913
6.284 0.993933
6.285 0.995637
6.286 0.996054
6.287 0.994378
6.288 0.992917
6.289 0.993889
6.29 0.99287
6.291 0.992258
6.292 0.992798
6.293 0.993183
6.294 0.994549
6.295 0.992911
6.296 0.993965
6.297 0.993301
6.298 0.992869
6.299 0.993747
6.3 0.991347
6.301 0.989328
6.302 0.991726
6.303 0.993736
6.304 0.992043
6.305 0.99015
6.306 0.991265
6.307 0.991063
6.308 0.991149
6.309 0.991785
6.31 0.991542
6.311 0.993746
6.312 0.992482
6.313 0.992328
6.314 0.993744
6.315 0.993965
6.316 0.992839
6.317 0.992993
6.318 0.992501
6.319 0.994243
6.32 0.994293
6.321 0.992699
6.322 0.994311
6.323 0.996655
6.324 0.995904
6.325 0.994788
6.326 0.994838
6.327 0.994609
6.328 0.997074
6.329 0.997361
6.33 0.996094
6.331 0.994829
6.332 0.992838
6.333 0.995267
6.334 0.996504
6.335 0.997264
6.336 0.995197
6.337 0.996343
6.338 0.994046
6.339 0.99624
6.34 0.996195
6.341 0.99554
6.342 0.997058
6.343 0.994885
6.344 0.994358
6.345 0.993874
6.346 0.995894
6.347 0.99604
6.348 0.996274
6.349 0.996286
6.35 0.995882
6.351 0.996532
6.352 0.995769
6.353 0.99862
6.354 0.996989
6.355 0.994619
6.356 0.995414
6.357 0.994787
6.358 0.995961
6.359 0.9966
6.36 0.997617
6.361 0.996047
6.362 0.999039
6.363 1.00054
6.364 0.998129
6.365 0.997098
6.366 0.999159
6.367 0.996539
6.368 0.996329
6.369 0.997409
6.37 0.996937
6.371 0.998229
6.372 0.997252
6.373 0.997915
6.374 0.997206
6.375 0.998769
6.376 0.999105
6.377 0.997835
6.378 0.997799
6.379 0.995834
6.38 0.997902
6.381 0.998917
6.382 1.00012
6.383 0.998216
6.384 0.998279
6.385 0.999095
6.386 1.00153
6.387 1.00317
6.388 1.00189
6.389 1.00148
6.39 1.00096
6.391 1.00204
6.392 1.00305
6.393 1.00208
6.394 1.00262
6.395 1.00409
6.396 1.002
6.397 1.0006
6.398 0.999765
6.399 0.999533
6.4 1.00071
6.401 1.00154
6.402 1.00312
6.403 1.0013
6.404 1.00149
6.405 1.00194
6.406 1.00035
6.407 0.998423
6.408 0.999176
6.409 1.00309
6.41 1.00385
6.411 1.00042
6.412 1.00091
6.413 1.0007
6.414 1.00099
6.415 0.999461
6.416 0.999728
6.417 0.998915
6.418 1.00037
6.419 0.998949
6.42 0.99823
6.421 0.998438
6.422 0.997878
6.423 0.997007
6.424 0.999575
6.425 0.998459
6.426 0.997172
6.427 1.00034
6.428 1.00117
6.429 1.00075
6.43 1.00115
6.431 1.00173
6.432 0.999726
6.433 1.00047
6.434 1.00143
6.435 1.00003
6.436 0.999772
6.437 1.00012
6.438 0.998799
6.439 0.999968
6.44 1.00233
6.441 1.00138
6.442 0.999181
6.443 1.00089
6.444 1.00154
6.445 1.00145
6.446 1.00119
6.447 1.00119
6.448 1.00063
6.449 0.999952
6.45 1.00095
6.451 0.999459
6.452 0.999405
6.453 1.00095
6.454 1.00026
6.455 0.998683
6.456 0.998896
6.457 0.997419
6.458 0.99949
6.459 0.999628
6.46 0.999861
6.461 0.997297
6.462 0.999724
6.463 0.997523
6.464 0.997697
6.465 0.998617
6.466 1.00082
6.467 1.00037
6.468 1.00015
6.469 0.999653
6.47 0.998354
6.471 1.00011
6.472 1.00132
6.473 1.00171
6.474 1.00302
6.475 0.998974
6.476 0.998755
6.477 1.00034
6.478 0.99997
6.479 1.00027
6.48 1.00144
6.481 1.00445
6.482 1.0039
6.483 1.00162
6.484 1.00237
6.485 1.00141
6.486 1.00312
6.487 1.00146
6.488 1.00098
6.489 0.998704
6.49 0.999288
6.491 1.00129
6.492 1.00079
6.493 0.999185
6.494 0.998095
6.495 0.999117
6.496 1.00125
6.497 0.999891
6.498 1.00047
6.499 1.00323
6.5 1.00165
6.501 1.00152
6.502 1.00078
6.503 1.00162
6.504 1.00096
6.505 1.00132
6.506 0.999555
6.507 1.00119
6.508 1.00145
6.509 0.999111
6.51 1.00092
6.511 0.999424
6.512 1.00062
6.513 0.998506
6.514 0.999517
6.515 1.00125
6.516 1.00163
6.517 0.998891
6.518 0.999891
6.519 1.0006
6.52 1.00055
6.521 1.00443
6.522 1.00554
6.523 1.00247
6.524 1.00023
6.525 0.999048
6.526 1.00117
6.527 0.99886
6.528 0.998561
6.529 0.998853
6.53 0.998489
6.531 1.0004
6.532 1.00099
6.533 0.998678
6.534 0.99923
6.535 1.00149
6.536 1.0003
6.537 0.998546
6.538 1.00029
6.539 0.999971
6.54 0.998904
6.541 0.999191
6.542 0.999303
6.543 1.001
6.544 1.00245
6.545 1.00175
6.546 1.00317
6.547 1.0002
6.548 1.00173
6.549 1.00156
6.55 1.00096
6.551 1.0023
6.552 1.00269
6.553 1.00078
6.554 1.00276
6.555 1.00185
6.556 1.00143
6.557 1.00138
6.558 1.00091
6.559 1.00129
6.56 1.00092
6.561 1.00202
6.562 1.00269
6.563 1.00246
6.564 1.00094
6.565 0.999799
6.566 0.999106
6.567 0.998588
6.568 1.00084
6.569 1.00109
6.57 0.999781
6.571 0.99724
6.572 0.998276
6.573 0.999027
6.574 0.997256
6.575 0.99874
6.576 0.999691
6.577 1.0031
6.578 1.00346
6.579 1.00135
6.58 1.001
6.581 1.00037
6.582 0.99925
6.583 0.999138
6.584 0.99946
6.585 0.999783
6.586 0.998791
6.587 0.99996
6.588 0.998398
6.589 0.999628
6.59 0.99912
6.591 0.998649
6.592 1.00079
6.593 0.999837
6.594 0.999435
6.595 0.998832
6.596 1.00067
6.597 0.999124
6.598 1.00086
6.599 0.999868
6.6 0.999225
6.601 0.999923
6.602 0.999266
6.603 1.00062
6.604 0.998606
6.605 0.999847
6.606 0.99928
6.607 0.99837
6.608 0.997498
6.609 1.00052
6.61 1.00074
6.611 0.998605
6.612 1.00004
6.613 0.99941
6.614 1.00003
6.615 0.99866
6.616 0.997873
6.617 1.00048
6.618 0.997992
6.619 0.998047
6.62 0.996408
6.621 0.999476
6.622 1.00037
6.623 1.00067
6.624 1.00093
6.625 1.00304
6.626 1.00657
6.627 1.00608
6.628 1.00388
6.629 1.00347
6.63 1.00118
6.631 1.0052
6.632 1.00384
6.633 1.00358
6.634 1.00287
6.635 1.00399
6.636 1.00224
6.637 1.00358
6.638 1.00307
6.639 1.00537
6.64 1.00357
6.641 1.00421
6.642 1.0037
6.643 1.00157
6.644 1.00424
6.645 1.005
6.646 1.006
6.647 1.00328
6.648 1.00358
6.649 1.00455
6.65 1.0032
6.651 1.00059
6.652 1.00216
6.653 0.999945
6.654 1.00104
6.655 1.00173
6.656 1.00353
6.657 1.0018
6.658 1.00403
6.659 1.00283
6.66 1.00335
6.661 1.00398
6.662 1.00268
6.663 1.00437
6.664 1.00338
6.665 1.00356
6.666 1.00488
6.667 1.00348
6.668 1.00495
6.669 1.00357
6.67 1.00308
6.671 1.00097
6.672 1.00478
6.673 1.00202
6.674 1.00329
6.675 1.00556
6.676 1.0051
6.677 1.00477
6.678 1.00261
6.679 1.00333
6.68 1.00582
6.681 1.00471
6.682 1.0055
6.683 1.00443
6.684 1.00203
6.685 1.00399
6.686 1.00484
6.687 1.00248
6.688 1.00284
6.689 1.00507
6.69 1.00474
6.691 1.005
6.692 1.01108
6.693 1.00833
6.694 1.0061
6.695 1.00336
6.696 1.00317
6.697 1.00474
6.698 1.006
6.699 1.00794
6.7 1.00766
6.701 1.00617
6.702 1.00532
6.703 1.00427
6.704 1.00524
6.705 1.00571
6.706 1.00612
6.707 1.00515
6.708 1.0044
6.709 1.00688
6.71 1.00666
6.711 1.00615
6.712 1.00733
6.713 1.00656
6.714 1.00723
6.715 1.00513
6.716 1.00521
6.717 1.00617
6.718 1.00581
6.719 1.00851
6.72 1.00895
6.721 1.00788
6.722 1.0082
6.723 1.00729
6.724 1.00523
6.725 1.00499
6.726 1.00514
6.727 1.00317
6.728 1.00496
6.729 1.00501
6.73 1.00606
6.731 1.00526
6.732 1.00714
6.733 1.00604
6.734 1.00663
6.735 1.00942
6.736 1.00895
6.737 1.0076
6.738 1.00874
6.739 1.00607
6.74 1.00676
6.741 1.00544
6.742 1.00824
6.743 1.0054
6.744 1.00536
6.745 1.00498
6.746 1.00474
6.747 1.00512
6.748 1.00542
6.749 1.00588
6.75 1.00553
6.751 1.00647
6.752 1.00734
6.753 1.009
6.754 1.0091
6.755 1.00967
6.756 1.00869
6.757 1.00671
6.758 1.00674
6.759 1.00618
6.76 1.00461
6.761 1.00538
6.762 1.00717
6.763 1.00894
6.764 1.01098
6.765 1.01025
6.766 1.00754
6.767 1.00903
6.768 1.00831
6.769 1.00889
6.77 1.00878
6.771 1.00731
6.772 1.00656
6.773 1.00847
6.774 1.00803
6.775 1.0122
6.776 1.01018
6.777 1.00772
6.778 1.00991
6.779 1.00995
6.78 1.00843
6.781 1.00726
6.782 1.0061
6.783 1.00571
6.784 1.00704
6.785 1.00963
6.786 1.0101
6.787 1.0081
6.788 1.00778
6.789 1.00837
6.79 1.00669
6.791 1.00725
6.792 1.0071
6.793 1.00576
6.794 1.00796
6.795 1.00938
6.796 1.00946
6.797 1.00713
6.798 1.0049
6.799 1.00684
6.8 1.00562
6.801 1.00478
6.802 1.00388
6.803 1.00558
6.804 1.00483
6.805 1.00534
6.806 1.00444
6.807 1.00419
6.808 1.00438
6.809 1.00607
6.81 1.00458
6.811 1.00416
6.812 1.00705
6.813 1.00661
6.814 1.00515
6.815 1.00393
6.816 1.00499
6.817 1.00614
6.818 1.00593
6.819 1.00985
6.82 1.00881
6.821 1.00683
6.822 1.00695
6.823 1.00718
6.824 1.00662
6.825 1.00713
6.826 1.0083
6.827 1.00737
6.828 1.00689
6.829 1.01286
6.83 1.00918
6.831 1.00851
6.832 1.00743
6.833 1.00785
6.834 1.00716
6.835 1.00873
6.836 1.00851
6.837 1.00522
6.838 1.00541
6.839 1.00766
6.84 1.0091
6.841 1.0056
6.842 1.0079
6.843 1.00698
6.844 1.00568
6.845 1.00735
6.846 1.00616
6.847 1.00699
6.848 1.00864
6.849 1.00984
6.85 1.00995
6.851 1.00937
6.852 1.01109
6.853 1.00972
6.854 1.01061
6.855 1.00992
6.856 1.0115
6.857 1.01226
6.858 1.01313
6.859 1.0121
6.86 1.01377
6.861 1.01086
6.862 1.00949
6.863 1.01262
6.864 1.00986
6.865 1.00868
6.866 1.00762
6.867 1.00783
6.868 1.00944
6.869 1.00923
6.87 1.00882
6.871 1.01173
6.872 1.00909
6.873 1.00765
6.874 1.00774
6.875 1.00605
6.876 1.00826
6.877 1.00952
6.878 1.00936
6.879 1.00994
6.88 1.00931
6.881 1.00974
6.882 1.0124
6.883 1.01194
6.884 1.01099
6.885 1.01054
6.886 1.01058
6.887 1.0113
6.888 1.01171
6.889 1.0114
6.89 1.01189
6.891 1.01194
6.892 1.01169
6.893 1.01136
6.894 1.00859
6.895 1.01126
6.896 1.01204
6.897 1.01156
6.898 1.01161
6.899 1.01127
6.9 1.01123
6.901 1.0114
6.902 1.01141
6.903 1.01051
6.904 1.01156
6.905 1.00897
6.906 1.0111
6.907 1.00877
6.908 1.00824
6.909 1.01047
6.91 1.00864
6.911 1.00932
6.912 1.00832
6.913 1.00959
6.914 1.00855
6.915 1.00736
6.916 1.00953
6.917 1.00937
6.918 1.01005
6.919 1.0088
6.92 1.00911
6.921 1.01077
6.922 1.00993
6.923 1.01165
6.924 1.01159
6.925 1.01151
6.926 1.00981
6.927 1.00955
6.928 1.00843
6.929 1.01378
6.93 1.01253
6.931 1.01292
6.932 1.01332
6.933 1.01389
6.934 1.01271
6.935 1.01653
6.936 1.01498
6.937 1.01382
6.938 1.01367
6.939 1.01231
6.94 1.01323
6.941 1.01433
6.942 1.01421
6.943 1.01433
6.944 1.01232
6.945 1.01283
6.946 1.0125
6.947 1.01209
6.948 1.01266
6.949 1.01307
6.95 1.01174
6.951 1.01046
6.952 1.00865
6.953 1.00852
6.954 1.01159
6.955 1.00974
6.956 1.01114
6.957 1.01081
6.958 1.01068
6.959 1.0112
6.96 1.00924
6.961 1.00879
6.962 1.00975
6.963 1.0103
6.964 1.00768
6.965 1.0072
6.966 1.00879
6.967 1.00883
6.968 1.00726
6.969 1.01004
6.97 1.01057
6.971 1.01327
6.972 1.01075
6.973 1.01077
6.974 1.01119
6.975 1.0105
6.976 1.01107
6.977 1.01293
6.978 1.011
6.979 1.00929
6.98 1.00843
6.981 1.00925
6.982 1.01002
6.983 1.0085
6.984 1.00731
6.985 1.00629
6.986 1.00695
6.987 1.00794
6.988 1.00814
6.989 1.01059
6.99 1.00717
6.991 1.00739
6.992 1.00915
6.993 1.00782
6.994 1.00961
6.995 1.01128
6.996 1.01088
6.997 1.00895
6.998 1.00942
6.999 1.01159
7 1.01313
7.001 1.01245
7.002 1.01287
7.003 1.01362
7.004 1.01155
7.005 1.01054
7.006 1.01253
7.007 1.01351
7.008 1.01132
7.009 1.01173
7.01 1.01171
7.011 1.01174
7.012 1.01135
7.013 1.00899
7.014 1.01047
7.015 1.01216
7.016 1.01257
7.017 1.01168
7.018 1.01022
7.019 1.01189
7.02 1.01003
7.021 1.00896
7.022 1.01004
7.023 1.01044
7.024 1.01215
7.025 1.01367
7.026 1.01058
7.027 1.01167
7.028 1.01093
7.029 1.01206
7.03 1.01046
7.031 1.00894
7.032 1.01233
7.033 1.00908
7.034 1.00975
7.035 1.0095
7.036 1.00927
7.037 1.01025
7.038 1.01248
7.039 1.01207
7.04 1.00996
7.041 1.00957
7.042 1.01035
7.043 1.01012
7.044 1.01144
7.045 1.01251
7.046 1.01185
7.047 1.01108
7.048 1.01264
7.049 1.01215
7.05 1.01101
7.051 1.00966
7.052 1.00799
7.053 1.00869
7.054 1.00758
7.055 1.00666
7.056 1.01021
7.057 1.00978
7.058 1.01139
7.059 1.01183
7.06 1.01149
7.061 1.01197
7.062 1.01076
7.063 1.01103
7.064 1.01144
7.065 1.00995
7.066 1.01037
7.067 1.01256
7.068 1.00845
7.069 1.00875
7.07 1.01024
7.071 1.01126
7.072 1.01223
7.073 1.01081
7.074 1.01314
7.075 1.01152
7.076 1.01045
7.077 1.01039
7.078 1.01113
7.079 1.0102
7.08 1.01168
7.081 1.01213
7.082 1.01197
7.083 1.01042
7.084 1.00957
7.085 1.01144
7.086 1.01136
7.087 1.01056
7.088 1.00944
7.089 1.00966
7.09 1.01085
7.091 1.01196
7.092 1.01266
7.093 1.0092
7.094 1.01046
7.095 1.01074
7.096 1.01157
7.097 1.00988
7.098 1.0106
7.099 1.01459
7.1 1.01406
7.101 1.01069
7.102 1.00963
7.103 1.0088
7.104 1.01084
7.105 1.01172
7.106 1.01394
7.107 1.01291
7.108 1.01118
7.109 1.01309
7.11 1.0147
7.111 1.01432
7.112 1.01287
7.113 1.01273
7.114 1.01218
7.115 1.01247
7.116 1.0121
7.117 1.01252
7.118 1.00923
7.119 1.00818
7.12 1.00921
7.121 1.00946
7.122 1.01103
7.123 1.01125
7.124 1.00996
7.125 1.01203
7.126 1.01379
7.127 1.01363
7.128 1.01346
7.129 1.01341
7.13 1.01523
7.131 1.01365
7.132 1.01268
7.133 1.01052
7.134 1.01374
7.135 1.01261
7.136 1.014
7.137 1.01404
7.138 1.0147
7.139 1.01481
7.14 1.01333
7.141 1.01533
7.142 1.01569
7.143 1.01598
7.144 1.01458
7.145 1.01389
7.146 1.01361
7.147 1.0138
7.148 1.01543
7.149 1.01432
7.15 1.01125
7.151 1.01266
7.152 1.01322
7.153 1.01333
7.154 1.01223
7.155 1.01396
7.156 1.01194
7.157 1.01192
7.158 1.011
7.159 1.01167
7.16 1.01348
7.161 1.01274
7.162 1.01375
7.163 1.01442
7.164 1.01269
7.165 1.01546
7.166 1.01325
7.167 1.01424
7.168 1.01359
7.169 1.01325
7.17 1.01033
7.171 1.0113
7.172 1.01186
7.173 1.01192
7.174 1.01377
7.175 1.01289
7.176 1.0118
7.177 1.01139
7.178 1.01212
7.179 1.01372
7.18 1.01259
7.181 1.01109
7.182 1.01168
7.183 1.01095
7.184 1.01209
7.185 1.01187
7.186 1.01105
7.187 1.01243
7.188 1.01091
7.189 1.01212
7.19 1.01272
7.191 1.01149
7.192 1.01067
7.193 1.01029
7.194 1.00917
7.195 1.01094
7.196 1.013
7.197 1.01112
7.198 1.01036
7.199 1.01125
7.2 1.01269
7.201 1.01327
7.202 1.01351
7.203 1.01327
7.204 1.01303
7.205 1.01239
7.206 1.01266
7.207 1.01099
7.208 1.01089
7.209 1.01183
7.21 1.01231
7.211 1.0119
7.212 1.01263
7.213 1.01236
7.214 1.01436
7.215 1.01465
7.216 1.01334
7.217 1.01263
7.218 1.01273
7.219 1.01227
7.22 1.01092
7.221 1.00853
7.222 1.00994
7.223 1.01026
7.224 1.00989
7.225 1.00814
7.226 1.00914
7.227 1.00998
7.228 1.00906
7.229 1.00897
7.23 1.00934
7.231 1.0127
7.232 1.0126
7.233 1.0115
7.234 1.01153
7.235 1.01189
7.236 1.01174
7.237 1.0109
7.238 1.01123
7.239 1.01144
7.24 1.01
7.241 1.01089
7.242 1.00971
7.243 1.01219
7.244 1.01427
7.245 1.01321
7.246 1.0115
7.247 1.01123
7.248 1.01114
7.249 1.01042
7.25 1.01098
7.251 1.01145
7.252 1.00977
7.253 1.01086
7.254 1.01291
7.255 1.01352
7.256 1.01132
7.257 1.00965
7.258 1.01175
7.259 1.01261
7.26 1.01424
7.261 1.01245
7.262 1.01206
7.263 1.01261
7.264 1.01582
7.265 1.01299
7.266 1.01089
7.267 1.01108
7.268 1.01138
7.269 1.01218
7.27 1.01254
7.271 1.01467
7.272 1.01454
7.273 1.01669
7.274 1.0161
7.275 1.01559
7.276 1.0155
7.277 1.01363
7.278 1.01536
7.279 1.01465
7.28 1.01316
7.281 1.0129
7.282 1.01307
7.283 1.01259
7.284 1.01022
7.285 1.01206
7.286 1.01254
7.287 1.01377
7.288 1.01238
7.289 1.01128
7.29 1.00988
7.291 1.01129
7.292 1.01119
7.293 1.01019
7.294 1.01144
7.295 1.01294
7.296 1.0111
7.297 1.01082
7.298 1.01094
7.299 1.0098
7.3 1.01272
7.301 1.00984
7.302 1.01196
7.303 1.01047
7.304 1.0089
7.305 1.0085
7.306 1.00992
7.307 1.0111
7.308 1.01159
7.309 1.00931
7.31 1.00914
7.311 1.00942
7.312 1.00928
7.313 1.01078
7.314 1.01076
7.315 1.01143
7.316 1.01245
7.317 1.01453
7.318 1.01241
7.319 1.01384
7.32 1.01637
7.321 1.0145
7.322 1.01534
7.323 1.01368
7.324 1.01316
7.325 1.01188
7.326 1.01107
7.327 1.01191
7.328 1.01146
7.329 1.01185
7.33 1.01246
7.331 1.01172
7.332 1.01042
7.333 1.01109
7.334 1.01109
7.335 1.00917
7.336 1.00925
7.337 1.00988
7.338 1.01246
7.339 1.01063
7.34 1.01273
7.341 1.01274
7.342 1.01181
7.343 1.01137
7.344 1.01215
7.345 1.01277
7.346 1.01359
7.347 1.01134
7.348 1.01231
7.349 1.01019
7.35 1.01098
7.351 1.01102
7.352 1.01178
7.353 1.01034
7.354 1.00961
7.355 1.01088
7.356 1.01145
7.357 1.01096
7.358 1.01086
7.359 1.01072
7.36 1.01236
7.361 1.01117
7.362 1.01047
7.363 1.00979
7.364 1.01311
7.365 1.01429
7.366 1.012
7.367 1.01155
7.368 1.01149
7.369 1.01027
7.37 1.01017
7.371 1.01107
7.372 1.00945
7.373 1.00994
7.374 1.01753
7.375 1.01389
7.376 1.01523
7.377 1.01263
7.378 1.01237
7.379 1.01177
7.38 1.01153
7.381 1.01123
7.382 1.01206
7.383 1.01298
7.384 1.01323
7.385 1.01321
7.386 1.01197
7.387 1.014
7.388 1.01341
7.389 1.0129
7.39 1.01238
7.391 1.01294
7.392 1.0123
7.393 1.01245
7.394 1.01238
7.395 1.01297
7.396 1.01385
7.397 1.01326
7.398 1.01151
7.399 1.01152
7.4 1.01011
7.401 1.01166
7.402 1.01002
7.403 1.01157
7.404 1.01283
7.405 1.01461
7.406 1.01302
7.407 1.01332
7.408 1.0118
7.409 1.01266
7.41 1.01321
7.411 1.01191
7.412 1.01255
7.413 1.01236
7.414 1.0123
7.415 1.01173
7.416 1.0114
7.417 1.01181
7.418 1.0118
7.419 1.01105
7.42 1.01278
7.421 1.01087
7.422 1.01091
7.423 1.01101
7.424 1.01027
7.425 1.01073
7.426 1.01049
7.427 1.01147
7.428 1.01125
7.429 1.01071
7.43 1.01131
7.431 1.01037
7.432 1.01091
7.433 1.00875
7.434 1.01007
7.435 1.01032
7.436 1.01018
7.437 1.01025
7.438 1.01086
7.439 1.00966
7.44 1.00815
7.441 1.00781
7.442 1.00963
7.443 1.00833
7.444 1.00818
7.445 1.00809
7.446 1.00822
7.447 1.00861
7.448 1.01088
7.449 1.0089
7.45 1.01008
7.451 1.01318
7.452 1.01171
7.453 1.01195
7.454 1.01164
7.455 1.01041
7.456 1.01116
7.457 1.00998
7.458 1.00908
7.459 1.00845
7.46 1.0112
7.461 1.0112
7.462 1.0085
7.463 1.00976
7.464 1.009
7.465 1.01003
7.466 1.01071
7.467 1.01161
7.468 1.011
7.469 1.01198
7.47 1.01279
7.471 1.01191
7.472 1.0121
7.473 1.01176
7.474 1.01183
7.475 1.01023
7.476 1.01278
7.477 1.01133
7.478 1.00864
7.479 1.0117
7.48 1.01253
7.481 1.01342
7.482 1.00912
7.483 1.00907
7.484 1.01079
7.485 1.0085
7.486 1.00851
7.487 1.01294
7.488 1.01306
7.489 1.00949
7.49 1.00732
7.491 1.00876
7.492 1.00807
7.493 1.00769
7.494 1.0084
7.495 1.00812
7.496 1.00937
7.497 1.00905
7.498 1.00835
7.499 1.00931
7.5 1.01008
7.501 1.00701
7.502 1.0068
7.503 1.00698
7.504 1.00719
7.505 1.0082
7.506 1.00853
7.507 1.00786
7.508 1.00668
7.509 1.00656
7.51 1.00754
7.511 1.00838
7.512 1.00688
7.513 1.00699
7.514 1.00606
7.515 1.00637
7.516 1.00893
7.517 1.00849
7.518 1.00974
7.519 1.00624
7.52 1.00723
7.521 1.00585
7.522 1.00692
7.523 1.00705
7.524 1.00852
7.525 1.00954
7.526 1.00856
7.527 1.00795
7.528 1.00645
7.529 1.00572
7.53 1.00587
7.531 1.00713
7.532 1.00564
7.533 1.00529
7.534 1.00779
7.535 1.00645
7.536 1.00495
7.537 1.00559
7.538 1.0077
7.539 1.00765
7.54 1.009
7.541 1.00891
7.542 1.00774
7.543 1.00857
7.544 1.00659
7.545 1.00742
7.546 1.00601
7.547 1.0064
7.548 1.00483
7.549 1.00599
7.55 1.00675
7.551 1.00727
7.552 1.00516
7.553 1.00469
7.554 1.0045
7.555 1.00636
7.556 1.00441
7.557 1.00541
7.558 1.00522
7.559 1.00637
7.56 1.00704
7.561 1.00543
7.562 1.00544
7.563 1.0048
7.564 1.00684
7.565 1.00746
7.566 1.00735
7.567 1.00907
7.568 1.00789
7.569 1.00489
7.57 1.00454
7.571 1.00683
7.572 1.00496
7.573 1.0055
7.574 1.00501
7.575 1.00571
7.576 1.00545
7.577 1.0054
7.578 1.00662
7.579 1.00545
7.58 1.00534
7.581 1.00518
7.582 1.00601
7.583 1.00586
7.584 1.00644
7.585 1.00786
7.586 1.00792
7.587 1.00899
7.588 1.01007
7.589 1.00904
7.59 1.00923
7.591 1.00843
7.592 1.00709
7.593 1.00858
7.594 1.00801
7.595 1.00977
7.596 1.00901
7.597 1.00868
7.598 1.0077
7.599 1.00713
7.6 1.00697
7.601 1.0056
7.602 1.00522
7.603 1.00629
7.604 1.00667
7.605 1.0054
7.606 1.00751
7.607 1.00872
7.608 1.00761
7.609 1.00629
7.61 1.00718
7.611 1.00529
7.612 1.00563
7.613 1.00569
7.614 1.00496
7.615 1.00561
7.616 1.00483
7.617 1.00502
7.618 1.00547
7.619 1.00536
7.62 1.00435
7.621 1.00284
7.622 1.00333
7.623 1.00413
7.624 1.00465
7.625 1.00503
7.626 1.005
7.627 1.0052
7.628 1.00614
7.629 1.00638
7.63 1.00588
7.631 1.00593
7.632 1.00785
7.633 1.00808
7.634 1.00642
7.635 1.00925
7.636 1.00911
7.637 1.00822
7.638 1.00782
7.639 1.00811
7.64 1.00662
7.641 1.00663
7.642 1.00583
7.643 1.00614
7.644 1.00708
7.645 1.00938
7.646 1.009
7.647 1.00742
7.648 1.00924
7.649 1.00868
7.65 1.01019
7.651 1.01131
7.652 1.00979
7.653 1.00895
7.654 1.00843
7.655 1.00757
7.656 1.00756
7.657 1.00845
7.658 1.00431
7.659 1.00507
7.66 1.00574
7.661 1.00494
7.662 1.00597
7.663 1.00709
7.664 1.00731
7.665 1.0085
7.666 1.00522
7.667 1.00617
7.668 1.00653
7.669 1.00792
7.67 1.00737
7.671 1.0057
7.672 1.00667
7.673 1.00621
7.674 1.00656
7.675 1.00631
7.676 1.0079
7.677 1.00694
7.678 1.00543
7.679 1.00655
7.68 1.00495
7.681 1.00392
7.682 1.00311
7.683 1.00477
7.684 1.0059
7.685 1.00659
7.686 1.00738
7.687 1.00746
7.688 1.00708
7.689 1.00854
7.69 1.00819
7.691 1.00725
7.692 1.00549
7.693 1.00635
7.694 1.0067
7.695 1.00789
7.696 1.01154
7.697 1.00963
7.698 1.00893
7.699 1.00758
7.7 1.00444
7.701 1.00725
7.702 1.00682
7.703 1.00797
7.704 1.00868
7.705 1.00524
7.706 1.00583
7.707 1.00545
7.708 1.00936
7.709 1.00659
7.71 1.00512
7.711 1.00787
7.712 1.00573
7.713 1.00592
7.714 1.00896
7.715 1.0069
7.716 1.00619
7.717 1.00849
7.718 1.00729
7.719 1.00757
7.72 1.00826
7.721 1.00832
7.722 1.00823
7.723 1.00627
7.724 1.00564
7.725 1.00571
7.726 1.00544
7.727 1.00743
7.728 1.00646
7.729 1.00566
7.73 1.0056
7.731 1.00586
7.732 1.00623
7.733 1.00519
7.734 1.00512
7.735 1.00587
7.736 1.00368
7.737 1.00544
7.738 1.00596
7.739 1.00768
7.74 1.00412
7.741 1.0046
7.742 1.00325
7.743 1.00305
7.744 1.00238
7.745 1.00195
7.746 1.0015
7.747 1.00356
7.748 1.00277
7.749 1.00399
7.75 1.00345
7.751 1.00378
7.752 1.00402
7.753 1.0058
7.754 1.00619
7.755 1.00673
7.756 1.00556
7.757 1.0076
7.758 1.00676
7.759 1.00825
7.76 1.00939
7.761 1.00771
7.762 1.00937
7.763 1.00936
7.764 1.00862
7.765 1.00902
7.766 1.00798
7.767 1.00793
7.768 1.01011
7.769 1.00801
7.77 1.00846
7.771 1.01162
7.772 1.01077
7.773 1.00904
7.774 1.01036
7.775 1.00898
7.776 1.0075
7.777 1.00919
7.778 1.00806
7.779 1.00683
7.78 1.00839
7.781 1.00753
7.782 1.00753
7.783 1.00739
7.784 1.00808
7.785 1.00805
7.786 1.0065
7.787 1.00891
7.788 1.00885
7.789 1.00653
7.79 1.00621
7.791 1.0061
7.792 1.00448
7.793 1.00437
7.794 1.0047
7.795 1.00299
7.796 1.00327
7.797 1.00632
7.798 1.00477
7.799 1.00368
7.8 1.00497
7.801 1.00597
7.802 1.00495
7.803 1.00589
7.804 1.00761
7.805 1.00683
7.806 1.00671
7.807 1.00528
7.808 1.00612
7.809 1.00532
7.81 1.00668
7.811 1.0058
7.812 1.00862
7.813 1.00854
7.814 1.009
7.815 1.00723
7.816 1.00654
7.817 1.00747
7.818 1.00611
7.819 1.00758
7.82 1.00633
7.821 1.00586
7.822 1.00712
7.823 1.00619
7.824 1.00732
7.825 1.00853
7.826 1.00762
7.827 1.00914
7.828 1.00671
7.829 1.00889
7.83 1.00838
7.831 1.00726
7.832 1.00773
7.833 1.00667
7.834 1.00782
7.835 1.00798
7.836 1.00811
7.837 1.00687
7.838 1.00763
7.839 1.0087
7.84 1.00591
7.841 1.00705
7.842 1.00693
7.843 1.00542
7.844 1.0054
7.845 1.00595
7.846 1.00444
7.847 1.00514
7.848 1.00525
7.849 1.00756
7.85 1.00613
7.851 1.00629
7.852 1.0067
7.853 1.00644
7.854 1.0061
7.855 1.00661
7.856 1.0056
7.857 1.00667
7.858 1.00806
7.859 1.00779
7.86 1.00958
7.861 1.00931
7.862 1.00743
7.863 1.00803
7.864 1.00946
7.865 1.00859
7.866 1.00851
7.867 1.00551
7.868 1.0047
7.869 1.00438
7.87 1.0039
7.871 1.00573
7.872 1.00591
7.873 1.00541
7.874 1.00582
7.875 1.00403
7.876 1.00539
7.877 1.00514
7.878 1.00747
7.879 1.00761
7.88 1.00751
7.881 1.00562
7.882 1.00392
7.883 1.00482
7.884 1.00498
7.885 1.0041
7.886 1.00445
7.887 1.00639
7.888 1.00554
7.889 1.00809
7.89 1.00911
7.891 1.0103
7.892 1.01009
7.893 1.0096
7.894 1.0085
7.895 1.00701
7.896 1.00564
7.897 1.00583
7.898 1.00536
7.899 1.00536
7.9 1.00987
7.901 1.00696
7.902 1.00786
7.903 1.0098
7.904 1.00954
7.905 1.00747
7.906 1.00791
7.907 1.0076
7.908 1.00783
7.909 1.00573
7.91 1.0061
7.911 1.00424
7.912 1.00343
7.913 1.00612
7.914 1.0068
7.915 1.00453
7.916 1.00464
7.917 1.0059
7.918 1.00495
7.919 1.00586
7.92 1.00439
7.921 1.0063
7.922 1.00414
7.923 1.00515
7.924 1.00434
7.925 1.00419
7.926 1.00383
7.927 1.00461
7.928 1.00486
7.929 1.00392
7.93 1.00514
7.931 1.00424
7.932 1.00413
7.933 1.00251
7.934 1.00315
7.935 1.00465
7.936 1.00221
7.937 1.00297
7.938 1.00391
7.939 1.003
7.94 1.00151
7.941 1.0009
7.942 1.00129
7.943 1.00072
7.944 1.00088
7.945 1.00133
7.946 1.00099
7.947 1.00124
7.948 1.00185
7.949 1.00305
7.95 1.00249
7.951 1.00513
7.952 1.00447
7.953 1.00252
7.954 1.0022
7.955 1.00223
7.956 1.00405
7.957 1.00296
7.958 1.0018
7.959 1.00199
7.96 1.00274
7.961 1.00286
7.962 1.00394
7.963 1.00397
7.964 1.00223
7.965 1.00328
7.966 1.0034
7.967 1.00123
7.968 1.00142
7.969 1.00226
7.97 1.0039
7.971 1.00458
7.972 1.00378
7.973 1.00263
7.974 1.00458
7.975 1.00515
7.976 1.00452
7.977 1.00475
7.978 1.00624
7.979 1.0031
7.98 1.00495
7.981 1.0049
7.982 1.00672
7.983 1.0068
7.984 1.00555
7.985 1.00634
7.986 1.00642
7.987 1.00573
7.988 1.0076
7.989 1.00696
7.99 1.00404
7.991 1.00375
7.992 1.00526
7.993 1.00596
7.994 1.00584
7.995 1.0074
7.996 1.0055
7.997 1.0059
7.998 1.00563
7.999 1.00676
8 1.0077
8.001 1.00725
8.002 1.00551
8.003 1.00509
8.004 1.00451
8.005 1.00716
8.006 1.00539
8.007 1.00864
8.008 1.00786
8.009 1.00676
8.01 1.00637
8.011 1.00663
8.012 1.00704
8.013 1.00668
8.014 1.00399
8.015 1.00369
8.016 1.00461
8.017 1.00491
8.018 1.00545
8.019 1.00606
8.02 1.00668
8.021 1.00683
8.022 1.00565
8.023 1.00452
8.024 1.00618
8.025 1.00763
8.026 1.0094
8.027 1.00845
8.028 1.00732
8.029 1.00873
8.03 1.00961
8.031 1.00899
8.032 1.00773
8.033 1.00778
8.034 1.00773
8.035 1.0094
8.036 1.01061
8.037 1.00958
8.038 1.0091
8.039 1.00704
8.04 1.00791
8.041 1.00577
8.042 1.00641
8.043 1.00525
8.044 1.00523
8.045 1.0053
8.046 1.00373
8.047 1.00318
8.048 1.00685
8.049 1.009
8.05 1.00665
8.051 1.00839
8.052 1.00842
8.053 1.00655
8.054 1.00805
8.055 1.01023
8.056 1.00946
8.057 1.01067
8.058 1.01022
8.059 1.00969
8.06 1.01093
8.061 1.01005
8.062 1.00805
8.063 1.0093
8.064 1.00908
8.065 1.00893
8.066 1.00843
8.067 1.00943
8.068 1.00919
8.069 1.00674
8.07 1.0058
8.071 1.00684
8.072 1.00763
8.073 1.00648
8.074 1.00637
8.075 1.00857
8.076 1.00722
8.077 1.00774
8.078 1.00903
8.079 1.00897
8.08 1.00667
8.081 1.00754
8.082 1.00895
8.083 1.00832
8.084 1.00809
8.085 1.00775
8.086 1.00656
8.087 1.00511
8.088 1.00566
8.089 1.00365
8.09 1.00357
8.091 1.00451
8.092 1.00579
8.093 1.00371
8.094 1.00401
8.095 1.00403
8.096 1.00516
8.097 1.006
8.098 1.00402
8.099 1.00421
8.1 1.00535
8.101 1.00462
8.102 1.00469
8.103 1.00656
8.104 1.00516
8.105 1.00515
8.106 1.00455
8.107 1.00591
8.108 1.00606
8.109 1.00579
8.11 1.00627
8.111 1.00671
8.112 1.00698
8.113 1.00633
8.114 1.00768
8.115 1.00644
8.116 1.0064
8.117 1.00744
8.118 1.00759
8.119 1.00991
8.12 1.00616
8.121 1.00586
8.122 1.00518
8.123 1.0048
8.124 1.00786
8.125 1.00957
8.126 1.00723
8.127 1.00872
8.128 1.00746
8.129 1.00633
8.13 1.0058
8.131 1.00459
8.132 1.00717
8.133 1.00672
8.134 1.00702
8.135 1.006
8.136 1.00487
8.137 1.00615
8.138 1.00347
8.139 1.00466
8.14 1.00532
8.141 1.005
8.142 1.00673
8.143 1.00512
8.144 1.00473
8.145 1.002
8.146 1.00391
8.147 1.00385
8.148 1.00303
8.149 1.0024
8.15 1.00167
8.151 1.00183
8.152 1.00226
8.153 1.00303
8.154 1.00406
8.155 1.00473
8.156 1.00598
8.157 1.00465
8.158 1.00522
8.159 1.00507
8.16 1.00694
8.161 1.00631
8.162 1.00693
8.163 1.00603
8.164 1.00558
8.165 1.00549
8.166 1.00508
8.167 1.00389
8.168 1.00493
8.169 1.00584
8.17 1.00681
8.171 1.00448
8.172 1.00578
8.173 1.00462
8.174 1.00476
8.175 1.0029
8.176 1.00324
8.177 1.00269
8.178 1.00517
8.179 1.00577
8.18 1.00529
8.181 1.00449
8.182 1.00571
8.183 1.00242
8.184 1.0036
8.185 1.00399
8.186 1.00337
8.187 1.00466
8.188 1.00607
8.189 1.00422
8.19 1.00492
8.191 1.00465
8.192 1.00467
8.193 1.0053
8.194 1.00493
8.195 1.00482
8.196 1.0079
8.197 1.00929
8.198 1.00954
8.199 1.00672
8.2 1.0064
8.201 1.00752
8.202 1.00684
8.203 1.00689
8.204 1.00694
8.205 1.00529
8.206 1.00612
8.207 1.00613
8.208 1.00595
8.209 1.00575
8.21 1.003
8.211 1.00342
8.212 1.00387
8.213 1.00146
8.214 1.00207
8.215 1.00451
8.216 1.00255
8.217 1.00225
8.218 1.00217
8.219 1.00256
8.22 1.00365
8.221 1.00348
8.222 1.00434
8.223 1.00484
8.224 1.00239
8.225 1.00368
8.226 1.00592
8.227 1.00614
8.228 1.00544
8.229 1.00471
8.23 1.00525
8.231 1.00588
8.232 1.00707
8.233 1.00373
8.234 1.00361
8.235 1.00353
8.236 1.00538
8.237 1.003
8.238 1.00523
8.239 1.00448
8.24 1.00365
8.241 1.00236
8.242 1.00251
8.243 1.00502
8.244 1.00142
8.245 1.00009
8.246 1.00298
8.247 1.00264
8.248 1.00333
8.249 1.00215
8.25 1.00073
8.251 1.0031
8.252 1.00389
8.253 1.00608
8.254 1.0048
8.255 1.00327
8.256 1.00495
8.257 1.00376
8.258 1.00194
8.259 1.00222
8.26 1.00373
8.261 1.00399
8.262 1.00374
8.263 1.00366
8.264 1.00077
8.265 1.00318
8.266 1.00273
8.267 1.00185
8.268 1.0029
8.269 1.00208
8.27 1.00213
8.271 1.00076
8.272 1.00224
8.273 1.00556
8.274 1.00158
8.275 1.00401
8.276 1.00493
8.277 1.00648
8.278 1.00495
8.279 1.00323
8.28 1.00503
8.281 1.0041
8.282 1.00179
8.283 1.00328
8.284 1.00345
8.285 1.00386
8.286 1.00499
8.287 1.00535
8.288 1.00412
8.289 1.00328
8.29 1.00349
8.291 1.00384
8.292 1.0041
8.293 1.00249
8.294 1.00117
8.295 1.00364
8.296 1.00307
8.297 1.00276
8.298 1.00493
8.299 1.00321
8.3 1.00245
8.301 1.00305
8.302 1.00248
8.303 1.0015
8.304 1.0018
8.305 1.00182
8.306 1.00668
8.307 1.00321
8.308 1.00246
8.309 1.00242
8.31 1.00306
8.311 1.00185
8.312 1.00231
8.313 1.00174
8.314 1.00095
8.315 1.00174
8.316 1.0028
8.317 1.00561
8.318 1.00486
8.319 1.00476
8.32 1.00294
8.321 1.00374
8.322 1.00262
8.323 1.00115
8.324 0.999247
8.325 0.999359
8.326 1.00246
8.327 1.00134
8.328 1.0018
8.329 1.00228
8.33 1.00419
8.331 1.00187
8.332 1.00358
8.333 1.00433
8.334 1.00404
8.335 1.00294
8.336 1.00275
8.337 1.00163
8.338 1.00159
8.339 1.00217
8.34 1.00106
8.341 1.00235
8.342 1.00236
8.343 1.00339
8.344 1.00192
8.345 1.00244
8.346 1.0023
8.347 1.00379
8.348 1.00317
8.349 1.00497
8.35 1.00349
8.351 1.00396
8.352 1.00635
8.353 1.00588
8.354 1.00521
8.355 1.00474
8.356 1.00585
8.357 1.00437
8.358 1.00482
8.359 1.0038
8.36 1.0016
8.361 1.00103
8.362 1.00037
8.363 1.00054
8.364 1.00112
8.365 0.99944
8.366 1.001
8.367 1.00198
8.368 1.00186
8.369 1.0022
8.37 1.00146
8.371 1.00201
8.372 1.00242
8.373 1.00517
8.374 1.0027
8.375 1.00334
8.376 1.00288
8.377 1.00197
8.378 1.00213
8.379 1.00159
8.38 1.00254
8.381 1.00232
8.382 1.00265
8.383 1.0047
8.384 1.0048
8.385 1.00294
8.386 1.00572
8.387 1.00556
8.388 1.00531
8.389 1.00469
8.39 1.00286
8.391 1.0051
8.392 1.00709
8.393 1.00478
8.394 1.00415
8.395 1.0049
8.396 1.00526
8.397 1.00343
8.398 1.00555
8.399 1.00601
8.4 1.00487
8.401 1.00312
8.402 1.00345
8.403 1.00171
8.404 1.00092
8.405 1.00216
8.406 1.00097
8.407 0.999786
8.408 1.00277
8.409 1.00195
8.41 1.0025
8.411 1.0029
8.412 1.00268
8.413 1.0041
8.414 1.00275
8.415 1.00372
8.416 1.0034
8.417 1.00273
8.418 1.00199
8.419 1.00484
8.42 1.00453
8.421 1.00476
8.422 1.00476
8.423 1.00203
8.424 1.00357
8.425 1.00501
8.426 1.00455
8.427 1.0032
8.428 1.00383
8.429 1.0035
8.43 1.00573
8.431 1.00505
8.432 1.00393
8.433 1.00452
8.434 1.00205
8.435 1.00387
8.436 1.00437
8.437 1.00482
8.438 1.00282
8.439 1.00413
8.44 1.00485
8.441 1.00348
8.442 1.00303
8.443 1.00448
8.444 1.00271
8.445 1.00185
8.446 1.00271
8.447 1.00379
8.448 1.00293
8.449 1.00384
8.45 1.00395
8.451 1.00349
8.452 1.00682
8.453 1.0056
8.454 1.00574
8.455 1.00622
8.456 1.00689
8.457 1.00933
8.458 1.00717
8.459 1.00489
8.46 1.0058
8.461 1.00559
8.462 1.00417
8.463 1.00355
8.464 1.00331
8.465 1.00382
8.466 1.00283
8.467 1.00186
8.468 1.00366
8.469 1.00492
8.47 1.00175
8.471 1.00215
8.472 1.00112
8.473 1.00436
8.474 1.00527
8.475 1.00442
8.476 1.00489
8.477 1.00316
8.478 1.00254
8.479 1.00219
8.48 1.00288
8.481 1.00332
8.482 1.0028
8.483 1.00156
8.484 1.00347
8.485 1.00276
8.486 1.00381
8.487 1.00167
8.488 1.00364
8.489 1.00591
8.49 1.00531
8.491 1.00569
8.492 1.00583
8.493 1.00583
8.494 1.00793
8.495 1.00701
8.496 1.00539
8.497 1.00545
8.498 1.00452
8.499 1.00338
8.5 1.00424
8.501 1.0055
8.502 1.00558
8.503 1.00407
8.504 1.00267
8.505 1.00127
8.506 1.00177
8.507 1.00192
8.508 1.00352
8.509 1.00376
8.51 1.00173
8.511 1.00223
8.512 1.00214
8.513 1.00471
8.514 1.00475
8.515 1.0033
8.516 1.00609
8.517 1.00346
8.518 1.00213
8.519 1.00265
8.52 1.00508
8.521 1.00424
8.522 1.0034
8.523 1.00282
8.524 1.00534
8.525 1.00448
8.526 1.00595
8.527 1.00537
8.528 1.00649
8.529 1.00528
8.53 1.00448
8.531 1.00297
8.532 1.00459
8.533 1.00461
8.534 1.00584
8.535 1.00468
8.536 1.00282
8.537 1.00413
8.538 1.00308
8.539 1.00286
8.54 1.0015
8.541 1.00284
8.542 1.00342
8.543 1.00145
8.544 1.00402
8.545 1.00482
8.546 1.00243
8.547 1.00391
8.548 1.00352
8.549 1.00424
8.55 1.00768
8.551 1.00622
8.552 1.00447
8.553 1.00527
8.554 1.00314
8.555 1.00417
8.556 1.0053
8.557 1.00501
8.558 1.00466
8.559 1.00586
8.56 1.00506
8.561 1.00404
8.562 1.00431
8.563 1.00361
8.564 1.00527
8.565 1.00499
8.566 1.00538
8.567 1.0063
8.568 1.00517
8.569 1.00363
8.57 1.00414
8.571 1.00402
8.572 1.00372
8.573 1.00253
8.574 1.00214
8.575 1.00126
8.576 1.00197
8.577 1.00175
8.578 1.00127
8.579 1.00186
8.58 1.00212
8.581 1.00285
8.582 1.00327
8.583 1.00248
8.584 1.00368
8.585 1.00213
8.586 1.00194
8.587 1.00287
8.588 1.00261
8.589 1.00334
8.59 1.00221
8.591 1.00433
8.592 1.00459
8.593 1.00614
8.594 1.00456
8.595 1.00585
8.596 1.00487
8.597 1.00367
8.598 1.00334
8.599 1.00181
8.6 1.00312
8.601 1.00276
8.602 1.00353
8.603 1.00318
8.604 1.00159
8.605 1.00097
8.606 1.00165
8.607 1.00334
8.608 1.00538
8.609 1.00546
8.61 1.00686
8.611 1.00613
8.612 1.00454
8.613 1.00436
8.614 1.00215
8.615 1.00122
8.616 1.00208
8.617 1.00436
8.618 1.00208
8.619 1.00242
8.62 1.00442
8.621 1.00471
8.622 1.00317
8.623 1.00333
8.624 1.00265
8.625 1.00162
8.626 1.00099
8.627 1.00027
8.628 0.999851
8.629 1.00057
8.63 1.00341
8.631 1.00353
8.632 1.00286
8.633 1.00363
8.634 1.00468
8.635 1.00179
8.636 0.999942
8.637 1.00046
8.638 1.00025
8.639 1.00323
8.64 1.00321
8.641 1.00078
8.642 1.00192
8.643 0.999488
8.644 0.999601
8.645 1.00083
8.646 1.00116
8.647 0.999634
8.648 0.999649
8.649 1.00101
8.65 0.999522
8.651 1.0016
8.652 1.00065
8.653 0.999741
8.654 1.00192
8.655 1.0018
8.656 1.00009
8.657 1.00039
8.658 1.00151
8.659 1.00132
8.66 1.00132
8.661 0.999619
8.662 0.998662
8.663 1.00159
8.664 0.999369
8.665 0.999969
8.666 0.998281
8.667 0.998378
8.668 0.99853
8.669 1.00067
8.67 1.00027
8.671 1.00077
8.672 1.00123
8.673 1.0005
8.674 1.0015
8.675 1.00163
8.676 1.0006
8.677 0.999973
8.678 1.00095
8.679 0.9997
8.68 0.999909
8.681 0.999442
8.682 0.998995
8.683 1.00064
8.684 0.999143
8.685 0.998703
8.686 1.00039
8.687 1.00044
8.688 0.999472
8.689 1.00084
8.69 1.0026
8.691 0.999201
8.692 1.00039
8.693 1.00056
8.694 1.00109
8.695 0.999767
8.696 1.00009
8.697 1.0019
8.698 1.00141
8.699 1.00186
8.7 1.00131
8.701 1.00269
8.702 1.00023
8.703 1.00188
8.704 1.00242
8.705 1.00198
8.706 1.00063
8.707 1.00065
8.708 1.00125
8.709 1.001
8.71 1.00003
8.711 0.998378
8.712 0.998903
8.713 0.999038
8.714 0.998474
8.715 0.999678
8.716 1.00042
8.717 1.00041
8.718 1.00052
8.719 1.00002
8.72 0.997919
8.721 0.999287
8.722 0.998795
8.723 0.999558
8.724 0.999123
8.725 0.997886
8.726 0.999417
8.727 0.999208
8.728 0.999258
8.729 0.999246
8.73 0.999707
8.731 0.998084
8.732 0.998454
8.733 0.999158
8.734 0.999491
8.735 1.00076
8.736 1.00213
8.737 1.00088
8.738 1.00049
8.739 1.00093
8.74 1.00058
8.741 0.998006
8.742 0.999884
8.743 1.00078
8.744 1.00037
8.745 1.00001
8.746 1.00058
8.747 0.998195
8.748 0.998277
8.749 1.0011
8.75 1.0004
8.751 1.00082
8.752 1.0009
8.753 1.00129
8.754 1.00441
8.755 1.00337
8.756 1.002
8.757 1.00324
8.758 1.00178
8.759 1.00262
8.76 1.00202
8.761 1.00171
8.762 1.00118
8.763 1.00257
8.764 1.00258
8.765 1.00138
8.766 1.00244
8.767 1.00407
8.768 1.00367
8.769 1.00378
8.77 1.00292
8.771 1.00185
8.772 1.00278
8.773 1.00181
8.774 1.00214
8.775 1.00112
8.776 1.00044
8.777 1.00018
8.778 0.99966
8.779 0.999718
8.78 0.999188
8.781 0.999656
8.782 0.999949
8.783 1.00011
8.784 1.00033
8.785 0.999814
8.786 1.00035
8.787 0.999592
8.788 0.999079
8.789 1.00077
8.79 0.999835
8.791 1.00019
8.792 0.998346
8.793 0.998486
8.794 0.998708
8.795 1.00043
8.796 0.998813
8.797 0.998168
8.798 1.00054
8.799 1.00006
8.8 0.998482
8.801 0.999079
8.802 0.999929
8.803 0.99953
8.804 0.999735
8.805 0.999153
8.806 1.0034
8.807 1.00013
8.808 1.00189
8.809 1.0004
8.81 0.998462
8.811 0.998582
8.812 0.998646
8.813 0.997335
8.814 0.996515
8.815 0.996905
8.816 0.998201
8.817 0.998679
8.818 0.997528
8.819 0.997811
8.82 0.998401
8.821 0.999108
8.822 0.999642
8.823 1.00198
8.824 0.999646
8.825 0.998729
8.826 0.999448
8.827 1.00056
8.828 1.00143
8.829 1.00055
8.83 1.00075
8.831 0.999683
8.832 1.00003
8.833 0.998462
8.834 0.998275
8.835 0.997049
8.836 0.997877
8.837 0.999145
8.838 0.999585
8.839 0.99953
8.84 1.00083
8.841 1.00303
8.842 0.999918
8.843 1.00114
8.844 1.00122
8.845 0.999783
8.846 0.999817
8.847 0.999937
8.848 1.0006
8.849 1.00196
8.85 1.00023
8.851 0.999917
8.852 1.00148
8.853 1.00007
8.854 1.00055
8.855 0.999155
8.856 0.997805
8.857 0.998392
8.858 0.999898
8.859 0.999904
8.86 0.99819
8.861 0.997058
8.862 0.996374
8.863 0.99816
8.864 0.998331
8.865 0.999963
8.866 0.999375
8.867 0.997837
8.868 0.998924
8.869 0.998646
8.87 0.999048
8.871 1.00045
8.872 0.998699
8.873 0.999164
8.874 1.00037
8.875 1.00177
8.876 1.00179
8.877 1.00115
8.878 1.00123
8.879 1.00237
8.88 1.00277
8.881 1.00297
8.882 1.00126
8.883 1.00154
8.884 1.00157
8.885 1.00134
8.886 1.00077
8.887 0.99997
8.888 0.998612
8.889 0.999548
8.89 1.00132
8.891 0.999681
8.892 0.999377
8.893 0.998709
8.894 0.999863
8.895 0.999585
8.896 0.99824
8.897 0.998873
8.898 0.998203
8.899 0.998009
8.9 1.00197
8.901 0.99901
8.902 0.99912
8.903 0.999688
8.904 1.00047
8.905 0.999869
8.906 0.999874
8.907 0.999513
8.908 0.998722
8.909 0.99894
8.91 1.00109
8.911 0.999784
8.912 1.00053
8.913 0.999739
8.914 1.00034
8.915 1.00193
8.916 1.00024
8.917 1.00027
8.918 1.00019
8.919 0.999174
8.92 0.998878
8.921 0.999647
8.922 0.998155
8.923 0.998644
8.924 0.998628
8.925 0.999306
8.926 0.997845
8.927 0.997834
8.928 0.998529
8.929 0.999611
8.93 0.998589
8.931 1.00042
8.932 0.999393
8.933 1.00053
8.934 0.998824
8.935 0.999272
8.936 0.998215
8.937 0.997672
8.938 0.999574
8.939 0.999925
8.94 0.999087
8.941 0.999149
8.942 1.00035
8.943 0.999362
8.944 0.999273
8.945 0.997868
8.946 0.998571
8.947 0.997456
8.948 0.997478
8.949 0.996565
8.95 0.997958
8.951 0.999155
8.952 0.997189
8.953 0.997712
8.954 0.998579
8.955 0.999504
8.956 0.997361
8.957 1.00079
8.958 1.00221
8.959 0.999645
8.96 1.00047
8.961 0.99841
8.962 0.997716
8.963 0.999315
8.964 0.999924
8.965 0.997241
8.966 0.998653
8.967 0.997836
8.968 0.998831
8.969 0.998937
8.97 0.997758
8.971 0.998583
8.972 0.997865
8.973 0.997579
8.974 0.998089
8.975 0.99949
8.976 0.999269
8.977 0.999622
8.978 0.99856
8.979 0.998587
8.98 0.997532
8.981 0.999141
8.982 0.99879
8.983 0.998511
8.984 0.998177
8.985 0.996914
8.986 0.999624
8.987 0.998734
8.988 0.999702
8.989 1.00011
8.99 0.999767
8.991 1.00088
8.992 1.00014
8.993 1.00176
8.994 0.999841
8.995 0.999659
8.996 1.0013
8.997 0.999594
8.998 0.998831
8.999 1.00014
9 0.999481