2.952  -0.0575226 
2.953  -0.0575186 
2.954  -0.0575117 
2.955  -0.057502 
2.956  -0.0574894 
2.957  -0.057474 
2.958  -0.057456 
2.959  -0.0574352 
2.96  -0.0574119 
2.961  -0.057386 
2.962  -0.0573576 
2.963  -0.0573267 
2.964  -0.0572934 
2.965  -0.0572577 
2.966  -0.0572197 
2.967  -0.0571794 
2.968  -0.057137 
2.969  -0.0570923 
2.97  -0.0570455 
2.971  -0.0569965 
2.972  -0.0569456 
2.973  -0.0568926 
2.974  -0.0568376 
2.975  -0.0567808 
2.976  -0.056722 
2.977  -0.0566614 
2.978  -0.0565989 
2.979  -0.0565347 
2.98  -0.0564687 
2.981  -0.0564011 
2.982  -0.0563317 
2.983  -0.0562608 
2.984  -0.0561882 
2.985  -0.0561141 
2.986  -0.0560384 
2.987  -0.0559613 
2.988  -0.0558826 
2.989  -0.0558026 
2.99  -0.0557211 
2.991  -0.0556383 
2.992  -0.0555542 
2.993  -0.0554687 
2.994  -0.0553819 
2.995  -0.0552939 
2.996  -0.0552047 
2.997  -0.0551143 
2.998  -0.0550227 
2.999  -0.05493 
3  -0.0548361 
3.001  -0.0547412 
3.002  -0.0546452 
3.003  -0.0545482 
3.004  -0.0544501 
3.005  -0.0543511 
3.006  -0.0542511 
3.007  -0.0541502 
3.008  -0.0540483 
3.009  -0.0539456 
3.01  -0.053842 
3.011  -0.0537375 
3.012  -0.0536322 
3.013  -0.0535261 
3.014  -0.0534192 
3.015  -0.0533116 
3.016  -0.0532032 
3.017  -0.0530941 
3.018  -0.0529842 
3.019  -0.0528737 
3.02  -0.0527626 
3.021  -0.0526507 
3.022  -0.0525383 
3.023  -0.0524252 
3.024  -0.0523115 
3.025  -0.0521973 
3.026  -0.0520825 
3.027  -0.0519672 
3.028  -0.0518513 
3.029  -0.0517349 
3.03  -0.051618 
3.031  -0.0515007 
3.032  -0.0513829 
3.033  -0.0512646 
3.034  -0.0511459 
3.035  -0.0510268 
3.036  -0.0509073 
3.037  -0.0507874 
3.038  -0.0506671 
3.039  -0.0505464 
3.04  -0.0504254 
3.041  -0.0503041 
3.042  -0.0501824 
3.043  -0.0500605 
3.044  -0.0499382 
3.045  -0.0498156 
3.046  -0.0496928 
3.047  -0.0495697 
3.048  -0.0494464 
3.049  -0.0493228 
3.05  -0.049199 
3.051  -0.049075 
3.052  -0.0489508 
3.053  -0.0488264 
3.054  -0.0487018 
3.055  -0.048577 
3.056  -0.048452 
3.057  -0.0483269 
3.058  -0.0482017 
3.059  -0.0480763 
3.06  -0.0479508 
3.061  -0.0478252 
3.062  -0.0476995 
3.063  -0.0475737 
3.064  -0.0474478 
3.065  -0.0473218 
3.066  -0.0471957 
3.067  -0.0470696 
3.068  -0.0469434 
3.069  -0.0468172 
3.07  -0.0466909 
3.071  -0.0465646 
3.072  -0.0464383 
3.073  -0.0463119 
3.074  -0.0461855 
3.075  -0.0460592 
3.076  -0.0459328 
3.077  -0.0458065 
3.078  -0.0456801 
3.079  -0.0455538 
3.08  -0.0454276 
3.081  -0.0453013 
3.082  -0.0451751 
3.083  -0.045049 
3.084  -0.0449229 
3.085  -0.0447969 
3.086  -0.0446709 
3.087  -0.044545 
3.088  -0.0444192 
3.089  -0.0442935 
3.09  -0.0441678 
3.091  -0.0440423 
3.092  -0.0439168 
3.093  -0.0437915 
3.094  -0.0436662 
3.095  -0.0435411 
3.096  -0.0434161 
3.097  -0.0432912 
3.098  -0.0431665 
3.099  -0.0430419 
3.1  -0.0429174 
3.101  -0.042793 
3.102  -0.0426688 
3.103  -0.0425448 
3.104  -0.0424209 
3.105  -0.0422972 
3.106  -0.0421736 
3.107  -0.0420502 
3.108  -0.0419269 
3.109  -0.0418039 
3.11  -0.041681 
3.111  -0.0415583 
3.112  -0.0414357 
3.113  -0.0413134 
3.114  -0.0411912 
3.115  -0.0410692 
3.116  -0.0409475 
3.117  -0.0408259 
3.118  -0.0407045 
3.119  -0.0405834 
3.12  -0.0404624 
3.121  -0.0403416 
3.122  -0.0402211 
3.123  -0.0401008 
3.124  -0.0399807 
3.125  -0.0398608 
3.126  -0.0397411 
3.127  -0.0396217 
3.128  -0.0395025 
3.129  -0.0393835 
3.13  -0.0392647 
3.131  -0.0391462 
3.132  -0.0390279 
3.133  -0.0389099 
3.134  -0.0387921 
3.135  -0.0386745 
3.136  -0.0385572 
3.137  -0.0384402 
3.138  -0.0383233 
3.139  -0.0382068 
3.14  -0.0380904 
3.141  -0.0379744 
3.142  -0.0378586 
3.143  -0.037743 
3.144  -0.0376277 
3.145  -0.0375127 
3.146  -0.0373979 
3.147  -0.0372834 
3.148  -0.0371691 
3.149  -0.0370552 
3.15  -0.0369414 
3.151  -0.036828 
3.152  -0.0367148 
3.153  -0.0366019 
3.154  -0.0364892 
3.155  -0.0363769 
3.156  -0.0362648 
3.157  -0.036153 
3.158  -0.0360414 
3.159  -0.0359301 
3.16  -0.0358191 
3.161  -0.0357084 
3.162  -0.035598 
3.163  -0.0354878 
3.164  -0.035378 
3.165  -0.0352684 
3.166  -0.035159 
3.167  -0.03505 
3.168  -0.0349413 
3.169  -0.0348328 
3.17  -0.0347246 
3.171  -0.0346167 
3.172  -0.0345091 
3.173  -0.0344018 
3.174  -0.0342948 
3.175  -0.034188 
3.176  -0.0340816 
3.177  -0.0339754 
3.178  -0.0338695 
3.179  -0.0337639 
3.18  -0.0336586 
3.181  -0.0335536 
3.182  -0.0334489 
3.183  -0.0333445 
3.184  -0.0332403 
3.185  -0.0331365 
3.186  -0.0330329 
3.187  -0.0329297 
3.188  -0.0328267 
3.189  -0.032724 
3.19  -0.0326216 
3.191  -0.0325195 
3.192  -0.0324177 
3.193  -0.0323162 
3.194  -0.032215 
3.195  -0.0321141 
3.196  -0.0320135 
3.197  -0.0319131 
3.198  -0.0318131 
3.199  -0.0317133 
3.2  -0.0316139 
3.201  -0.0315147 
3.202  -0.0314158 
3.203  -0.0313172 
3.204  -0.0312189 
3.205  -0.0311209 
3.206  -0.0310232 
3.207  -0.0309258 
3.208  -0.0308287 
3.209  -0.0307319 
3.21  -0.0306353 
3.211  -0.0305391 
3.212  -0.0304431 
3.213  -0.0303475 
3.214  -0.0302521 
3.215  -0.030157 
3.216  -0.0300622 
3.217  -0.0299677 
3.218  -0.0298735 
3.219  -0.0297796 
3.22  -0.029686 
3.221  -0.0295926 
3.222  -0.0294996 
3.223  -0.0294068 
3.224  -0.0293143 
3.225  -0.0292221 
3.226  -0.0291302 
3.227  -0.0290386 
3.228  -0.0289473 
3.229  -0.0288562 
3.23  -0.0287655 
3.231  -0.028675 
3.232  -0.0285848 
3.233  -0.0284949 
3.234  -0.0284053 
3.235  -0.0283159 
3.236  -0.0282269 
3.237  -0.0281381 
3.238  -0.0280496 
3.239  -0.0279614 
3.24  -0.0278735 
3.241  -0.0277859 
3.242  -0.0276985 
3.243  -0.0276114 
3.244  -0.0275246 
3.245  -0.0274381 
3.246  -0.0273518 
3.247  -0.0272659 
3.248  -0.0271802 
3.249  -0.0270948 
3.25  -0.0270096 
3.251  -0.0269248 
3.252  -0.0268402 
3.253  -0.0267559 
3.254  -0.0266718 
3.255  -0.0265881 
3.256  -0.0265046 
3.257  -0.0264213 
3.258  -0.0263384 
3.259  -0.0262557 
3.26  -0.0261733 
3.261  -0.0260912 
3.262  -0.0260093 
3.263  -0.0259277 
3.264  -0.0258464 
3.265  -0.0257653 
3.266  -0.0256845 
3.267  -0.025604 
3.268  -0.0255237 
3.269  -0.0254437 
3.27  -0.025364 
3.271  -0.0252845 
3.272  -0.0252053 
3.273  -0.0251264 
3.274  -0.0250477 
3.275  -0.0249693 
3.276  -0.0248911 
3.277  -0.0248132 
3.278  -0.0247356 
3.279  -0.0246582 
3.28  -0.024581 
3.281  -0.0245042 
3.282  -0.0244276 
3.283  -0.0243512 
3.284  -0.0242751 
3.285  -0.0241993 
3.286  -0.0241237 
3.287  -0.0240483 
3.288  -0.0239732 
3.289  -0.0238984 
3.29  -0.0238238 
3.291  -0.0237495 
3.292  -0.0236754 
3.293  -0.0236016 
3.294  -0.023528 
3.295  -0.0234546 
3.296  -0.0233816 
3.297  -0.0233087 
3.298  -0.0232361 
3.299  -0.0231638 
3.3  -0.0230917 
3.301  -0.0230198 
3.302  -0.0229482 
3.303  -0.0228768 
3.304  -0.0228056 
3.305  -0.0227347 
3.306  -0.0226641 
3.307  -0.0225937 
3.308  -0.0225235 
3.309  -0.0224535 
3.31  -0.0223838 
3.311  -0.0223144 
3.312  -0.0222451 
3.313  -0.0221761 
3.314  -0.0221074 
3.315  -0.0220388 
3.316  -0.0219705 
3.317  -0.0219025 
3.318  -0.0218347 
3.319  -0.0217671 
3.32  -0.0216997 
3.321  -0.0216325 
3.322  -0.0215656 
3.323  -0.0214989 
3.324  -0.0214325 
3.325  -0.0213663 
3.326  -0.0213002 
3.327  -0.0212345 
3.328  -0.0211689 
3.329  -0.0211036 
3.33  -0.0210385 
3.331  -0.0209736 
3.332  -0.0209089 
3.333  -0.0208445 
3.334  -0.0207803 
3.335  -0.0207163 
3.336  -0.0206525 
3.337  -0.0205889 
3.338  -0.0205256 
3.339  -0.0204624 
3.34  -0.0203995 
3.341  -0.0203368 
3.342  -0.0202743 
3.343  -0.0202121 
3.344  -0.02015 
3.345  -0.0200882 
3.346  -0.0200265 
3.347  -0.0199651 
3.348  -0.0199039 
3.349  -0.0198429 
3.35  -0.0197821 
3.351  -0.0197215 
3.352  -0.0196612 
3.353  -0.019601 
3.354  -0.019541 
3.355  -0.0194813 
3.356  -0.0194217 
3.357  -0.0193624 
3.358  -0.0193032 
3.359  -0.0192443 
3.36  -0.0191856 
3.361  -0.019127 
3.362  -0.0190687 
3.363  -0.0190106 
3.364  -0.0189526 
3.365  -0.0188949 
3.366  -0.0188374 
3.367  -0.01878 
3.368  -0.0187229 
3.369  -0.0186659 
3.37  -0.0186092 
3.371  -0.0185526 
3.372  -0.0184963 
3.373  -0.0184401 
3.374  -0.0183841 
3.375  -0.0183283 
3.376  -0.0182727 
3.377  -0.0182173 
3.378  -0.0181621 
3.379  -0.0181071 
3.38  -0.0180523 
3.381  -0.0179976 
3.382  -0.0179432 
3.383  -0.0178889 
3.384  -0.0178348 
3.385  -0.017781 
3.386  -0.0177272 
3.387  -0.0176737 
3.388  -0.0176204 
3.389  -0.0175672 
3.39  -0.0175142 
3.391  -0.0174614 
3.392  -0.0174088 
3.393  -0.0173564 
3.394  -0.0173042 
3.395  -0.0172521 
3.396  -0.0172002 
3.397  -0.0171485 
3.398  -0.0170969 
3.399  -0.0170456 
3.4  -0.0169944 
3.401  -0.0169434 
3.402  -0.0168925 
3.403  -0.0168419 
3.404  -0.0167914 
3.405  -0.0167411 
3.406  -0.0166909 
3.407  -0.016641 
3.408  -0.0165912 
3.409  -0.0165415 
3.41  -0.0164921 
3.411  -0.0164428 
3.412  -0.0163937 
3.413  -0.0163447 
3.414  -0.016296 
3.415  -0.0162473 
3.416  -0.0161989 
3.417  -0.0161506 
3.418  -0.0161025 
3.419  -0.0160545 
3.42  -0.0160067 
3.421  -0.0159591 
3.422  -0.0159117 
3.423  -0.0158644 
3.424  -0.0158172 
3.425  -0.0157702 
3.426  -0.0157234 
3.427  -0.0156768 
3.428  -0.0156303 
3.429  -0.0155839 
3.43  -0.0155378 
3.431  -0.0154917 
3.432  -0.0154459 
3.433  -0.0154002 
3.434  -0.0153546 
3.435  -0.0153092 
3.436  -0.015264 
3.437  -0.0152189 
3.438  -0.015174 
3.439  -0.0151292 
3.44  -0.0150845 
3.441  -0.0150401 
3.442  -0.0149957 
3.443  -0.0149516 
3.444  -0.0149075 
3.445  -0.0148637 
3.446  -0.01482 
3.447  -0.0147764 
3.448  -0.014733 
3.449  -0.0146897 
3.45  -0.0146465 
3.451  -0.0146036 
3.452  -0.0145607 
3.453  -0.014518 
3.454  -0.0144755 
3.455  -0.0144331 
3.456  -0.0143908 
3.457  -0.0143487 
3.458  -0.0143067 
3.459  -0.0142649 
3.46  -0.0142232 
3.461  -0.0141817 
3.462  -0.0141403 
3.463  -0.014099 
3.464  -0.0140579 
3.465  -0.0140169 
3.466  -0.013976 
3.467  -0.0139353 
3.468  -0.0138948 
3.469  -0.0138543 
3.47  -0.013814 
3.471  -0.0137739 
3.472  -0.0137338 
3.473  -0.0136939 
3.474  -0.0136542 
3.475  -0.0136146 
3.476  -0.0135751 
3.477  -0.0135357 
3.478  -0.0134965 
3.479  -0.0134574 
3.48  -0.0134185 
3.481  -0.0133796 
3.482  -0.013341 
3.483  -0.0133024 
3.484  -0.013264 
3.485  -0.0132257 
3.486  -0.0131875 
3.487  -0.0131494 
3.488  -0.0131115 
3.489  -0.0130737 
3.49  -0.0130361 
3.491  -0.0129985 
3.492  -0.0129611 
3.493  -0.0129238 
3.494  -0.0128867 
3.495  -0.0128496 
3.496  -0.0128127 
3.497  -0.0127759 
3.498  -0.0127393 
3.499  -0.0127027 
3.5  -0.0126663 
3.501  -0.01263 
3.502  -0.0125938 
3.503  -0.0125578 
3.504  -0.0125219 
3.505  -0.0124861 
3.506  -0.0124504 
3.507  -0.0124148 
3.508  -0.0123793 
3.509  -0.012344 
3.51  -0.0123088 
3.511  -0.0122737 
3.512  -0.0122387 
3.513  -0.0122038 
3.514  -0.0121691 
3.515  -0.0121345 
3.516  -0.0120999 
3.517  -0.0120655 
3.518  -0.0120312 
3.519  -0.0119971 
3.52  -0.011963 
3.521  -0.0119291 
3.522  -0.0118952 
3.523  -0.0118615 
3.524  -0.0118279 
3.525  -0.0117944 
3.526  -0.011761 
3.527  -0.0117278 
3.528  -0.0116946 
3.529  -0.0116615 
3.53  -0.0116286 
3.531  -0.0115958 
3.532  -0.011563 
3.533  -0.0115304 
3.534  -0.0114979 
3.535  -0.0114655 
3.536  -0.0114332 
3.537  -0.011401 
3.538  -0.0113689 
3.539  -0.011337 
3.54  -0.0113051 
3.541  -0.0112733 
3.542  -0.0112417 
3.543  -0.0112101 
3.544  -0.0111787 
3.545  -0.0111473 
3.546  -0.0111161 
3.547  -0.0110849 
3.548  -0.0110539 
3.549  -0.011023 
3.55  -0.0109921 
3.551  -0.0109614 
3.552  -0.0109308 
3.553  -0.0109002 
3.554  -0.0108698 
3.555  -0.0108395 
3.556  -0.0108093 
3.557  -0.0107791 
3.558  -0.0107491 
3.559  -0.0107192 
3.56  -0.0106893 
3.561  -0.0106596 
3.562  -0.0106299 
3.563  -0.0106004 
3.564  -0.010571 
3.565  -0.0105416 
3.566  -0.0105124 
3.567  -0.0104832 
3.568  -0.0104541 
3.569  -0.0104252 
3.57  -0.0103963 
3.571  -0.0103675 
3.572  -0.0103388 
3.573  -0.0103102 
3.574  -0.0102818 
3.575  -0.0102533 
3.576  -0.010225 
3.577  -0.0101968 
3.578  -0.0101687 
3.579  -0.0101407 
3.58  -0.0101127 
3.581  -0.0100849 
3.582  -0.0100571 
3.583  -0.0100294 
3.584  -0.0100018 
3.585  -0.00997435 
3.586  -0.00994694 
3.587  -0.00991963 
3.588  -0.0098924 
3.589  -0.00986526 
3.59  -0.00983821 
3.591  -0.00981125 
3.592  -0.00978438 
3.593  -0.00975759 
3.594  -0.00973089 
3.595  -0.00970427 
3.596  -0.00967774 
3.597  -0.0096513 
3.598  -0.00962494 
3.599  -0.00959867 
3.6  -0.00957248 
3.601  -0.00954638 
3.602  -0.00952036 
3.603  -0.00949442 
3.604  -0.00946857 
3.605  -0.0094428 
3.606  -0.00941712 
3.607  -0.00939152 
3.608  -0.009366 
3.609  -0.00934056 
3.61  -0.0093152 
3.611  -0.00928993 
3.612  -0.00926473 
3.613  -0.00923962 
3.614  -0.00921459 
3.615  -0.00918964 
3.616  -0.00916476 
3.617  -0.00913997 
3.618  -0.00911526 
3.619  -0.00909063 
3.62  -0.00906607 
3.621  -0.00904159 
3.622  -0.0090172 
3.623  -0.00899288 
3.624  -0.00896863 
3.625  -0.00894447 
3.626  -0.00892038 
3.627  -0.00889637 
3.628  -0.00887244 
3.629  -0.00884858 
3.63  -0.0088248 
3.631  -0.00880109 
3.632  -0.00877746 
3.633  -0.0087539 
3.634  -0.00873042 
3.635  -0.00870702 
3.636  -0.00868369 
3.637  -0.00866043 
3.638  -0.00863724 
3.639  -0.00861413 
3.64  -0.0085911 
3.641  -0.00856813 
3.642  -0.00854524 
3.643  -0.00852243 
3.644  -0.00849968 
3.645  -0.00847701 
3.646  -0.0084544 
3.647  -0.00843187 
3.648  -0.00840941 
3.649  -0.00838703 
3.65  -0.00836471 
3.651  -0.00834246 
3.652  -0.00832028 
3.653  -0.00829818 
3.654  -0.00827614 
3.655  -0.00825417 
3.656  -0.00823227 
3.657  -0.00821044 
3.658  -0.00818868 
3.659  -0.00816699 
3.66  -0.00814537 
3.661  -0.00812381 
3.662  -0.00810232 
3.663  -0.0080809 
3.664  -0.00805955 
3.665  -0.00803826 
3.666  -0.00801704 
3.667  -0.00799589 
3.668  -0.0079748 
3.669  -0.00795378 
3.67  -0.00793282 
3.671  -0.00791193 
3.672  -0.00789111 
3.673  -0.00787035 
3.674  -0.00784966 
3.675  -0.00782903 
3.676  -0.00780846 
3.677  -0.00778796 
3.678  -0.00776752 
3.679  -0.00774715 
3.68  -0.00772684 
3.681  -0.0077066 
3.682  -0.00768641 
3.683  -0.00766629 
3.684  -0.00764623 
3.685  -0.00762624 
3.686  -0.0076063 
3.687  -0.00758643 
3.688  -0.00756662 
3.689  -0.00754688 
3.69  -0.00752719 
3.691  -0.00750756 
3.692  -0.007488 
3.693  -0.00746849 
3.694  -0.00744905 
3.695  -0.00742967 
3.696  -0.00741034 
3.697  -0.00739108 
3.698  -0.00737187 
3.699  -0.00735273 
3.7  -0.00733364 