0.001  3.09229e+70 
0.002  4.45539e+77 
0.003  9.72532e+69 
0.004  7.41525e+70 
0.005  3.58886e+77 
0.006  2.79653e+79 
0.007  5.26096e+73 
0.008  4.27267e+71 
0.009  3.15212e+80 
0.01  2.40317e+79 
0.011  5.31808e+72 
0.012  1.27871e+70 
0.013  2.47691e+70 
0.014  2.39379e+77 
0.015  6.45646e+77 
0.016  2.73584e+71 
0.017  4.26344e+73 
0.018  1.48496e+72 
0.019  1.04508e+68 
0.02  6.21823e+75 
0.021  4.04868e+84 
0.022  6.92642e+72 
0.023  3.08046e+83 
0.024  1.83812e+84 
0.025  4.58731e+72 
0.026  4.6565e+80 
0.027  1.16946e+78 
0.028  3.81449e+80 
0.029  2.80539e+75 
0.03  1.19463e+77 
0.031  3.5084e+71 
0.032  5.56727e+70 
0.033  5.61391e+90 
0.034  3.42186e+68 
0.035  6.86646e+80 
0.036  1.40894e+73 
0.037  5.86435e+76 
0.038  6.41889e+73 
0.039  2.38474e+82 
0.04  1.01955e+74 
0.041  2.81919e+77 
0.042  4.99975e+79 
0.043  2.16629e+95 
0.044  7.64149e+87 
0.045  4.52426e+77 
0.046  8.66485e+81 
0.047  5.49285e+80 
0.048  4.30925e+79 
0.049  4.6782e+74 
0.05  1.52009e+82 
0.051  2.16129e+77 
0.052  1.67376e+71 
0.053  5.57596e+72 
0.054  6.27292e+72 
0.055  2.90169e+74 
0.056  3.57169e+74 
0.057  5.01042e+74 
0.058  6.55634e+70 
0.059  2.84798e+66 
0.06  2.32688e+73 
0.061  1.66911e+83 
0.062  1.45255e+72 
0.063  6.99772e+82 
0.064  2.75566e+82 
0.065  2.01295e+72 
0.066  2.48311e+86 
0.067  1.28375e+77 
0.068  2.6e+70 
0.069  1.87109e+85 
0.07  1.42933e+69 
0.071  4.7331e+79 
0.072  1.4309e+80 
0.073  1.68727e+83 
0.074  9.64909e+70 
0.075  1.2594e+79 
0.076  1.40015e+74 
0.077  1.62358e+94 
0.078  2.77318e+72 
0.079  1.15603e+67 
0.08  1.04776e+80 
0.081  1.59124e+66 
0.082  6.10943e+75 
0.083  1.20759e+71 
0.084  2.82562e+73 
0.085  8.89682e+74 
0.086  1.98578e+78 
0.087  9.41948e+73 
0.088  4.13845e+72 
0.089  3.04542e+89 
0.09  3.74287e+74 
0.091  1.14601e+92 
0.092  6.16003e+93 
0.093  1.11246e+66 
0.094  1.41282e+80 
0.095  1.23688e+76 
0.096  4.46866e+70 
0.097  6.62579e+74 
0.098  3.03908e+77 
0.099  2.969e+75 
0.1  4.17477e+73 
0.101  4.41612e+76 
0.102  2.22948e+75 
0.103  2.48454e+75 
0.104  2.98005e+81 
0.105  5.03836e+102 
0.106  1.47226e+70 
0.107  8.97213e+79 
0.108  3.82261e+75 
0.109  2.36066e+80 
0.11  4.25217e+76 
0.111  6.97363e+73 
0.112  1.4256e+79 
0.113  1.22141e+77 
0.114  6.01851e+85 
0.115  8.55132e+77 
0.116  1.59313e+104 
0.117  3.69598e+88 
0.118  2.81282e+76 
0.119  6.64465e+67 
0.12  1.14868e+80 
0.121  7.54084e+71 
0.122  1.63686e+77 
0.123  8.37813e+74 
0.124  2.49726e+69 
0.125  6.52855e+68 
0.126  1.22449e+70 
0.127  4.1554e+79 
0.128  1.10179e+82 
0.129  8.12228e+70 
0.13  3.75899e+74 
0.131  7.96126e+77 
0.132  1.85412e+68 
0.133  8.6898e+77 
0.134  4.28024e+69 
0.135  6.64478e+79 
0.136  2.72648e+78 
0.137  1.92239e+75 
0.138  7.29155e+70 
0.139  4.08971e+72 
0.14  7.52784e+89 
0.141  4.71477e+72 
0.142  1.88914e+76 
0.143  4.93107e+67 
0.144  7.47755e+66 
0.145  2.95195e+76 
0.146  1.44345e+76 
0.147  4.99828e+86 
0.148  1.10456e+83 
0.149  1.34351e+64 
0.15  5.36663e+76 
0.151  1.80003e+91 
0.152  2.6493e+86 
0.153  2.22028e+74 
0.154  1.96782e+77 
0.155  2.05959e+74 
0.156  1.31918e+77 
0.157  8.84627e+78 
0.158  1.51581e+77 
0.159  1.05723e+70 
0.16  9.8353e+79 
0.161  2.27842e+84 
0.162  6.82379e+89 
0.163  1.01181e+85 
0.164  4.49293e+76 
0.165  1.68525e+72 
0.166  8.78531e+71 
0.167  1.11056e+68 
0.168  1.27328e+77 
0.169  4.38677e+75 
0.17  1.25495e+71 
0.171  1.00625e+83 
0.172  1.74123e+72 
0.173  1.69018e+78 
0.174  6.37459e+84 
0.175  1.25656e+81 
0.176  1.63781e+78 
0.177  1.4196e+76 
0.178  7.34265e+77 
0.179  5.70846e+78 
0.18  7.94734e+77 
0.181  2.8074e+99 
0.182  4.86187e+84 
0.183  4.37179e+73 
0.184  2.14273e+84 
0.185  4.79916e+76 
0.186  5.61327e+80 
0.187  1.09048e+75 
0.188  1.27628e+82 
0.189  6.49675e+71 
0.19  1.58486e+76 
0.191  1.00716e+89 
0.192  1.8975e+73 
0.193  1.90231e+76 
0.194  1.86489e+69 
0.195  1.93037e+84 
0.196  1.01549e+84 
0.197  7.3356e+88 
0.198  4.89788e+79 
0.199  3.45026e+78 
0.2  6.68314e+72 
0.201  8.3897e+82 
0.202  9.44656e+82 
0.203  2.06653e+84 
0.204  3.26994e+75 
0.205  7.06792e+86 
0.206  6.54311e+78 
0.207  2.40564e+75 
0.208  1.74022e+78 
0.209  2.90019e+71 
0.21  4.47676e+81 
0.211  9.12976e+84 
0.212  3.40659e+69 
0.213  1.02472e+91 
0.214  8.99001e+72 
0.215  1.17005e+69 
0.216  1.3529e+104 
0.217  1.6092e+74 
0.218  1.07977e+74 
0.219  3.0104e+91 
0.22  9.89032e+76 
0.221  2.48071e+86 
0.222  5.161e+81 
0.223  8.99882e+86 
0.224  1.53911e+73 
0.225  1.33686e+83 
0.226  4.20187e+75 
0.227  3.78241e+74 
0.228  1.00839e+82 
0.229  6.62768e+70 
0.23  1.73979e+81 
0.231  7.4077e+77 
0.232  2.04116e+77 
0.233  1.54887e+67 
0.234  2.55365e+101 
0.235  1.62219e+77 
0.236  8.71333e+81 
0.237  1.21131e+76 
0.238  2.35362e+77 
0.239  1.94889e+74 
0.24  1.3434e+70 
0.241  2.06357e+78 
0.242  3.19625e+87 
0.243  2.55101e+86 
0.244  6.55672e+70 
0.245  2.04979e+69 
0.246  2.00898e+72 
0.247  9.53601e+84 
0.248  5.71135e+82 
0.249  6.32654e+72 
0.25  4.16363e+73 
0.251  4.44689e+65 
0.252  2.84376e+78 
0.253  8.42262e+74 
0.254  1.38937e+81 
0.255  1.13454e+80 
0.256  4.33869e+80 
0.257  1.45919e+84 
0.258  5.01922e+82 
0.259  7.82982e+69 
0.26  2.6382e+70 
0.261  5.49183e+77 
0.262  3.52822e+75 
0.263  9.23635e+79 
0.264  1.21005e+76 
0.265  7.31581e+83 
0.266  1.21436e+83 
0.267  3.76148e+90 
0.268  1.23604e+83 
0.269  8.13874e+86 
0.27  1.82293e+73 
0.271  4.04067e+90 
0.272  8.488e+81 
0.273  3.83364e+74 
0.274  5.72969e+82 
0.275  3.30042e+70 
0.276  9.12072e+75 
0.277  2.54068e+71 
0.278  2.28828e+78 
0.279  6.92928e+80 
0.28  1.85345e+76 
0.281  2.93742e+83 
0.282  4.29796e+73 
0.283  1.49276e+80 
0.284  2.34224e+72 
0.285  1.34734e+73 
0.286  1.00848e+74 
0.287  6.86426e+84 
0.288  3.62185e+69 
0.289  3.05924e+105 
0.29  1.15267e+77 
0.291  1.03599e+80 
0.292  1.31047e+94 
0.293  1.6067e+97 
0.294  2.7645e+70 
0.295  9.42866e+81 
0.296  1.42257e+77 
0.297  3.27846e+78 
0.298  1.50528e+86 
0.299  1.47332e+85 
0.3  6.05331e+85 
0.301  1.82435e+77 
0.302  3.05167e+69 
0.303  4.81869e+85 
0.304  5.206e+91 
0.305  1.60276e+76 
0.306  8.98072e+69 
0.307  9.36796e+68 
0.308  1.49085e+72 
0.309  2.9124e+83 
0.31  3.6281e+66 
0.311  3.29059e+74 
0.312  8.47146e+75 
0.313  4.1815e+74 
0.314  1.81949e+72 
0.315  5.31153e+79 
0.316  9.20767e+70 
0.317  4.19935e+76 
0.318  7.95339e+72 
0.319  1.1123e+84 
0.32  1.10894e+70 
0.321  2.78174e+75 
0.322  2.28723e+85 
0.323  6.78932e+81 
0.324  4.71038e+71 
0.325  4.32592e+73 
0.326  1.22115e+70 
0.327  8.07616e+80 
0.328  1.16727e+76 
0.329  3.03657e+78 
0.33  1.14219e+78 
0.331  7.89375e+68 
0.332  5.58429e+99 
0.333  3.52186e+82 
0.334  5.86481e+88 
0.335  1.63317e+89 
0.336  2.712e+87 
0.337  5.68976e+77 
0.338  2.17615e+88 
0.339  1.67253e+78 
0.34  5.93353e+97 
0.341  1.69404e+84 
0.342  2.28882e+71 
0.343  2.74887e+83 
0.344  1.04649e+86 
0.345  3.87302e+70 
0.346  8.40301e+83 
0.347  7.00243e+65 
0.348  3.14673e+73 
0.349  1.75041e+79 
0.35  1.54314e+90 
0.351  4.23096e+77 
0.352  1.05548e+88 
0.353  1.04843e+76 
0.354  1.38902e+81 
0.355  6.46346e+97 
0.356  1.00764e+69 
0.357  7.51077e+76 
0.358  1.97425e+86 
0.359  2.07088e+74 
0.36  1.58949e+70 
0.361  1.99876e+86 
0.362  1.4488e+81 
0.363  6.74129e+88 
0.364  2.28549e+72 
0.365  2.85785e+76 
0.366  4.07743e+68 
0.367  1.24076e+78 
0.368  2.63615e+72 
0.369  5.56435e+80 
0.37  5.65868e+81 
0.371  2.82416e+84 
0.372  1.0621e+91 
0.373  1.89826e+69 
0.374  8.11739e+72 
0.375  3.927e+75 
0.376  1.15441e+70 
0.377  1.83968e+73 
0.378  1.78615e+73 
0.379  5.13093e+72 
0.38  2.17838e+85 
0.381  7.30914e+68 
0.382  3.8798e+79 
0.383  1.82476e+81 
0.384  1.27857e+76 
0.385  2.98893e+71 
0.386  5.69949e+72 
0.387  1.00754e+77 
0.388  1.35918e+91 
0.389  9.48587e+78 
0.39  6.68835e+70 
0.391  1.04662e+75 
0.392  8.74767e+82 
0.393  3.04034e+72 
0.394  7.72447e+84 
0.395  1.20496e+77 
0.396  2.19679e+68 
0.397  7.96991e+74 
0.398  9.47544e+77 
0.399  1.90808e+70 
0.4  3.71021e+83 
0.401  2.17599e+73 
0.402  3.92871e+85 
0.403  5.18386e+74 
0.404  5.10136e+68 
0.405  2.11698e+84 
0.406  6.45352e+78 
0.407  2.64588e+70 
0.408  7.98929e+87 
0.409  4.33731e+80 
0.41  1.50381e+83 
0.411  5.29483e+76 
0.412  1.68652e+78 
0.413  7.63454e+81 
0.414  1.44046e+82 
0.415  4.31062e+74 
0.416  5.87744e+79 
0.417  4.01166e+84 
0.418  4.47808e+78 
0.419  8.32572e+80 
0.42  3.14971e+72 
0.421  7.11544e+71 
0.422  3.51142e+70 
0.423  7.46308e+69 
0.424  2.37762e+71 
0.425  6.1507e+76 
0.426  1.55845e+74 
0.427  6.89357e+79 
0.428  5.84859e+74 
0.429  1.25392e+90 
0.43  1.04185e+68 
0.431  1.24281e+80 
0.432  2.93406e+70 
0.433  1.31976e+77 
0.434  5.31288e+84 
0.435  4.63704e+74 
0.436  5.50157e+80 
0.437  3.983e+77 
0.438  6.91618e+74 
0.439  2.02859e+74 
0.44  3.3767e+72 
0.441  1.57481e+73 
0.442  3.06899e+79 
0.443  9.83487e+64 
0.444  4.82517e+75 
0.445  3.09245e+83 
0.446  3.33129e+74 
0.447  1.7744e+78 
0.448  3.60855e+98 
0.449  9.84509e+80 
0.45  7.80422e+80 
0.451  1.48261e+81 
0.452  3.35445e+68 
0.453  1.80924e+81 
0.454  1.34032e+93 
0.455  7.65045e+75 
0.456  2.85137e+75 
0.457  3.67843e+74 
0.458  1.10603e+73 
0.459  5.13072e+79 
0.46  2.73173e+85 
0.461  3.45293e+77 
0.462  7.2651e+69 
0.463  6.221e+80 
0.464  2.80635e+71 
0.465  1.06721e+80 
0.466  3.17968e+80 
0.467  2.16355e+87 
0.468  3.41301e+71 
0.469  2.35144e+72 
0.47  9.65591e+94 
0.471  4.81498e+76 
0.472  7.94605e+75 
0.473  2.42162e+88 
0.474  2.86455e+80 
0.475  6.39875e+74 
0.476  2.47871e+82 
0.477  1.44914e+81 
0.478  3.75467e+69 
0.479  1.09934e+84 
0.48  5.35577e+77 
0.481  1.01313e+79 
0.482  5.96612e+87 
0.483  4.12531e+94 
0.484  3.01937e+77 
0.485  3.67332e+83 
0.486  6.24662e+71 
0.487  3.52644e+81 
0.488  3.03581e+99 
0.489  9.11543e+71 
0.49  2.40044e+72 
0.491  8.7411e+85 
0.492  4.42771e+93 
0.493  2.6467e+76 
0.494  5.19191e+70 
0.495  4.39293e+79 
0.496  1.27035e+73 
0.497  4.72962e+82 
0.498  3.13623e+70 
0.499  1.04184e+67 
0.5  7.60406e+83 
0.501  2.86439e+66 
0.502  4.13276e+81 
0.503  1.76727e+84 
0.504  5.01014e+98 
0.505  3.63132e+77 
0.506  2.09181e+76 
0.507  1.61021e+75 
0.508  7.67923e+94 
0.509  6.5977e+87 
0.51  4.62262e+69 
0.511  4.57562e+69 
0.512  2.07427e+73 
0.513  2.57627e+86 
0.514  4.48388e+76 
0.515  3.27235e+80 
0.516  1.18713e+75 
0.517  1.33152e+88 
0.518  2.21349e+86 
0.519  6.2911e+82 
0.52  3.67606e+79 
0.521  3.17143e+75 
0.522  3.5897e+79 
0.523  1.7576e+64 
0.524  3.50506e+73 
0.525  1.71041e+83 
0.526  3.42651e+66 
0.527  2.03367e+74 
0.528  7.55093e+90 
0.529  1.29483e+72 
0.53  2.77445e+65 
0.531  3.19081e+84 
0.532  2.39935e+82 
0.533  1.68218e+71 
0.534  6.34481e+78 
0.535  1.33223e+74 
0.536  1.93832e+76 
0.537  1.23635e+74 
0.538  8.24938e+72 
0.539  1.80055e+87 
0.54  3.11819e+86 
0.541  7.50772e+74 
0.542  8.26072e+80 
0.543  1.3025e+84 
0.544  1.78791e+77 
0.545  4.41348e+71 
0.546  7.97719e+71 
0.547  4.79533e+74 
0.548  1.1404e+89 
0.549  2.98907e+88 
0.55  4.94449e+69 
0.551  5.69362e+92 
0.552  1.39711e+82 
0.553  4.6053e+79 
0.554  3.92348e+73 
0.555  8.09884e+84 
0.556  5.95242e+90 
0.557  1.29242e+74 
0.558  1.14025e+83 
0.559  4.64179e+75 
0.56  9.96432e+82 
0.561  3.69992e+74 
0.562  1.12677e+74 
0.563  6.14417e+89 
0.564  3.08105e+88 
0.565  5.42841e+72 
0.566  3.0291e+86 
0.567  8.44013e+80 
0.568  1.03456e+70 
0.569  2.3701e+69 
0.57  3.68655e+75 
0.571  3.3795e+72 
0.572  3.0948e+71 
0.573  1.91353e+80 
0.574  7.69675e+81 
0.575  5.19747e+77 
0.576  2.59291e+81 
0.577  1.70315e+89 
0.578  7.65626e+77 
0.579  3.22616e+73 
0.58  3.05728e+75 
0.581  2.86698e+77 
0.582  2.9128e+73 
0.583  6.24429e+73 
0.584  1.30162e+75 
0.585  1.04324e+76 
0.586  4.73103e+85 
0.587  1.45466e+82 
0.588  1.44943e+74 
0.589  2.61202e+73 
0.59  2.75457e+75 
0.591  1.44139e+85 
0.592  5.13981e+73 
0.593  2.10555e+74 
0.594  4.60566e+90 
0.595  2.86841e+74 
0.596  3.01975e+64 
0.597  1.81621e+107 
0.598  5.86881e+80 
0.599  5.75969e+71 
0.6  4.33952e+91 
0.601  2.81467e+80 
0.602  1.3896e+78 
0.603  1.47242e+70 
0.604  4.45586e+74 
0.605  7.95847e+71 
0.606  1.5607e+80 
0.607  7.8355e+75 
0.608  3.70312e+69 
0.609  7.91402e+76 
0.61  3.01618e+78 
0.611  2.1852e+79 
0.612  2.93787e+77 
0.613  9.23932e+81 
0.614  8.10165e+74 
0.615  1.68956e+79 
0.616  1.85126e+73 
0.617  9.57101e+71 
0.618  3.07876e+75 
0.619  1.85636e+80 
0.62  8.94964e+80 
0.621  6.90894e+68 
0.622  1.52404e+66 
0.623  2.67822e+81 
0.624  6.8115e+87 
0.625  1.8983e+85 
0.626  5.39801e+85 
0.627  3.9224e+72 
0.628  2.12378e+80 
0.629  5.12523e+72 
0.63  2.15381e+74 
0.631  1.73887e+79 
0.632  2.88167e+79 
0.633  1.12478e+74 
0.634  6.67473e+79 
0.635  1.07381e+99 
0.636  1.14242e+80 
0.637  1.84633e+70 
0.638  5.1245e+83 
0.639  1.61256e+83 
0.64  1.48052e+89 
0.641  8.93443e+67 
0.642  1.79559e+82 
0.643  2.01036e+80 
0.644  5.14317e+72 
0.645  7.43333e+82 
0.646  3.22071e+72 
0.647  3.29555e+76 
0.648  3.01827e+79 
0.649  3.16254e+91 
0.65  2.1043e+84 
0.651  1.11573e+75 
0.652  2.59034e+82 
0.653  9.09792e+83 
0.654  1.13343e+86 
0.655  1.58841e+72 
0.656  5.52458e+82 
0.657  2.10112e+79 
0.658  1.40338e+87 
0.659  2.73855e+85 
0.66  2.20251e+70 
0.661  9.23629e+83 
0.662  1.44741e+75 
0.663  1.47552e+70 
0.664  9.28809e+90 
0.665  1.08582e+77 
0.666  2.04403e+90 
0.667  1.03732e+90 
0.668  2.99134e+74 
0.669  1.7424e+93 
0.67  2.97692e+74 
0.671  1.32179e+88 
0.672  9.55165e+76 
0.673  3.84247e+75 
0.674  2.59166e+88 
0.675  2.77553e+75 
0.676  1.23862e+70 
0.677  4.98083e+78 
0.678  1.59953e+90 
0.679  6.23757e+77 
0.68  1.67047e+80 
0.681  1.29481e+71 
0.682  5.25576e+71 
0.683  3.17676e+82 
0.684  2.7759e+85 
0.685  1.69866e+70 
0.686  1.77505e+86 
0.687  7.53578e+72 
0.688  1.18143e+76 
0.689  1.39158e+81 
0.69  1.02137e+73 
0.691  1.30731e+75 
0.692  4.81019e+85 
0.693  5.89933e+85 
0.694  7.71469e+74 
0.695  6.06818e+72 
0.696  4.94074e+83 
0.697  3.17477e+77 
0.698  2.06654e+82 
0.699  1.32495e+70 
0.7  6.75997e+76 
0.701  2.98252e+73 
0.702  1.54465e+73 
0.703  8.52914e+96 
0.704  5.56068e+90 
0.705  2.49776e+83 
0.706  2.8539e+77 
0.707  7.13877e+81 
0.708  7.12997e+74 
0.709  4.26202e+81 
0.71  1.75159e+90 
0.711  4.06233e+79 
0.712  3.89518e+70 
0.713  7.08009e+79 
0.714  1.63503e+88 
0.715  1.56683e+85 
0.716  1.01042e+79 
0.717  1.07445e+83 
0.718  4.38566e+76 
0.719  4.71814e+77 
0.72  4.87848e+72 
0.721  7.13143e+69 
0.722  6.13364e+69 
0.723  7.81002e+68 
0.724  1.28007e+91 
0.725  1.26715e+77 
0.726  6.77847e+74 
0.727  1.57996e+82 
0.728  4.97821e+74 
0.729  1.96654e+72 
0.73  3.94625e+80 
0.731  1.69778e+72 
0.732  9.75035e+87 
0.733  5.56644e+84 
0.734  8.66464e+89 
0.735  4.63004e+81 
0.736  3.43747e+72 
0.737  2.01249e+84 
0.738  5.14853e+66 
0.739  3.00892e+77 
0.74  1.07802e+79 
0.741  1.6291e+85 
0.742  5.07248e+75 
0.743  2.49265e+80 
0.744  3.87238e+89 
0.745  4.45293e+87 
0.746  6.69426e+78 
0.747  3.98903e+83 
0.748  1.87377e+77 
0.749  3.1187e+73 
0.75  8.11389e+74 
0.751  2.48434e+70 
0.752  2.69329e+74 
0.753  1.00167e+74 
0.754  6.78671e+79 
0.755  1.36241e+78 
0.756  8.16047e+68 
0.757  8.19888e+71 
0.758  3.60454e+88 
0.759  3.09857e+79 
0.76  5.04956e+74 
0.761  4.23282e+83 
0.762  1.45076e+75 
0.763  7.75439e+72 
0.764  1.14987e+74 
0.765  3.93799e+86 
0.766  5.84419e+71 
0.767  7.55537e+74 
0.768  2.23317e+77 
0.769  1.98357e+82 
0.77  3.05961e+78 
0.771  1.65764e+69 
0.772  1.1792e+70 
0.773  2.30291e+70 
0.774  1.56192e+79 
0.775  1.3736e+91 
0.776  2.23621e+85 
0.777  1.01873e+69 
0.778  3.73227e+70 
0.779  3.46018e+81 
0.78  8.48839e+67 
0.781  2.3269e+76 
0.782  3.17938e+72 
0.783  4.67039e+86 
0.784  2.20053e+69 
0.785  8.82761e+83 
0.786  1.2532e+78 
0.787  1.14723e+82 
0.788  2.67675e+75 
0.789  8.45233e+70 
0.79  1.89908e+71 
0.791  7.53575e+73 
0.792  5.16563e+88 
0.793  5.08045e+76 
0.794  3.51016e+80 
0.795  3.53819e+81 
0.796  2.35474e+85 
0.797  5.79794e+77 
0.798  4.66203e+70 
0.799  2.75179e+89 
0.8  3.63831e+75 
0.801  1.5439e+83 
0.802  4.45387e+72 
0.803  2.78266e+75 
0.804  4.83927e+87 
0.805  2.09811e+83 
0.806  2.43659e+77 
0.807  2.68e+76 
0.808  3.13554e+73 
0.809  2.83211e+78 
0.81  5.85558e+80 
0.811  1.10156e+78 
0.812  1.50073e+80 
0.813  3.58534e+82 
0.814  8.41985e+83 
0.815  2.18325e+80 
0.816  2.04579e+79 
0.817  2.4709e+76 
0.818  1.08782e+74 
0.819  6.22408e+75 
0.82  1.59416e+80 
0.821  1.84588e+75 
0.822  7.77277e+81 
0.823  3.06294e+78 
0.824  7.49555e+87 
0.825  6.87554e+84 
0.826  7.47691e+76 
0.827  6.44192e+81 
0.828  2.48898e+87 
0.829  1.80208e+82 
0.83  1.67478e+80 
0.831  8.97121e+77 
0.832  1.21168e+72 
0.833  1.16773e+83 
0.834  1.40782e+72 
0.835  6.00873e+79 
0.836  8.39081e+84 
0.837  1.18315e+66 
0.838  3.37348e+69 
0.839  3.03739e+88 
0.84  1.4817e+67 
0.841  1.47559e+75 
0.842  8.73907e+90 
0.843  5.10718e+70 
0.844  1.06463e+74 
0.845  2.09322e+90 
0.846  6.39682e+75 
0.847  9.77093e+75 
0.848  1.44125e+82 
0.849  3.08489e+84 
0.85  7.28508e+93 
0.851  4.92073e+79 
0.852  4.03013e+78 
0.853  3.46486e+82 
0.854  2.37515e+88 
0.855  1.20047e+85 
0.856  2.02361e+79 
0.857  9.7393e+72 
0.858  2.80545e+67 
0.859  1.64772e+74 
0.86  6.90436e+81 
0.861  4.3225e+79 
0.862  3.19685e+80 
0.863  1.81647e+70 
0.864  4.30376e+80 
0.865  3.88091e+77 
0.866  4.91909e+78 
0.867  1.60518e+77 
0.868  1.66508e+84 
0.869  3.00537e+73 
0.87  8.55615e+82 
0.871  2.1596e+86 
0.872  1.59315e+83 
0.873  2.08468e+88 
0.874  2.11918e+67 
0.875  6.813e+70 
0.876  1.13339e+87 
0.877  1.50094e+74 
0.878  3.18586e+75 
0.879  4.65388e+77 
0.88  4.30826e+94 
0.881  6.98883e+91 
0.882  3.00593e+85 
0.883  1.22002e+74 
0.884  6.17769e+74 
0.885  2.4392e+73 
0.886  1.63341e+82 
0.887  1.3243e+85 
0.888  8.03499e+84 
0.889  4.01801e+86 
0.89  6.76444e+78 
0.891  2.01658e+108 
0.892  1.04974e+81 
0.893  1.05536e+77 
0.894  3.9264e+99 
0.895  3.82237e+83 
0.896  4.68563e+72 
0.897  1.09908e+80 
0.898  2.89174e+92 
0.899  1.23825e+82 
0.9  2.33779e+77 
0.901  5.72505e+79 
0.902  8.81908e+70 
0.903  1.45557e+79 
0.904  1.15873e+71 
0.905  3.72837e+72 
0.906  8.26189e+80 
0.907  9.74346e+75 
0.908  3.20503e+86 
0.909  2.12158e+85 
0.91  4.8739e+77 
0.911  2.53825e+77 
0.912  4.64474e+82 
0.913  3.83211e+77 
0.914  2.44035e+82 
0.915  4.69359e+73 
0.916  7.16977e+73 
0.917  6.47217e+83 
0.918  9.15963e+84 
0.919  3.55073e+99 
0.92  6.89703e+72 
0.921  4.10886e+76 
0.922  3.20403e+84 
0.923  8.2333e+75 
0.924  7.06884e+85 
0.925  4.18302e+74 
0.926  2.46856e+80 
0.927  1.9878e+72 
0.928  6.83126e+72 
0.929  1.15768e+78 
0.93  1.86672e+86 
0.931  2.98842e+76 
0.932  2.38804e+74 
0.933  8.13538e+88 
0.934  3.62151e+94 
0.935  6.95448e+82 
0.936  1.00653e+74 
0.937  8.0718e+75 
0.938  6.39928e+75 
0.939  1.25623e+77 
0.94  1.28551e+76 
0.941  1.24696e+71 
0.942  6.99206e+87 
0.943  1.67605e+97 
0.944  5.86066e+79 
0.945  1.08993e+78 
0.946  6.78589e+89 
0.947  2.06235e+84 
0.948  4.75626e+73 
0.949  1.24775e+92 
0.95  2.39832e+76 
0.951  6.48323e+79 
0.952  1.0057e+83 
0.953  2.43457e+93 
0.954  2.75145e+83 
0.955  5.57803e+76 
0.956  1.98212e+80 
0.957  2.25897e+80 
0.958  2.46857e+78 
0.959  1.62444e+81 
0.96  6.77203e+71 
0.961  3.20652e+94 
0.962  6.92265e+76 
0.963  2.89348e+80 
0.964  1.57147e+90 
0.965  5.03252e+85 
0.966  6.10358e+81 
0.967  9.97892e+73 
0.968  9.19303e+72 
0.969  9.9911e+78 
0.97  2.53623e+89 
0.971  5.37415e+83 
0.972  1.00229e+81 
0.973  1.92308e+69 
0.974  5.42463e+78 
0.975  2.64102e+77 
0.976  4.00094e+90 
0.977  1.33614e+78 
0.978  1.09538e+79 
0.979  1.30112e+73 
0.98  1.48714e+90 
0.981  3.27639e+68 
0.982  3.06651e+83 
0.983  1.11077e+83 
0.984  5.1506e+75 
0.985  2.7432e+73 
0.986  5.60993e+79 
0.987  1.21983e+72 
0.988  1.73466e+75 
0.989  5.19646e+83 
0.99  3.97243e+71 
0.991  4.06425e+87 
0.992  1.87799e+103 
0.993  3.69644e+73 
0.994  3.88026e+82 
0.995  4.41792e+86 
0.996  1.53898e+88 
0.997  1.04912e+79 
0.998  1.53987e+72 
0.999  1.58974e+73 
1  9.78207e+85 
1.001  1.23559e+79 
1.002  1.17831e+91 
1.003  5.94551e+73 
1.004  1.42219e+71 
1.005  8.7507e+83 
1.006  3.35326e+87 
1.007  4.78729e+82 
1.008  3.90619e+85 
1.009  1.75747e+77 
1.01  7.59354e+81 
1.011  1.55865e+74 
1.012  5.45957e+77 
1.013  1.69669e+76 
1.014  4.015e+82 
1.015  7.14562e+82 
1.016  8.85141e+84 
1.017  1.68356e+78 
1.018  2.45103e+73 
1.019  2.13651e+94 
1.02  4.21785e+81 
1.021  2.43951e+87 
1.022  7.8319e+75 
1.023  1.07561e+93 
1.024  7.7991e+77 
1.025  9.97993e+71 
1.026  5.08472e+88 
1.027  8.97842e+83 
1.028  4.55131e+74 
1.029  1.76927e+87 
1.03  5.52377e+81 
1.031  2.44551e+72 
1.032  1.27687e+76 
1.033  3.87748e+75 
1.034  4.16631e+77 
1.035  7.70164e+90 
1.036  2.74818e+73 
1.037  1.43035e+94 
1.038  7.1167e+110 
1.039  2.5345e+75 
1.04  1.84008e+83 
1.041  1.10046e+79 
1.042  6.82861e+76 
1.043  4.06009e+83 
1.044  2.64357e+77 
1.045  2.70624e+84 
1.046  2.67791e+85 
1.047  2.12286e+83 
1.048  1.10302e+73 
1.049  1.21473e+96 
1.05  7.48245e+81 
1.051  1.86746e+72 
1.052  6.58698e+84 
1.053  3.04991e+71 
1.054  4.04236e+76 
1.055  6.66145e+82 
1.056  1.44745e+80 
1.057  1.51676e+89 
1.058  5.44308e+83 
1.059  3.61185e+69 
1.06  5.0175e+71 
1.061  2.74428e+74 
1.062  1.61356e+72 
1.063  3.5413e+77 
1.064  7.74474e+78 
1.065  1.31913e+86 
1.066  1.31414e+80 
1.067  1.17095e+81 
1.068  6.14083e+84 
1.069  6.03329e+74 
1.07  2.60945e+85 
1.071  6.27675e+75 
1.072  2.77319e+75 
1.073  1.51386e+87 
1.074  8.1608e+74 
1.075  4.26799e+87 
1.076  1.98372e+102 
1.077  2.28452e+75 
1.078  9.8041e+78 
1.079  3.8297e+75 
1.08  4.37028e+76 
1.081  2.30953e+78 
1.082  1.94668e+93 
1.083  2.67036e+80 
1.084  1.99261e+70 
1.085  1.17675e+73 
1.086  1.00264e+96 
1.087  9.77069e+93 
1.088  3.99247e+94 
1.089  1.54522e+82 
1.09  8.62515e+78 
1.091  1.44219e+84 
1.092  2.8501e+89 
1.093  7.69147e+84 
1.094  2.61279e+100 
1.095  4.81682e+81 
1.096  8.52421e+112 
1.097  2.7746e+89 
1.098  4.41814e+78 
1.099  1.01993e+82 
1.1  3.94394e+79 
1.101  4.83128e+85 
1.102  1.72557e+88 
1.103  6.16754e+83 
1.104  1.02833e+90 
1.105  1.46486e+77 
1.106  3.86697e+81 
1.107  3.28328e+82 
1.108  6.55598e+80 
1.109  2.06353e+78 
1.11  4.09911e+80 
1.111  5.80893e+77 
1.112  6.28848e+91 
1.113  2.19511e+84 
1.114  2.1549e+74 
1.115  1.13293e+76 
1.116  1.00588e+95 
1.117  3.43952e+74 
1.118  1.4978e+72 
1.119  3.70206e+78 
1.12  3.33673e+78 
1.121  8.13965e+102 
1.122  1.92627e+79 
1.123  5.91425e+77 
1.124  7.29399e+83 
1.125  1.23811e+86 
1.126  2.73158e+84 
1.127  4.68508e+79 
1.128  1.21619e+73 
1.129  3.2916e+71 
1.13  9.31031e+85 
1.131  2.93695e+75 
1.132  8.79501e+74 
1.133  8.51079e+85 
1.134  1.34288e+78 
1.135  5.20698e+79 
1.136  3.69921e+90 
1.137  9.99322e+85 
1.138  4.92062e+74 
1.139  6.17418e+77 
1.14  2.01052e+77 
1.141  3.79742e+96 
1.142  4.79276e+72 
1.143  5.46011e+90 
1.144  7.81924e+83 
1.145  3.27757e+83 
1.146  2.98498e+90 
1.147  4.49989e+70 
1.148  2.94729e+87 
1.149  7.89896e+90 
1.15  1.44289e+94 
1.151  1.75561e+99 
1.152  1.4066e+92 
1.153  3.1055e+91 
1.154  2.99826e+78 
1.155  4.55577e+80 
1.156  1.20825e+84 
1.157  9.94949e+89 
1.158  2.94657e+92 
1.159  5.05102e+81 
1.16  1.09135e+94 
1.161  6.57866e+93 
1.162  6.00594e+74 
1.163  2.71519e+78 
1.164  4.04323e+79 
1.165  1.67829e+78 
1.166  4.65223e+71 
1.167  7.48554e+79 
1.168  6.47576e+76 
1.169  1.58258e+75 
1.17  5.06312e+78 
1.171  2.24333e+77 
1.172  8.24352e+81 
1.173  1.50315e+81 
1.174  2.7426e+86 
1.175  3.60117e+88 
1.176  1.84285e+84 
1.177  4.80623e+78 
1.178  2.68747e+82 
1.179  1.30485e+72 
1.18  2.3269e+97 
1.181  2.80615e+89 
1.182  6.59012e+92 
1.183  6.37293e+79 
1.184  5.23582e+77 
1.185  8.62088e+85 
1.186  4.17676e+83 
1.187  1.08864e+81 
1.188  1.30359e+86 
1.189  1.15677e+94 
1.19  2.92289e+85 
1.191  3.13438e+80 
1.192  1.72751e+79 
1.193  2.08787e+83 
1.194  8.23828e+80 
1.195  8.72857e+78 
1.196  9.84183e+79 
1.197  3.32218e+105 
1.198  6.3101e+92 
1.199  7.79051e+72 
1.2  5.86358e+77 
1.201  2.12446e+80 
1.202  1.09938e+90 
1.203  6.91182e+87 
1.204  4.38858e+88 
1.205  3.80381e+73 
1.206  8.85849e+84 
1.207  1.30755e+93 
1.208  1.16915e+87 
1.209  2.59703e+81 
1.21  4.41978e+84 
1.211  4.37613e+94 
1.212  1.04369e+78 
1.213  7.70662e+82 
1.214  6.21448e+89 
1.215  2.77834e+80 
1.216  5.95071e+81 
1.217  5.4548e+73 
1.218  1.65958e+76 
1.219  3.76523e+93 
1.22  1.44186e+77 
1.221  8.03728e+73 
1.222  4.74338e+108 
1.223  1.6552e+83 
1.224  1.68628e+82 
1.225  9.09415e+76 
1.226  3.18624e+96 
1.227  1.08696e+74 
1.228  1.0706e+89 
1.229  1.63103e+87 
1.23  1.35013e+80 
1.231  1.03882e+82 
1.232  7.30603e+76 
1.233  1.74331e+83 
1.234  6.51658e+82 
1.235  5.88074e+77 
1.236  6.4485e+81 
1.237  7.42211e+89 
1.238  2.57872e+88 
1.239  5.54622e+77 
1.24  7.2654e+76 
1.241  2.21697e+83 
1.242  1.57801e+80 
1.243  3.76091e+84 
1.244  3.33108e+86 
1.245  1.31269e+86 
1.246  9.52686e+79 
1.247  4.11389e+80 
1.248  1.99257e+76 
1.249  8.25645e+74 
1.25  5.99084e+86 
1.251  2.89199e+84 
1.252  1.11926e+83 
1.253  1.01699e+87 
1.254  2.56274e+80 
1.255  4.80386e+93 
1.256  2.6725e+76 
1.257  3.04044e+83 
1.258  3.58508e+86 
1.259  6.25497e+85 
1.26  3.30651e+93 
1.261  4.55704e+81 
1.262  9.84603e+84 
1.263  7.3291e+82 
1.264  2.20349e+88 
1.265  1.04851e+90 
1.266  1.32142e+88 
1.267  1.66679e+82 
1.268  3.41743e+91 
1.269  5.10584e+78 
1.27  6.02376e+73 
1.271  2.35772e+80 
1.272  1.33568e+76 
1.273  1.30546e+72 
1.274  2.84739e+78 
1.275  3.1238e+85 
1.276  6.89412e+97 
1.277  3.59145e+81 
1.278  1.8545e+78 
1.279  8.40389e+80 
1.28  1.2628e+73 
1.281  3.91958e+80 
1.282  9.49732e+94 
1.283  3.09138e+79 
1.284  1.72749e+78 
1.285  1.06046e+72 
1.286  3.0312e+68 
1.287  2.91473e+74 
1.288  1.73098e+75 
1.289  1.29445e+95 
1.29  5.08127e+82 
1.291  1.38288e+84 
1.292  4.57645e+97 
1.293  5.73831e+77 
1.294  1.80159e+88 
1.295  6.97695e+77 
1.296  2.88963e+72 
1.297  1.22312e+81 
1.298  1.55165e+79 
1.299  8.70706e+77 
1.3  4.57226e+85 
1.301  4.3259e+73 
1.302  7.36811e+72 
1.303  2.93036e+81 
1.304  3.6381e+79 
1.305  2.83133e+84 
1.306  2.20512e+102 
1.307  9.18247e+79 
1.308  2.04649e+91 
1.309  3.86383e+75 
1.31  4.03963e+86 
1.311  1.09212e+89 
1.312  1.09023e+78 
1.313  1.2127e+76 
1.314  5.28187e+71 
1.315  7.12853e+87 
1.316  6.00486e+74 
1.317  2.41827e+82 
1.318  3.72869e+101 
1.319  1.22257e+83 
1.32  6.57085e+85 
1.321  1.20742e+78 
1.322  5.34488e+67 
1.323  6.00701e+99 
1.324  1.65997e+85 
1.325  4.99345e+80 
1.326  3.63575e+102 
1.327  2.13645e+81 
1.328  1.62525e+70 
1.329  2.85019e+79 
1.33  1.96146e+80 
1.331  2.17243e+73 
1.332  3.15542e+77 
1.333  8.74125e+80 
1.334  1.18405e+80 
1.335  1.55099e+79 
1.336  2.79574e+81 
1.337  2.77011e+91 
1.338  8.7384e+78 
1.339  5.31699e+81 
1.34  7.00243e+81 
1.341  7.13176e+85 
1.342  1.41229e+86 
1.343  4.8516e+74 
1.344  6.95925e+73 
1.345  3.53566e+82 
1.346  3.26155e+82 
1.347  8.24951e+86 
1.348  6.29293e+78 
1.349  9.54879e+82 
1.35  3.12073e+88 
1.351  1.98495e+77 
1.352  7.99137e+79 
1.353  1.08147e+77 
1.354  3.10302e+87 
1.355  5.50595e+73 
1.356  1.78745e+80 
1.357  7.82773e+77 
1.358  3.38255e+83 
1.359  1.84573e+87 
1.36  7.89928e+84 
1.361  1.75318e+81 
1.362  4.12322e+87 
1.363  8.65512e+79 
1.364  1.35953e+84 
1.365  5.34096e+76 
1.366  3.05922e+96 
1.367  2.79303e+78 
1.368  1.10662e+77 
1.369  7.10034e+81 
1.37  1.1113e+83 
1.371  2.58801e+78 
1.372  1.30672e+86 
1.373  5.41777e+74 
1.374  4.80975e+105 
1.375  2.42847e+81 
1.376  1.30274e+86 
1.377  2.81508e+88 
1.378  5.81215e+75 
1.379  5.00079e+79 
1.38  1.23206e+74 
1.381  1.982e+74 
1.382  1.81594e+73 
1.383  2.20393e+82 
1.384  6.98179e+82 
1.385  8.49418e+79 
1.386  2.77991e+75 
1.387  2.16453e+75 
1.388  5.61636e+70 
1.389  5.18614e+71 
1.39  2.50141e+86 
1.391  5.41948e+75 
1.392  4.64087e+72 
1.393  4.40832e+77 
1.394  1.79094e+87 
1.395  1.22459e+75 
1.396  3.39584e+81 
1.397  1.05419e+89 
1.398  3.32443e+84 
1.399  3.71834e+89 
1.4  2.02281e+93 
1.401  2.28e+81 
1.402  2.00018e+74 
1.403  1.18557e+93 
1.404  6.88732e+82 
1.405  6.51049e+80 
1.406  9.97207e+85 
1.407  3.21234e+78 
1.408  3.53684e+108 
1.409  1.80319e+87 
1.41  2.56491e+83 
1.411  8.022e+91 
1.412  1.788e+72 
1.413  6.23096e+74 
1.414  4.16651e+72 
1.415  3.88519e+77 
1.416  4.88191e+74 
1.417  2.82592e+74 
1.418  1.77005e+79 
1.419  2.3796e+90 
1.42  5.3617e+74 
1.421  7.16563e+77 
1.422  5.49901e+88 
1.423  3.51483e+83 
1.424  1.97588e+82 
1.425  3.11438e+75 
1.426  4.28748e+76 
1.427  3.82923e+92 
1.428  3.49013e+89 
1.429  4.97941e+81 
1.43  4.91442e+80 
1.431  9.06478e+79 
1.432  9.14733e+77 
1.433  1.42348e+75 
1.434  9.86391e+84 
1.435  1.31418e+81 
1.436  3.10564e+70 
1.437  1.11558e+96 
1.438  1.41968e+78 
1.439  2.85087e+74 
1.44  2.10751e+80 
1.441  2.15695e+80 
1.442  3.21137e+82 
1.443  6.91849e+75 
1.444  2.78422e+76 
1.445  2.4058e+80 
1.446  1.50257e+84 
1.447  1.63659e+71 
1.448  1.62858e+79 
1.449  1.01849e+82 
1.45  1.32388e+86 
1.451  1.13862e+79 
1.452  5.42086e+72 
1.453  4.82731e+73 
1.454  9.53306e+73 
1.455  5.86427e+81 
1.456  4.1328e+89 
1.457  1.55435e+68 
1.458  3.23506e+69 
1.459  1.01952e+71 
1.46  4.36989e+79 
1.461  9.35591e+92 
1.462  1.44632e+72 
1.463  2.86358e+73 
1.464  6.94367e+74 
1.465  1.9047e+80 
1.466  3.98435e+77 
1.467  7.72197e+95 
1.468  2.82478e+73 
1.469  2.44007e+76 
1.47  1.77015e+81 
1.471  1.11924e+78 
1.472  3.5987e+86 
1.473  3.58672e+73 
1.474  6.037e+79 
1.475  2.35826e+87 
1.476  6.97756e+72 
1.477  5.06992e+79 
1.478  4.00776e+77 
1.479  1.13276e+75 
1.48  1.89404e+79 
1.481  1.14076e+80 
1.482  2.72242e+90 
1.483  4.01843e+70 
1.484  8.40507e+71 
1.485  1.8105e+75 
1.486  1.04999e+88 
1.487  3.17898e+70 
1.488  2.66367e+79 
1.489  4.98264e+71 
1.49  3.12751e+74 
1.491  1.27873e+78 
1.492  5.52579e+84 
1.493  6.47339e+88 
1.494  7.6709e+76 
1.495  2.46527e+85 
1.496  4.2572e+74 
1.497  3.06373e+70 
1.498  9.289e+76 
1.499  1.74855e+84 
1.5  1.25589e+77 
1.501  8.84439e+73 
1.502  1.39399e+79 
1.503  2.77151e+71 
1.504  2.33349e+92 
1.505  2.67372e+78 
1.506  2.10769e+82 
1.507  3.53329e+81 
1.508  3.4095e+70 
1.509  3.22539e+85 
1.51  4.87017e+82 
1.511  4.51942e+69 
1.512  4.81161e+79 
1.513  2.26662e+76 
1.514  7.74453e+90 
1.515  4.70084e+83 
1.516  7.22116e+74 
1.517  5.49332e+95 
1.518  1.29481e+83 
1.519  7.41489e+69 
1.52  1.19245e+83 
1.521  1.19003e+71 
1.522  6.10286e+87 
1.523  5.75507e+75 
1.524  6.94883e+78 
1.525  5.07668e+87 
1.526  2.15415e+76 
1.527  1.9288e+95 
1.528  1.90386e+73 
1.529  1.56652e+68 
1.53  3.53561e+68 
1.531  1.01815e+70 
1.532  1.28812e+73 
1.533  4.94814e+63 
1.534  9.69973e+84 
1.535  6.57394e+74 
1.536  4.98721e+83 
1.537  9.65215e+79 
1.538  1.31749e+83 
1.539  1.41877e+80 
1.54  6.23912e+77 
1.541  4.53773e+70 
1.542  2.16869e+69 
1.543  2.07815e+86 
1.544  3.60767e+78 
1.545  2.02105e+81 
1.546  8.45188e+83 
1.547  5.05121e+72 
1.548  1.03317e+72 
1.549  8.68237e+75 
1.55  8.35574e+85 
1.551  1.31569e+68 
1.552  2.74665e+85 
1.553  4.72111e+67 
1.554  6.23289e+80 
1.555  1.13783e+78 
1.556  1.97276e+78 
1.557  6.47616e+67 
1.558  2.88859e+78 
1.559  4.85212e+76 
1.56  7.24459e+85 
1.561  3.41107e+76 
1.562  8.45821e+74 
1.563  1.04919e+69 
1.564  5.29577e+69 
1.565  2.92268e+76 
1.566  2.18335e+84 
1.567  4.13431e+79 
1.568  1.6481e+92 
1.569  1.89284e+72 
1.57  5.39852e+91 
1.571  5.43113e+76 
1.572  2.80642e+69 
1.573  8.52672e+81 
1.574  9.66232e+87 
1.575  2.01117e+75 
1.576  1.39846e+73 
1.577  5.21283e+87 
1.578  6.73156e+78 
1.579  1.51851e+88 
1.58  1.15436e+67 
1.581  1.08921e+78 
1.582  6.14885e+78 
1.583  9.2584e+94 
1.584  5.52535e+67 
1.585  8.43847e+79 
1.586  6.16462e+80 
1.587  1.98355e+74 
1.588  4.49889e+95 
1.589  2.76115e+71 
1.59  1.89482e+75 
1.591  4.65396e+73 
1.592  5.74495e+72 
1.593  1.58119e+71 
1.594  4.33181e+83 
1.595  1.03287e+80 
1.596  2.11508e+80 
1.597  3.34198e+71 
1.598  6.94767e+73 
1.599  1.30528e+90 
1.6  1.10709e+81 
1.601  5.18841e+80 
1.602  8.10791e+88 
1.603  2.45748e+87 
1.604  1.81753e+99 
1.605  2.20091e+83 
1.606  6.34582e+68 
1.607  9.19909e+76 
1.608  1.22348e+72 
1.609  3.48819e+70 
1.61  2.30133e+76 
1.611  1.00477e+120 
1.612  2.52208e+65 
1.613  3.73138e+71 
1.614  2.58081e+72 
1.615  1.35873e+100 
1.616  7.12556e+70 
1.617  6.71884e+67 
1.618  1.16722e+74 
1.619  2.56285e+74 
1.62  5.84062e+74 
1.621  4.09493e+73 
1.622  8.97713e+73 
1.623  3.16414e+72 
1.624  2.01403e+69 
1.625  4.78361e+68 
1.626  3.23515e+77 
1.627  5.63737e+70 
1.628  1.83691e+71 
1.629  1.87477e+97 
1.63  1.28796e+80 
1.631  5.0587e+74 
1.632  3.31123e+76 
1.633  3.07782e+76 
1.634  3.25605e+77 
1.635  2.34988e+68 
1.636  1.11848e+72 
1.637  3.04287e+90 
1.638  2.01458e+69 
1.639  6.39117e+85 
1.64  5.85237e+72 
1.641  2.22704e+67 
1.642  7.84715e+101 
1.643  3.46504e+73 
1.644  1.42193e+85 
1.645  3.84085e+75 
1.646  8.38114e+79 
1.647  9.42446e+69 
1.648  4.06722e+84 
1.649  3.79673e+75 
1.65  6.81941e+71 
1.651  1.00753e+76 
1.652  1.5363e+77 
1.653  5.12702e+79 
1.654  4.2057e+80 
1.655  5.42626e+77 
1.656  9.87306e+75 
1.657  1.89561e+90 
1.658  1.51716e+72 
1.659  1.68449e+87 
1.66  4.70083e+72 
1.661  1.86537e+85 
1.662  1.39386e+74 
1.663  3.51556e+71 
1.664  1.36613e+73 
1.665  1.21763e+69 
1.666  1.31721e+73 
1.667  1.99895e+79 
1.668  6.18606e+70 
1.669  2.27519e+81 
1.67  6.04041e+74 
1.671  5.76424e+76 
1.672  3.30263e+66 
1.673  2.35553e+73 
1.674  1.35048e+75 
1.675  2.34354e+69 
1.676  2.81567e+91 
1.677  3.74781e+76 
1.678  9.01508e+74 
1.679  4.51037e+76 
1.68  3.12513e+66 
1.681  3.5405e+87 
1.682  2.57495e+75 
1.683  2.44947e+68 
1.684  1.261e+78 
1.685  5.24417e+72 
1.686  1.02194e+77 
1.687  2.68416e+84 
1.688  2.52508e+86 
1.689  1.91682e+81 
1.69  1.43117e+99 
1.691  7.25499e+87 
1.692  1.32737e+81 
1.693  1.56622e+90 
1.694  6.94828e+77 
1.695  4.30592e+71 
1.696  3.24164e+90 
1.697  8.91429e+70 
1.698  9.67408e+71 
1.699  1.43162e+71 
1.7  4.76292e+72 
1.701  5.48802e+70 
1.702  5.95899e+78 
1.703  2.3288e+73 
1.704  4.52501e+75 
1.705  2.45985e+70 
1.706  1.21112e+78 
1.707  7.51862e+72 
1.708  4.50009e+67 
1.709  2.07495e+85 
1.71  4.16983e+73 
1.711  1.06914e+69 
1.712  4.98285e+74 
1.713  3.5316e+92 
1.714  7.54064e+77 
1.715  9.59474e+93 
1.716  2.15993e+79 
1.717  2.19781e+75 
1.718  3.71743e+82 
1.719  1.70876e+74 
1.72  1.23637e+88 
1.721  1.51325e+79 
1.722  5.21895e+74 
1.723  2.60748e+78 
1.724  9.46021e+73 
1.725  7.5061e+73 
1.726  6.56341e+71 
1.727  1.33021e+71 
1.728  2.91651e+77 
1.729  6.4945e+72 
1.73  2.69096e+69 
1.731  2.25323e+76 
1.732  7.29133e+73 
1.733  1.00268e+74 
1.734  3.83028e+66 
1.735  8.23206e+75 
1.736  3.95425e+82 
1.737  1.0258e+82 
1.738  3.40576e+80 
1.739  1.37851e+78 
1.74  2.42327e+70 
1.741  1.27298e+75 
1.742  1.83879e+71 
1.743  3.69164e+74 
1.744  3.05728e+75 
1.745  3.07499e+75 
1.746  3.48048e+64 
1.747  2.23655e+72 
1.748  1.35566e+70 
1.749  5.45743e+71 
1.75  3.11834e+82 
1.751  7.63208e+73 
1.752  1.355e+69 
1.753  2.27748e+82 
1.754  3.95138e+71 
1.755  1.6499e+80 
1.756  4.732e+68 
1.757  2.68436e+70 
1.758  1.19202e+80 
1.759  1.26848e+69 
1.76  2.01331e+77 
1.761  5.92276e+85 
1.762  1.00321e+77 
1.763  3.4994e+72 
1.764  8.63891e+76 
1.765  7.54908e+90 
1.766  4.78005e+74 
1.767  4.17718e+73 
1.768  1.37196e+70 
1.769  1.06684e+80 
1.77  8.00698e+67 
1.771  1.32229e+71 
1.772  1.46229e+66 
1.773  7.32226e+73 
1.774  5.16036e+85 
1.775  1.07351e+79 
1.776  2.75522e+86 
1.777  6.05235e+77 
1.778  1.70057e+74 
1.779  1.25058e+79 
1.78  1.69498e+73 
1.781  3.7305e+75 
1.782  1.63858e+75 
1.783  6.81169e+75 
1.784  2.54299e+79 
1.785  8.90717e+74 
1.786  1.10051e+70 
1.787  8.61401e+79 
1.788  9.19394e+75 
1.789  1.45347e+69 
1.79  2.92611e+77 
1.791  7.73302e+91 
1.792  1.20572e+67 
1.793  1.18418e+66 
1.794  1.97211e+74 
1.795  4.56059e+68 
1.796  6.58347e+72 
1.797  2.12383e+76 
1.798  8.37087e+75 
1.799  9.6182e+64 
1.8  1.14169e+72 
1.801  1.72452e+75 
1.802  9.55327e+74 
1.803  1.93529e+71 
1.804  3.41728e+68 
1.805  1.97821e+75 
1.806  4.46478e+87 
1.807  2.00715e+69 
1.808  1.71841e+71 
1.809  1.68432e+69 
1.81  2.51477e+80 
1.811  3.52019e+77 
1.812  1.4873e+73 
1.813  2.62537e+70 
1.814  5.08681e+78 
1.815  9.51179e+78 
1.816  1.58609e+69 
1.817  1.74655e+91 
1.818  7.73924e+77 
1.819  1.24734e+73 
1.82  2.14076e+62 
1.821  2.80471e+70 
1.822  8.44142e+78 
1.823  2.29477e+68 
1.824  7.743e+77 
1.825  1.00872e+78 
1.826  1.86525e+76 
1.827  1.25436e+70 
1.828  5.68662e+72 
1.829  4.02201e+97 
1.83  3.30714e+73 
1.831  2.05278e+72 
1.832  7.25196e+84 
1.833  3.29519e+71 
1.834  1.79198e+74 
1.835  9.78025e+65 
1.836  1.65732e+82 
1.837  3.99601e+70 
1.838  4.11742e+66 
1.839  3.94761e+71 
1.84  7.22899e+77 
1.841  1.29743e+74 
1.842  7.75222e+70 
1.843  4.71757e+83 
1.844  2.13465e+72 
1.845  4.26526e+86 
1.846  4.23021e+74 
1.847  4.13618e+70 
1.848  2.76669e+74 
1.849  2.90024e+69 
1.85  9.56e+72 
1.851  7.23888e+73 
1.852  7.41562e+71 
1.853  4.13062e+73 
1.854  1.10866e+64 
1.855  5.47174e+65 
1.856  1.78741e+66 
1.857  2.58326e+73 
1.858  1.74573e+75 
1.859  4.33286e+71 
1.86  2.19734e+78 
1.861  2.91653e+67 
1.862  4.14212e+68 
1.863  1.35171e+76 
1.864  1.23531e+75 
1.865  1.51221e+74 
1.866  3.74959e+68 
1.867  4.88486e+96 
1.868  2.4785e+76 
1.869  2.23189e+71 
1.87  3.54461e+65 
1.871  1.99386e+76 
1.872  1.19091e+72 
1.873  1.11774e+72 
1.874  1.29012e+72 
1.875  1.93106e+86 
1.876  6.62799e+72 
1.877  2.98755e+65 
1.878  4.03593e+72 
1.879  1.19735e+67 
1.88  8.38753e+70 
1.881  4.36268e+73 
1.882  2.59511e+90 
1.883  2.28475e+75 
1.884  2.94432e+70 
1.885  1.52865e+75 
1.886  9.57504e+70 
1.887  1.89301e+78 
1.888  3.1462e+66 
1.889  3.7415e+65 
1.89  1.90098e+82 
1.891  1.20916e+84 
1.892  2.4014e+68 
1.893  2.35384e+73 
1.894  7.0899e+70 
1.895  8.87267e+68 
1.896  2.01922e+80 
1.897  3.29807e+82 
1.898  4.16788e+71 
1.899  6.8292e+79 
1.9  1.98179e+92 
1.901  3.4435e+78 
1.902  6.35459e+70 
1.903  3.58841e+79 
1.904  1.35034e+65 
1.905  4.95754e+65 
1.906  2.25072e+79 
1.907  2.2088e+78 
1.908  2.84605e+67 
1.909  1.44049e+67 
1.91  2.21671e+67 
1.911  3.26454e+65 
1.912  2.41779e+72 
1.913  4.91471e+68 
1.914  4.72529e+68 
1.915  1.12469e+64 
1.916  3.00703e+68 
1.917  6.81557e+74 
1.918  7.92306e+71 
1.919  1.22669e+73 
1.92  9.60547e+65 
1.921  3.11537e+71 
1.922  1.92191e+79 
1.923  1.08475e+77 
1.924  5.22217e+72 
1.925  4.65477e+77 
1.926  2.5744e+67 
1.927  7.87683e+82 
1.928  8.70032e+73 
1.929  8.74859e+76 
1.93  1.03473e+73 
1.931  1.89522e+93 
1.932  4.22798e+66 
1.933  9.99953e+66 
1.934  1.31991e+68 
1.935  2.21818e+66 
1.936  3.62084e+78 
1.937  9.7248e+73 
1.938  7.11041e+75 
1.939  3.95595e+75 
1.94  1.30275e+72 
1.941  7.95631e+78 
1.942  6.77027e+69 
1.943  5.96147e+75 
1.944  2.62006e+62 
1.945  1.32682e+62 
1.946  7.20235e+75 
1.947  2.25745e+67 
1.948  1.03411e+67 
1.949  2.5842e+71 
1.95  6.00627e+70 
1.951  5.95466e+83 
1.952  2.94056e+73 
1.953  6.14163e+75 
1.954  3.37809e+71 
1.955  7.62551e+63 
1.956  5.15769e+62 
1.957  4.33675e+68 
1.958  3.93629e+77 
1.959  5.07323e+91 
1.96  4.9444e+73 
1.961  9.06244e+74 
1.962  1.57008e+68 
1.963  5.08235e+81 
1.964  5.32985e+67 
1.965  6.2581e+86 
1.966  1.64137e+65 
1.967  7.60803e+70 
1.968  7.37787e+72 
1.969  4.47195e+77 
1.97  7.62729e+70 
1.971  2.84578e+69 
1.972  1.06089e+71 
1.973  3.63806e+74 
1.974  5.55551e+70 
1.975  2.03758e+66 
1.976  1.14923e+69 
1.977  4.35465e+62 
1.978  3.47036e+73 
1.979  3.27979e+69 
1.98  1.18739e+90 
1.981  8.52293e+77 
1.982  3.02592e+72 
1.983  1.84602e+79 
1.984  1.95117e+68 
1.985  2.56559e+70 
1.986  3.29712e+72 
1.987  1.74899e+74 
1.988  1.20271e+70 
1.989  1.26433e+69 
1.99  4.27657e+84 
1.991  1.32318e+81 
1.992  9.86205e+68 
1.993  1.88135e+81 
1.994  9.54001e+71 
1.995  1.82752e+78 
1.996  6.61984e+68 
1.997  3.23269e+64 
1.998  2.4779e+66 
1.999  1.15983e+68 
2  9.29704e+172 
2.001  1.93045e+31 
2.002  9.42495e+27 
2.003  1.08967e+26 
2.004  4.60276e+24 
2.005  3.95426e+23 
2.006  5.32273e+22 
2.007  9.76754e+21 
2.008  2.24875e+21 
2.009  6.15646e+20 
2.01  1.93227e+20 
2.011  6.77355e+19 
2.012  2.60142e+19 
2.013  1.07869e+19 
2.014  4.77458e+18 
2.015  2.23568e+18 
2.016  1.09942e+18 
2.017  5.64436e+17 
2.018  3.01041e+17 
2.019  1.66113e+17 
2.02  9.45001e+16 
2.021  5.52612e+16 
2.022  3.31324e+16 
2.023  2.0322e+16 
2.024  1.27268e+16 
2.025  8.12405e+15 
2.026  5.27808e+15 
2.027  3.48539e+15 
2.028  2.3366e+15 
2.029  1.5886e+15 
2.03  1.09428e+15 
2.031  7.63054e+14 
2.032  5.38214e+14 
2.033  3.83726e+14 
2.034  2.76361e+14 
2.035  2.0094e+14 
2.036  1.47421e+14 
2.037  1.09078e+14 
2.038  8.13594e+13 
2.039  6.11487e+13 
2.04  4.62922e+13 
2.041  3.52871e+13 
2.042  2.70749e+13 
2.043  2.09039e+13 
2.044  1.62357e+13 
2.045  1.26819e+13 
2.046  9.95992e+12 
2.047  7.86296e+12 
2.048  6.2385e+12 
2.049  4.97333e+12 
2.05  3.98295e+12 
2.051  3.20386e+12 
2.052  2.58809e+12 
2.053  2.0992e+12 
2.054  1.70934e+12 
2.055  1.39714e+12 
2.056  1.14613e+12 
2.057  9.43513e+11 
2.058  7.79354e+11 
2.059  6.45865e+11 
2.06  5.36934e+11 
2.061  4.47742e+11 
2.062  3.74471e+11 
2.063  3.14088e+11 
2.064  2.64174e+11 
2.065  2.22789e+11 
2.066  1.88377e+11 
2.067  1.59684e+11 
2.068  1.35693e+11 
2.069  1.15581e+11 
2.07  9.86776e+10 
2.071  8.44358e+10 
2.072  7.24073e+10 
2.073  6.22242e+10 
2.074  5.35838e+10 
2.075  4.6236e+10 
2.076  3.99739e+10 
2.077  3.46257e+10 
2.078  3.00489e+10 
2.079  2.61242e+10 
2.08  2.27521e+10 
2.081  1.98494e+10 
2.082  1.73461e+10 
2.083  1.51834e+10 
2.084  1.33115e+10 
2.085  1.16886e+10 
2.086  1.02792e+10 
2.087  9.0532e+09 
2.088  7.98503e+09 
2.089  7.0529e+09 
2.09  6.23824e+09 
2.091  5.52518e+09 
2.092  4.90013e+09 
2.093  4.35144e+09 
2.094  3.86911e+09 
2.095  3.44453e+09 
2.096  3.07028e+09 
2.097  2.73996e+09 
2.098  2.44804e+09 
2.099  2.18973e+09 
2.1  1.96087e+09 
2.101  1.75787e+09 
2.102  1.57758e+09 
2.103  1.41728e+09 
2.104  1.27459e+09 
2.105  1.14744e+09 
2.106  1.034e+09 
2.107  9.32682e+08 
2.108  8.42105e+08 
2.109  7.61042e+08 
2.11  6.88419e+08 
2.111  6.23293e+08 
2.112  5.64832e+08 
2.113  5.12303e+08 
2.114  4.6506e+08 
2.115  4.22531e+08 
2.116  3.84211e+08 
2.117  3.49651e+08 
2.118  3.18457e+08 
2.119  2.90274e+08 
2.12  2.64791e+08 
2.121  2.4173e+08 
2.122  2.20844e+08 
2.123  2.01911e+08 
2.124  1.84735e+08 
2.125  1.69142e+08 
2.126  1.54974e+08 
2.127  1.42091e+08 
2.128  1.30368e+08 
2.129  1.19692e+08 
2.13  1.09963e+08 
2.131  1.01091e+08 
2.132  9.29946e+07 
2.133  8.56004e+07 
2.134  7.88431e+07 
2.135  7.26638e+07 
2.136  6.70092e+07 
2.137  6.18314e+07 
2.138  5.70872e+07 
2.139  5.27374e+07 
2.14  4.87468e+07 
2.141  4.50835e+07 
2.142  4.17185e+07 
2.143  3.86258e+07 
2.144  3.57816e+07 
2.145  3.31644e+07 
2.146  3.07547e+07 
2.147  2.85349e+07 
2.148  2.64887e+07 
2.149  2.46016e+07 
2.15  2.28603e+07 
2.151  2.12526e+07 
2.152  1.97676e+07 
2.153  1.8395e+07 
2.154  1.71258e+07 
2.155  1.59516e+07 
2.156  1.48647e+07 
2.157  1.38581e+07 
2.158  1.29254e+07 
2.159  1.20608e+07 
2.16  1.1259e+07 
2.161  1.0515e+07 
2.162  9.82428e+06 
2.163  9.18281e+06 
2.164  8.58678e+06 
2.165  8.03272e+06 
2.166  7.51745e+06 
2.167  7.03804e+06 
2.168  6.5918e+06 
2.169  6.17626e+06 
2.17  5.78915e+06 
2.171  5.42837e+06 
2.172  5.09198e+06 
2.173  4.77822e+06 
2.174  4.48544e+06 
2.175  4.21213e+06 
2.176  3.95689e+06 
2.177  3.71844e+06 
2.178  3.49559e+06 
2.179  3.28723e+06 
2.18  3.09236e+06 
2.181  2.91002e+06 
2.182  2.73936e+06 
2.183  2.57956e+06 
2.184  2.42988e+06 
2.185  2.28963e+06 
2.186  2.15817e+06 
2.187  2.0349e+06 
2.188  1.91928e+06 
2.189  1.81079e+06 
2.19  1.70896e+06 
2.191  1.61335e+06 
2.192  1.52354e+06 
2.193  1.43917e+06 
2.194  1.35987e+06 
2.195  1.28531e+06 
2.196  1.21519e+06 
2.197  1.14923e+06 
2.198  1.08716e+06 
2.199  1.02872e+06 
2.2  973701 
2.201  921875 
2.202  873046 
2.203  827025 
2.204  783640 
2.205  742727 
2.206  704134 
2.207  667720 
2.208  633351 
2.209  600904 
2.21  570263 
2.211  541319 
2.212  513971 
2.213  488125 
2.214  463690 
2.215  440584 
2.216  418730 
2.217  398053 
2.218  378486 
2.219  359963 
2.22  342426 
2.221  325817 
2.222  310084 
2.223  295176 
2.224  281047 
2.225  267653 
2.226  254952 
2.227  242907 
2.228  231480 
2.229  220637 
2.23  210346 
2.231  200577 
2.232  191301 
2.233  182491 
2.234  174123 
2.235  166171 
2.236  158614 
2.237  151431 
2.238  144601 
2.239  138106 
2.24  131928 
2.241  126051 
2.242  120458 
2.243  115135 
2.244  110067 
2.245  105242 
2.246  100647 
2.247  96270.5 
2.248  92100.6 
2.249  88127 
2.25  84339.8 
2.251  80729.5 
2.252  77287.3 
2.253  74004.6 
2.254  70873.5 
2.255  67886.5 
2.256  65036.3 
2.257  62316.3 
2.258  59719.9 
2.259  57241.2 
2.26  54874.3 
2.261  52613.8 
2.262  50454.6 
2.263  48391.7 
2.264  46420.6 
2.265  44536.7 
2.266  42736 
2.267  41014.5 
2.268  39368.3 
2.269  37794.1 
2.27  36288.2 
2.271  34847.6 
2.272  33469.3 
2.273  32150.2 
2.274  30887.6 
2.275  29678.9 
2.276  28521.7 
2.277  27413.6 
2.278  26352.3 
2.279  25335.6 
2.28  24361.6 
2.281  23428.4 
2.282  22534 
2.283  21676.8 
2.284  20855 
2.285  20067.1 
2.286  19311.6 
2.287  18587 
2.288  17892 
2.289  17225.2 
2.29  16585.5 
2.291  15971.6 
2.292  15382.4 
2.293  14816.9 
2.294  14274 
2.295  13752.7 
2.296  13252.1 
2.297  12771.3 
2.298  12309.5 
2.299  11865.9 
2.3  11439.7 
2.301  11030.1 
2.302  10636.4 
2.303  10258.1 
2.304  9894.37 
2.305  9544.68 
2.306  9208.43 
2.307  8885.06 
2.308  8574.05 
2.309  8274.87 
2.31  7987.06 
2.311  7710.12 
2.312  7443.64 
2.313  7187.17 
2.314  6940.31 
2.315  6702.67 
2.316  6473.89 
2.317  6253.6 
2.318  6041.46 
2.319  5837.15 
2.32  5640.35 
2.321  5450.77 
2.322  5268.12 
2.323  5092.13 
2.324  4922.53 
2.325  4759.07 
2.326  4601.52 
2.327  4449.64 
2.328  4303.22 
2.329  4162.03 
2.33  4025.88 
2.331  3894.58 
2.332  3767.93 
2.333  3645.76 
2.334  3527.9 
2.335  3414.19 
2.336  3304.46 
2.337  3198.56 
2.338  3096.36 
2.339  2997.71 
2.34  2902.47 
2.341  2810.53 
2.342  2721.75 
2.343  2636.02 
2.344  2553.23 
2.345  2473.27 
2.346  2396.03 
2.347  2321.41 
2.348  2249.32 
2.349  2179.66 
2.35  2112.35 
2.351  2047.3 
2.352  1984.43 
2.353  1923.66 
2.354  1864.91 
2.355  1808.11 
2.356  1753.19 
2.357  1700.09 
2.358  1648.73 
2.359  1599.07 
2.36  1551.02 
2.361  1504.55 
2.362  1459.59 
2.363  1416.09 
2.364  1374 
2.365  1333.27 
2.366  1293.86 
2.367  1255.71 
2.368  1218.78 
2.369  1183.03 
2.37  1148.42 
2.371  1114.92 
2.372  1082.47 
2.373  1051.05 
2.374  1020.63 
2.375  991.157 
2.376  962.611 
2.377  934.959 
2.378  908.171 
2.379  882.216 
2.38  857.067 
2.381  832.697 
2.382  809.081 
2.383  786.191 
2.384  764.006 
2.385  742.501 
2.386  721.653 
2.387  701.441 
2.388  681.844 
2.389  662.842 
2.39  644.415 
2.391  626.545 
2.392  609.212 
2.393  592.401 
2.394  576.093 
2.395  560.273 
2.396  544.925 
2.397  530.033 
2.398  515.583 
2.399  501.561 
2.4  487.954 
2.401  474.746 
2.402  461.927 
2.403  449.484 
2.404  437.405 
2.405  425.678 
2.406  414.292 
2.407  403.237 
2.408  392.502 
2.409  382.077 
2.41  371.953 
2.411  362.12 
2.412  352.569 
2.413  343.291 
2.414  334.278 
2.415  325.522 
2.416  317.015 
2.417  308.749 
2.418  300.716 
2.419  292.911 
2.42  285.325 
2.421  277.952 
2.422  270.786 
2.423  263.82 
2.424  257.049 
2.425  250.466 
2.426  244.065 
2.427  237.842 
2.428  231.791 
2.429  225.907 
2.43  220.185 
2.431  214.62 
2.432  209.207 
2.433  203.942 
2.434  198.821 
2.435  193.839 
2.436  188.993 
2.437  184.277 
2.438  179.689 
2.439  175.225 
2.44  170.881 
2.441  166.654 
2.442  162.54 
2.443  158.535 
2.444  154.638 
2.445  150.844 
2.446  147.151 
2.447  143.556 
2.448  140.056 
2.449  136.648 
2.45  133.33 
2.451  130.1 
2.452  126.953 
2.453  123.89 
2.454  120.906 
2.455  118 
2.456  115.169 
2.457  112.412 
2.458  109.726 
2.459  107.11 
2.46  104.561 
2.461  102.077 
2.462  99.6574 
2.463  97.2996 
2.464  95.0022 
2.465  92.7633 
2.466  90.5814 
2.467  88.455 
2.468  86.3825 
2.469  84.3624 
2.47  82.3933 
2.471  80.4738 
2.472  78.6026 
2.473  76.7783 
2.474  74.9997 
2.475  73.2656 
2.476  71.5747 
2.477  69.9259 
2.478  68.3181 
2.479  66.7501 
2.48  65.2209 
2.481  63.7295 
2.482  62.2749 
2.483  60.856 
2.484  59.472 
2.485  58.1219 
2.486  56.8048 
2.487  55.5198 
2.488  54.2661 
2.489  53.0429 
2.49  51.8494 
2.491  50.6848 
2.492  49.5484 
2.493  48.4393 
2.494  47.357 
2.495  46.3006 
2.496  45.2696 
2.497  44.2633 
2.498  43.2811 
2.499  42.3222 
2.5  41.3862 
2.501  40.4725 
2.502  39.5803 
2.503  38.7094 
2.504  37.859 
2.505  37.0286 
2.506  36.2178 
2.507  35.4261 
2.508  34.6529 
2.509  33.8978 
2.51  33.1603 
2.511  32.4401 
2.512  31.7366 
2.513  31.0495 
2.514  30.3783 
2.515  29.7227 
2.516  29.0822 
2.517  28.4565 
2.518  27.8452 
2.519  27.2479 
2.52  26.6644 
2.521  26.0942 
2.522  25.5371 
2.523  24.9927 
2.524  24.4607 
2.525  23.9408 
2.526  23.4327 
2.527  22.9361 
2.528  22.4508 
2.529  21.9764 
2.53  21.5127 
2.531  21.0594 
2.532  20.6164 
2.533  20.1833 
2.534  19.7598 
2.535  19.3459 
2.536  18.9412 
2.537  18.5455 
2.538  18.1586 
2.539  17.7803 
2.54  17.4103 
2.541  17.0486 
2.542  16.6949 
2.543  16.3489 
2.544  16.0106 
2.545  15.6797 
2.546  15.3561 
2.547  15.0396 
2.548  14.73 
2.549  14.4272 
2.55  14.1309 
2.551  13.8412 
2.552  13.5577 
2.553  13.2803 
2.554  13.009 
2.555  12.7436 
2.556  12.4838 
2.557  12.2297 
2.558  11.9811 
2.559  11.7378 
2.56  11.4997 
2.561  11.2667 
2.562  11.0387 
2.563  10.8156 
2.564  10.5972 
2.565  10.3835 
2.566  10.1743 
2.567  9.96958 
2.568  9.76918 
2.569  9.57303 
2.57  9.38102 
2.571  9.19306 
2.572  9.00907 
2.573  8.82894 
2.574  8.6526 
2.575  8.47995 
2.576  8.31093 
2.577  8.14543 
2.578  7.98339 
2.579  7.82473 
2.58  7.66938 
2.581  7.51725 
2.582  7.36828 
2.583  7.2224 
2.584  7.07954 
2.585  6.93963 
2.586  6.80261 
2.587  6.66842 
2.588  6.53698 
2.589  6.40825 
2.59  6.28216 
2.591  6.15865 
2.592  6.03767 
2.593  5.91916 
2.594  5.80307 
2.595  5.68935 
2.596  5.57794 
2.597  5.4688 
2.598  5.36187 
2.599  5.25711 
2.6  5.15447 
2.601  5.0539 
2.602  4.95537 
2.603  4.85882 
2.604  4.76421 
2.605  4.67151 
2.606  4.58067 
2.607  4.49165 
2.608  4.40441 
2.609  4.31892 
2.61  4.23514 
2.611  4.15303 
2.612  4.07255 
2.613  3.99367 
2.614  3.91637 
2.615  3.8406 
2.616  3.76633 
2.617  3.69353 
2.618  3.62217 
2.619  3.55222 
2.62  3.48365 
2.621  3.41643 
2.622  3.35053 
2.623  3.28593 
2.624  3.2226 
2.625  3.1605 
2.626  3.09963 
2.627  3.03994 
2.628  2.98143 
2.629  2.92405 
2.63  2.86779 
2.631  2.81263 
2.632  2.75854 
2.633  2.7055 
2.634  2.65349 
2.635  2.60249 
2.636  2.55247 
2.637  2.50343 
2.638  2.45533 
2.639  2.40816 
2.64  2.36189 
2.641  2.31652 
2.642  2.27202 
2.643  2.22838 
2.644  2.18557 
2.645  2.14359 
2.646  2.1024 
2.647  2.06201 
2.648  2.02239 
2.649  1.98352 
2.65  1.9454 
2.651  1.908 
2.652  1.87131 
2.653  1.83532 
2.654  1.80002 
2.655  1.76538 
2.656  1.7314 
2.657  1.69807 
2.658  1.66536 
2.659  1.63328 
2.66  1.6018 
2.661  1.57091 
2.662  1.54061 
2.663  1.51087 
2.664  1.4817 
2.665  1.45307 
2.666  1.42499 
2.667  1.39742 
2.668  1.37038 
2.669  1.34384 
2.67  1.3178 
2.671  1.29225 
2.672  1.26717 
2.673  1.24256 
2.674  1.21841 
2.675  1.19471 
2.676  1.17145 
2.677  1.14863 
2.678  1.12623 
2.679  1.10424 
2.68  1.08266 
2.681  1.06149 
2.682  1.0407 
2.683  1.0203 
2.684  1.00028 
2.685  0.980628 
2.686  0.96134 
2.687  0.942407 
2.688  0.923823 
2.689  0.905583 
2.69  0.887678 
2.691  0.870103 
2.692  0.852852 
2.693  0.835917 
2.694  0.819294 
2.695  0.802976 
2.696  0.786958 
2.697  0.771233 
2.698  0.755797 
2.699  0.740643 
2.7  0.725767 
2.701  0.711163 
2.702  0.696826 
2.703  0.682751 
2.704  0.668933 
2.705  0.655368 
2.706  0.64205 
2.707  0.628975 
2.708  0.616138 
2.709  0.603535 
2.71  0.591162 
2.711  0.579013 
2.712  0.567086 
2.713  0.555376 
2.714  0.543879 
2.715  0.53259 
2.716  0.521507 
2.717  0.510624 
2.718  0.49994 
2.719  0.489449 
2.72  0.479148 
2.721  0.469034 
2.722  0.459103 
2.723  0.449353 
2.724  0.439778 
2.725  0.430378 
2.726  0.421147 
2.727  0.412083 
2.728  0.403183 
2.729  0.394445 
2.73  0.385864 
2.731  0.377438 
2.732  0.369165 
2.733  0.361041 
2.734  0.353063 
2.735  0.34523 
2.736  0.337539 
2.737  0.329986 
2.738  0.322569 
2.739  0.315287 
2.74  0.308136 
2.741  0.301114 
2.742  0.294219 
2.743  0.287448 
2.744  0.280799 
2.745  0.27427 
2.746  0.267859 
2.747  0.261564 
2.748  0.255383 
2.749  0.249313 
2.75  0.243352 
2.751  0.237499 
2.752  0.231752 
2.753  0.226109 
2.754  0.220567 
2.755  0.215125 
2.756  0.209782 
2.757  0.204536 
2.758  0.199384 
2.759  0.194325 
2.76  0.189357 
2.761  0.18448 
2.762  0.17969 
2.763  0.174988 
2.764  0.17037 
2.765  0.165836 
2.766  0.161384 
2.767  0.157013 
2.768  0.152721 
2.769  0.148506 
2.77  0.144368 
2.771  0.140306 
2.772  0.136317 
2.773  0.1324 
2.774  0.128555 
2.775  0.124779 
2.776  0.121072 
2.777  0.117433 
2.778  0.11386 
2.779  0.110352 
2.78  0.106908 
2.781  0.103527 
2.782  0.100207 
2.783  0.0969486 
2.784  0.0937495 
2.785  0.0906089 
2.786  0.0875258 
2.787  0.0844993 
2.788  0.0815282 
2.789  0.0786117 
2.79  0.0757489 
2.791  0.0729387 
2.792  0.0701802 
2.793  0.0674726 
2.794  0.0648149 
2.795  0.0622063 
2.796  0.059646 
2.797  0.057133 
2.798  0.0546667 
2.799  0.052246 
2.8  0.0498704 
2.801  0.0475389 
2.802  0.0452508 
2.803  0.0430054 
2.804  0.0408019 
2.805  0.0386396 
2.806  0.0365177 
2.807  0.0344357 
2.808  0.0323927 
2.809  0.0303881 
2.81  0.0284213 
2.811  0.0264916 
2.812  0.0245984 
2.813  0.0227409 
2.814  0.0209187 
2.815  0.019131 
2.816  0.0173774 
2.817  0.0156571 
2.818  0.0139697 
2.819  0.0123146 
2.82  0.0106912 
2.821  0.00909894 
2.822  0.00753731 
2.823  0.00600579 
2.824  0.00450384 
2.825  0.00303097 
2.826  0.00158668 
2.827  0.000170463 
2.828  -0.00121815 
2.829  -0.00257965 
2.83  -0.00391448 
2.831  -0.00522312 
2.832  -0.006506 
2.833  -0.00776359 
2.834  -0.00899629 
2.835  -0.0102046 
2.836  -0.0113888 
2.837  -0.0125494 
2.838  -0.0136868 
2.839  -0.0148015 
2.84  -0.0158936 
2.841  -0.0169638 
2.842  -0.0180123 
2.843  -0.0190395 
2.844  -0.0200458 
2.845  -0.0210316 
2.846  -0.0219971 
2.847  -0.0229428 
2.848  -0.023869 
2.849  -0.024776 
2.85  -0.0256641 
2.851  -0.0265337 
2.852  -0.0273851 
2.853  -0.0282185 
2.854  -0.0290344 
2.855  -0.029833 
2.856  -0.0306146 
2.857  -0.0313795 
2.858  -0.032128 
2.859  -0.0328603 
2.86  -0.0335768 
2.861  -0.0342777 
2.862  -0.0349633 
2.863  -0.0356338 
2.864  -0.0362895 
2.865  -0.0369307 
2.866  -0.0375576 
2.867  -0.0381705 
2.868  -0.0387695 
2.869  -0.039355 
2.87  -0.0399271 
2.871  -0.0404861 
2.872  -0.0410323 
2.873  -0.0415658 
2.874  -0.0420868 
2.875  -0.0425956 
2.876  -0.0430925 
2.877  -0.0435775 
2.878  -0.0440509 
2.879  -0.0445129 
2.88  -0.0449637 
2.881  -0.0454034 
2.882  -0.0458324 
2.883  -0.0462507 
2.884  -0.0466586 
2.885  -0.0470562 
2.886  -0.0474437 
2.887  -0.0478212 
2.888  -0.0481891 
2.889  -0.0485473 
2.89  -0.0488962 
2.891  -0.0492358 
2.892  -0.0495663 
2.893  -0.0498879 
2.894  -0.0502007 
2.895  -0.0505049 
2.896  -0.0508006 
2.897  -0.051088 
2.898  -0.0513672 
2.899  -0.0516384 
2.9  -0.0519017 
2.901  -0.0521573 
2.902  -0.0524052 
2.903  -0.0526456 
2.904  -0.0528787 
2.905  -0.0531045 
2.906  -0.0533233 
2.907  -0.0535351 
2.908  -0.05374 
2.909  -0.0539382 
2.91  -0.0541298 
2.911  -0.0543148 
2.912  -0.0544936 
2.913  -0.054666 
2.914  -0.0548323 
2.915  -0.0549925 
2.916  -0.0551468 
2.917  -0.0552953 
2.918  -0.055438 
2.919  -0.0555752 
2.92  -0.0557067 
2.921  -0.0558329 
2.922  -0.0559537 
2.923  -0.0560693 
2.924  -0.0561798 
2.925  -0.0562852 
2.926  -0.0563856 
2.927  -0.0564812 
2.928  -0.056572 
2.929  -0.0566581 
2.93  -0.0567396 
2.931  -0.0568166 
2.932  -0.0568891 
2.933  -0.0569573 
2.934  -0.0570212 
2.935  -0.0570809 
2.936  -0.0571365 
2.937  -0.057188 
2.938  -0.0572355 
2.939  -0.0572791 
2.94  -0.057319 
2.941  -0.057355 
2.942  -0.0573874 
2.943  -0.0574161 
2.944  -0.0574413 
2.945  -0.057463 
2.946  -0.0574812 
2.947  -0.0574962 
2.948  -0.0575078 
2.949  -0.0575162 
2.95  -0.0575214 
2.951  -0.0575235 
2.952  -0.0575226 
2.953  -0.0575186 
2.954  -0.0575117 
2.955  -0.057502 
2.956  -0.0574894 
2.957  -0.057474 
2.958  -0.057456 
2.959  -0.0574352 
2.96  -0.0574119 
2.961  -0.057386 
2.962  -0.0573576 
2.963  -0.0573267 
2.964  -0.0572934 
2.965  -0.0572577 
2.966  -0.0572197 
2.967  -0.0571794 
2.968  -0.057137 
2.969  -0.0570923 
2.97  -0.0570455 
2.971  -0.0569965 
2.972  -0.0569456 
2.973  -0.0568926 
2.974  -0.0568376 
2.975  -0.0567808 
2.976  -0.056722 
2.977  -0.0566614 
2.978  -0.0565989 
2.979  -0.0565347 
2.98  -0.0564687 
2.981  -0.0564011 
2.982  -0.0563317 
2.983  -0.0562608 
2.984  -0.0561882 
2.985  -0.0561141 
2.986  -0.0560384 
2.987  -0.0559613 
2.988  -0.0558826 
2.989  -0.0558026 
2.99  -0.0557211 
2.991  -0.0556383 
2.992  -0.0555542 
2.993  -0.0554687 
2.994  -0.0553819 
2.995  -0.0552939 
2.996  -0.0552047 
2.997  -0.0551143 
2.998  -0.0550227 
2.999  -0.05493 
3  -0.0548361 
3.001  -0.0547412 
3.002  -0.0546452 
3.003  -0.0545482 
3.004  -0.0544501 
3.005  -0.0543511 
3.006  -0.0542511 
3.007  -0.0541502 
3.008  -0.0540483 
3.009  -0.0539456 
3.01  -0.053842 
3.011  -0.0537375 
3.012  -0.0536322 
3.013  -0.0535261 
3.014  -0.0534192 
3.015  -0.0533116 
3.016  -0.0532032 
3.017  -0.0530941 
3.018  -0.0529842 
3.019  -0.0528737 
3.02  -0.0527626 
3.021  -0.0526507 
3.022  -0.0525383 
3.023  -0.0524252 
3.024  -0.0523115 
3.025  -0.0521973 
3.026  -0.0520825 
3.027  -0.0519672 
3.028  -0.0518513 
3.029  -0.0517349 
3.03  -0.051618 
3.031  -0.0515007 
3.032  -0.0513829 
3.033  -0.0512646 
3.034  -0.0511459 
3.035  -0.0510268 
3.036  -0.0509073 
3.037  -0.0507874 
3.038  -0.0506671 
3.039  -0.0505464 
3.04  -0.0504254 
3.041  -0.0503041 
3.042  -0.0501824 
3.043  -0.0500605 
3.044  -0.0499382 
3.045  -0.0498156 
3.046  -0.0496928 
3.047  -0.0495697 
3.048  -0.0494464 
3.049  -0.0493228 
3.05  -0.049199 
3.051  -0.049075 
3.052  -0.0489508 
3.053  -0.0488264 
3.054  -0.0487018 
3.055  -0.048577 
3.056  -0.048452 
3.057  -0.0483269 
3.058  -0.0482017 
3.059  -0.0480763 
3.06  -0.0479508 
3.061  -0.0478252 
3.062  -0.0476995 
3.063  -0.0475737 
3.064  -0.0474478 
3.065  -0.0473218 
3.066  -0.0471957 
3.067  -0.0470696 
3.068  -0.0469434 
3.069  -0.0468172 
3.07  -0.0466909 
3.071  -0.0465646 
3.072  -0.0464383 
3.073  -0.0463119 
3.074  -0.0461855 
3.075  -0.0460592 
3.076  -0.0459328 
3.077  -0.0458065 
3.078  -0.0456801 
3.079  -0.0455538 
3.08  -0.0454276 
3.081  -0.0453013 
3.082  -0.0451751 
3.083  -0.045049 
3.084  -0.0449229 
3.085  -0.0447969 
3.086  -0.0446709 
3.087  -0.044545 
3.088  -0.0444192 
3.089  -0.0442935 
3.09  -0.0441678 
3.091  -0.0440423 
3.092  -0.0439168 
3.093  -0.0437915 
3.094  -0.0436662 
3.095  -0.0435411 
3.096  -0.0434161 
3.097  -0.0432912 
3.098  -0.0431665 
3.099  -0.0430419 
3.1  -0.0429174 
3.101  -0.042793 
3.102  -0.0426688 
3.103  -0.0425448 
3.104  -0.0424209 
3.105  -0.0422972 
3.106  -0.0421736 
3.107  -0.0420502 
3.108  -0.0419269 
3.109  -0.0418039 
3.11  -0.041681 
3.111  -0.0415583 
3.112  -0.0414357 
3.113  -0.0413134 
3.114  -0.0411912 
3.115  -0.0410692 
3.116  -0.0409475 
3.117  -0.0408259 
3.118  -0.0407045 
3.119  -0.0405834 
3.12  -0.0404624 
3.121  -0.0403416 
3.122  -0.0402211 
3.123  -0.0401008 
3.124  -0.0399807 
3.125  -0.0398608 
3.126  -0.0397411 
3.127  -0.0396217 
3.128  -0.0395025 
3.129  -0.0393835 
3.13  -0.0392647 
3.131  -0.0391462 
3.132  -0.0390279 
3.133  -0.0389099 
3.134  -0.0387921 
3.135  -0.0386745 
3.136  -0.0385572 
3.137  -0.0384402 
3.138  -0.0383233 
3.139  -0.0382068 
3.14  -0.0380904 
3.141  -0.0379744 
3.142  -0.0378586 
3.143  -0.037743 
3.144  -0.0376277 
3.145  -0.0375127 
3.146  -0.0373979 
3.147  -0.0372834 
3.148  -0.0371691 
3.149  -0.0370552 
3.15  -0.0369414 
3.151  -0.036828 
3.152  -0.0367148 
3.153  -0.0366019 
3.154  -0.0364892 
3.155  -0.0363769 
3.156  -0.0362648 
3.157  -0.036153 
3.158  -0.0360414 
3.159  -0.0359301 
3.16  -0.0358191 
3.161  -0.0357084 
3.162  -0.035598 
3.163  -0.0354878 
3.164  -0.035378 
3.165  -0.0352684 
3.166  -0.035159 
3.167  -0.03505 
3.168  -0.0349413 
3.169  -0.0348328 
3.17  -0.0347246 
3.171  -0.0346167 
3.172  -0.0345091 
3.173  -0.0344018 
3.174  -0.0342948 
3.175  -0.034188 
3.176  -0.0340816 
3.177  -0.0339754 
3.178  -0.0338695 
3.179  -0.0337639 
3.18  -0.0336586 
3.181  -0.0335536 
3.182  -0.0334489 
3.183  -0.0333445 
3.184  -0.0332403 
3.185  -0.0331365 
3.186  -0.0330329 
3.187  -0.0329297 
3.188  -0.0328267 
3.189  -0.032724 
3.19  -0.0326216 
3.191  -0.0325195 
3.192  -0.0324177 
3.193  -0.0323162 
3.194  -0.032215 
3.195  -0.0321141 
3.196  -0.0320135 
3.197  -0.0319131 
3.198  -0.0318131 
3.199  -0.0317133 
3.2  -0.0316139 
3.201  -0.0315147 
3.202  -0.0314158 
3.203  -0.0313172 
3.204  -0.0312189 
3.205  -0.0311209 
3.206  -0.0310232 
3.207  -0.0309258 
3.208  -0.0308287 
3.209  -0.0307319 
3.21  -0.0306353 
3.211  -0.0305391 
3.212  -0.0304431 
3.213  -0.0303475 
3.214  -0.0302521 
3.215  -0.030157 
3.216  -0.0300622 
3.217  -0.0299677 
3.218  -0.0298735 
3.219  -0.0297796 
3.22  -0.029686 
3.221  -0.0295926 
3.222  -0.0294996 
3.223  -0.0294068 
3.224  -0.0293143 
3.225  -0.0292221 
3.226  -0.0291302 
3.227  -0.0290386 
3.228  -0.0289473 
3.229  -0.0288562 
3.23  -0.0287655 
3.231  -0.028675 
3.232  -0.0285848 
3.233  -0.0284949 
3.234  -0.0284053 
3.235  -0.0283159 
3.236  -0.0282269 
3.237  -0.0281381 
3.238  -0.0280496 
3.239  -0.0279614 
3.24  -0.0278735 
3.241  -0.0277859 
3.242  -0.0276985 
3.243  -0.0276114 
3.244  -0.0275246 
3.245  -0.0274381 
3.246  -0.0273518 
3.247  -0.0272659 
3.248  -0.0271802 
3.249  -0.0270948 
3.25  -0.0270096 
3.251  -0.0269248 
3.252  -0.0268402 
3.253  -0.0267559 
3.254  -0.0266718 
3.255  -0.0265881 
3.256  -0.0265046 
3.257  -0.0264213 
3.258  -0.0263384 
3.259  -0.0262557 
3.26  -0.0261733 
3.261  -0.0260912 
3.262  -0.0260093 
3.263  -0.0259277 
3.264  -0.0258464 
3.265  -0.0257653 
3.266  -0.0256845 
3.267  -0.025604 
3.268  -0.0255237 
3.269  -0.0254437 
3.27  -0.025364 
3.271  -0.0252845 
3.272  -0.0252053 
3.273  -0.0251264 
3.274  -0.0250477 
3.275  -0.0249693 
3.276  -0.0248911 
3.277  -0.0248132 
3.278  -0.0247356 
3.279  -0.0246582 
3.28  -0.024581 
3.281  -0.0245042 
3.282  -0.0244276 
3.283  -0.0243512 
3.284  -0.0242751 
3.285  -0.0241993 
3.286  -0.0241237 
3.287  -0.0240483 
3.288  -0.0239732 
3.289  -0.0238984 
3.29  -0.0238238 
3.291  -0.0237495 
3.292  -0.0236754 
3.293  -0.0236016 
3.294  -0.023528 
3.295  -0.0234546 
3.296  -0.0233816 
3.297  -0.0233087 
3.298  -0.0232361 
3.299  -0.0231638 
3.3  -0.0230917 
3.301  -0.0230198 
3.302  -0.0229482 
3.303  -0.0228768 
3.304  -0.0228056 
3.305  -0.0227347 
3.306  -0.0226641 
3.307  -0.0225937 
3.308  -0.0225235 
3.309  -0.0224535 
3.31  -0.0223838 
3.311  -0.0223144 
3.312  -0.0222451 
3.313  -0.0221761 
3.314  -0.0221074 
3.315  -0.0220388 
3.316  -0.0219705 
3.317  -0.0219025 
3.318  -0.0218347 
3.319  -0.0217671 
3.32  -0.0216997 
3.321  -0.0216325 
3.322  -0.0215656 
3.323  -0.0214989 
3.324  -0.0214325 
3.325  -0.0213663 
3.326  -0.0213002 
3.327  -0.0212345 
3.328  -0.0211689 
3.329  -0.0211036 
3.33  -0.0210385 
3.331  -0.0209736 
3.332  -0.0209089 
3.333  -0.0208445 
3.334  -0.0207803 
3.335  -0.0207163 
3.336  -0.0206525 
3.337  -0.0205889 
3.338  -0.0205256 
3.339  -0.0204624 
3.34  -0.0203995 
3.341  -0.0203368 
3.342  -0.0202743 
3.343  -0.0202121 
3.344  -0.02015 
3.345  -0.0200882 
3.346  -0.0200265 
3.347  -0.0199651 
3.348  -0.0199039 
3.349  -0.0198429 
3.35  -0.0197821 
3.351  -0.0197215 
3.352  -0.0196612 
3.353  -0.019601 
3.354  -0.019541 
3.355  -0.0194813 
3.356  -0.0194217 
3.357  -0.0193624 
3.358  -0.0193032 
3.359  -0.0192443 
3.36  -0.0191856 
3.361  -0.019127 
3.362  -0.0190687 
3.363  -0.0190106 
3.364  -0.0189526 
3.365  -0.0188949 
3.366  -0.0188374 
3.367  -0.01878 
3.368  -0.0187229 
3.369  -0.0186659 
3.37  -0.0186092 
3.371  -0.0185526 
3.372  -0.0184963 
3.373  -0.0184401 
3.374  -0.0183841 
3.375  -0.0183283 
3.376  -0.0182727 
3.377  -0.0182173 
3.378  -0.0181621 
3.379  -0.0181071 
3.38  -0.0180523 
3.381  -0.0179976 
3.382  -0.0179432 
3.383  -0.0178889 
3.384  -0.0178348 
3.385  -0.017781 
3.386  -0.0177272 
3.387  -0.0176737 
3.388  -0.0176204 
3.389  -0.0175672 
3.39  -0.0175142 
3.391  -0.0174614 
3.392  -0.0174088 
3.393  -0.0173564 
3.394  -0.0173042 
3.395  -0.0172521 
3.396  -0.0172002 
3.397  -0.0171485 
3.398  -0.0170969 
3.399  -0.0170456 
3.4  -0.0169944 
3.401  -0.0169434 
3.402  -0.0168925 
3.403  -0.0168419 
3.404  -0.0167914 
3.405  -0.0167411 
3.406  -0.0166909 
3.407  -0.016641 
3.408  -0.0165912 
3.409  -0.0165415 
3.41  -0.0164921 
3.411  -0.0164428 
3.412  -0.0163937 
3.413  -0.0163447 
3.414  -0.016296 
3.415  -0.0162473 
3.416  -0.0161989 
3.417  -0.0161506 
3.418  -0.0161025 
3.419  -0.0160545 
3.42  -0.0160067 
3.421  -0.0159591 
3.422  -0.0159117 
3.423  -0.0158644 
3.424  -0.0158172 
3.425  -0.0157702 
3.426  -0.0157234 
3.427  -0.0156768 
3.428  -0.0156303 
3.429  -0.0155839 
3.43  -0.0155378 
3.431  -0.0154917 
3.432  -0.0154459 
3.433  -0.0154002 
3.434  -0.0153546 
3.435  -0.0153092 
3.436  -0.015264 
3.437  -0.0152189 
3.438  -0.015174 
3.439  -0.0151292 
3.44  -0.0150845 
3.441  -0.0150401 
3.442  -0.0149957 
3.443  -0.0149516 
3.444  -0.0149075 
3.445  -0.0148637 
3.446  -0.01482 
3.447  -0.0147764 
3.448  -0.014733 
3.449  -0.0146897 
3.45  -0.0146465 
3.451  -0.0146036 
3.452  -0.0145607 
3.453  -0.014518 
3.454  -0.0144755 
3.455  -0.0144331 
3.456  -0.0143908 
3.457  -0.0143487 
3.458  -0.0143067 
3.459  -0.0142649 
3.46  -0.0142232 
3.461  -0.0141817 
3.462  -0.0141403 
3.463  -0.014099 
3.464  -0.0140579 
3.465  -0.0140169 
3.466  -0.013976 
3.467  -0.0139353 
3.468  -0.0138948 
3.469  -0.0138543 
3.47  -0.013814 
3.471  -0.0137739 
3.472  -0.0137338 
3.473  -0.0136939 
3.474  -0.0136542 
3.475  -0.0136146 
3.476  -0.0135751 
3.477  -0.0135357 
3.478  -0.0134965 
3.479  -0.0134574 
3.48  -0.0134185 
3.481  -0.0133796 
3.482  -0.013341 
3.483  -0.0133024 
3.484  -0.013264 
3.485  -0.0132257 
3.486  -0.0131875 
3.487  -0.0131494 
3.488  -0.0131115 
3.489  -0.0130737 
3.49  -0.0130361 
3.491  -0.0129985 
3.492  -0.0129611 
3.493  -0.0129238 
3.494  -0.0128867 
3.495  -0.0128496 
3.496  -0.0128127 
3.497  -0.0127759 
3.498  -0.0127393 
3.499  -0.0127027 
3.5  -0.0126663 
3.501  -0.01263 
3.502  -0.0125938 
3.503  -0.0125578 
3.504  -0.0125219 
3.505  -0.0124861 
3.506  -0.0124504 
3.507  -0.0124148 
3.508  -0.0123793 
3.509  -0.012344 
3.51  -0.0123088 
3.511  -0.0122737 
3.512  -0.0122387 
3.513  -0.0122038 
3.514  -0.0121691 
3.515  -0.0121345 
3.516  -0.0120999 
3.517  -0.0120655 
3.518  -0.0120312 
3.519  -0.0119971 
3.52  -0.011963 
3.521  -0.0119291 
3.522  -0.0118952 
3.523  -0.0118615 
3.524  -0.0118279 
3.525  -0.0117944 
3.526  -0.011761 
3.527  -0.0117278 
3.528  -0.0116946 
3.529  -0.0116615 
3.53  -0.0116286 
3.531  -0.0115958 
3.532  -0.011563 
3.533  -0.0115304 
3.534  -0.0114979 
3.535  -0.0114655 
3.536  -0.0114332 
3.537  -0.011401 
3.538  -0.0113689 
3.539  -0.011337 
3.54  -0.0113051 
3.541  -0.0112733 
3.542  -0.0112417 
3.543  -0.0112101 
3.544  -0.0111787 
3.545  -0.0111473 
3.546  -0.0111161 
3.547  -0.0110849 
3.548  -0.0110539 
3.549  -0.011023 
3.55  -0.0109921 
3.551  -0.0109614 
3.552  -0.0109308 
3.553  -0.0109002 
3.554  -0.0108698 
3.555  -0.0108395 
3.556  -0.0108093 
3.557  -0.0107791 
3.558  -0.0107491 
3.559  -0.0107192 
3.56  -0.0106893 
3.561  -0.0106596 
3.562  -0.0106299 
3.563  -0.0106004 
3.564  -0.010571 
3.565  -0.0105416 
3.566  -0.0105124 
3.567  -0.0104832 
3.568  -0.0104541 
3.569  -0.0104252 
3.57  -0.0103963 
3.571  -0.0103675 
3.572  -0.0103388 
3.573  -0.0103102 
3.574  -0.0102818 
3.575  -0.0102533 
3.576  -0.010225 
3.577  -0.0101968 
3.578  -0.0101687 
3.579  -0.0101407 
3.58  -0.0101127 
3.581  -0.0100849 
3.582  -0.0100571 
3.583  -0.0100294 
3.584  -0.0100018 
3.585  -0.00997435 
3.586  -0.00994694 
3.587  -0.00991963 
3.588  -0.0098924 
3.589  -0.00986526 
3.59  -0.00983821 
3.591  -0.00981125 
3.592  -0.00978438 
3.593  -0.00975759 
3.594  -0.00973089 
3.595  -0.00970427 
3.596  -0.00967774 
3.597  -0.0096513 
3.598  -0.00962494 
3.599  -0.00959867 
3.6  -0.00957248 
3.601  -0.00954638 
3.602  -0.00952036 
3.603  -0.00949442 
3.604  -0.00946857 
3.605  -0.0094428 
3.606  -0.00941712 
3.607  -0.00939152 
3.608  -0.009366 
3.609  -0.00934056 
3.61  -0.0093152 
3.611  -0.00928993 
3.612  -0.00926473 
3.613  -0.00923962 
3.614  -0.00921459 
3.615  -0.00918964 
3.616  -0.00916476 
3.617  -0.00913997 
3.618  -0.00911526 
3.619  -0.00909063 
3.62  -0.00906607 
3.621  -0.00904159 
3.622  -0.0090172 
3.623  -0.00899288 
3.624  -0.00896863 
3.625  -0.00894447 
3.626  -0.00892038 
3.627  -0.00889637 
3.628  -0.00887244 
3.629  -0.00884858 
3.63  -0.0088248 
3.631  -0.00880109 
3.632  -0.00877746 
3.633  -0.0087539 
3.634  -0.00873042 
3.635  -0.00870702 
3.636  -0.00868369 
3.637  -0.00866043 
3.638  -0.00863724 
3.639  -0.00861413 
3.64  -0.0085911 
3.641  -0.00856813 
3.642  -0.00854524 
3.643  -0.00852243 
3.644  -0.00849968 
3.645  -0.00847701 
3.646  -0.0084544 
3.647  -0.00843187 
3.648  -0.00840941 
3.649  -0.00838703 
3.65  -0.00836471 
3.651  -0.00834246 
3.652  -0.00832028 
3.653  -0.00829818 
3.654  -0.00827614 
3.655  -0.00825417 
3.656  -0.00823227 
3.657  -0.00821044 
3.658  -0.00818868 
3.659  -0.00816699 
3.66  -0.00814537 
3.661  -0.00812381 
3.662  -0.00810232 
3.663  -0.0080809 
3.664  -0.00805955 
3.665  -0.00803826 
3.666  -0.00801704 
3.667  -0.00799589 
3.668  -0.0079748 
3.669  -0.00795378 
3.67  -0.00793282 
3.671  -0.00791193 
3.672  -0.00789111 
3.673  -0.00787035 
3.674  -0.00784966 
3.675  -0.00782903 
3.676  -0.00780846 
3.677  -0.00778796 
3.678  -0.00776752 
3.679  -0.00774715 
3.68  -0.00772684 
3.681  -0.0077066 
3.682  -0.00768641 
3.683  -0.00766629 
3.684  -0.00764623 
3.685  -0.00762624 
3.686  -0.0076063 
3.687  -0.00758643 
3.688  -0.00756662 
3.689  -0.00754688 
3.69  -0.00752719 
3.691  -0.00750756 
3.692  -0.007488 
3.693  -0.00746849 
3.694  -0.00744905 
3.695  -0.00742967 
3.696  -0.00741034 
3.697  -0.00739108 
3.698  -0.00737187 
3.699  -0.00735273 
3.7  -0.00733364 
3.701  -0.00731462 
3.702  -0.00729565 
3.703  -0.00727674 
3.704  -0.00725789 
3.705  -0.00723909 
3.706  -0.00722036 
3.707  -0.00720168 
3.708  -0.00718306 
3.709  -0.0071645 
3.71  -0.00714599 
3.711  -0.00712754 
3.712  -0.00710915 
3.713  -0.00709081 
3.714  -0.00707253 
3.715  -0.00705431 
3.716  -0.00703614 
3.717  -0.00701803 
3.718  -0.00699998 
3.719  -0.00698197 
3.72  -0.00696403 
3.721  -0.00694614 
3.722  -0.0069283 
3.723  -0.00691052 
3.724  -0.00689279 
3.725  -0.00687512 
3.726  -0.0068575 
3.727  -0.00683994 
3.728  -0.00682242 
3.729  -0.00680496 
3.73  -0.00678756 
3.731  -0.00677021 
3.732  -0.00675291 
3.733  -0.00673566 
3.734  -0.00671847 
3.735  -0.00670132 
3.736  -0.00668423 
3.737  -0.0066672 
3.738  -0.00665021 
3.739  -0.00663328 
3.74  -0.00661639 
3.741  -0.00659956 
3.742  -0.00658278 
3.743  -0.00656605 
3.744  -0.00654937 
3.745  -0.00653274 
3.746  -0.00651616 
3.747  -0.00649963 
3.748  -0.00648315 
3.749  -0.00646672 
3.75  -0.00645034 
3.751  -0.00643401 
3.752  -0.00641773 
3.753  -0.0064015 
3.754  -0.00638532 
3.755  -0.00636919 
3.756  -0.0063531 
3.757  -0.00633706 
3.758  -0.00632108 
3.759  -0.00630513 
3.76  -0.00628924 
3.761  -0.0062734 
3.762  -0.0062576 
3.763  -0.00624185 
3.764  -0.00622615 
3.765  -0.00621049 
3.766  -0.00619488 
3.767  -0.00617932 
3.768  -0.00616381 
3.769  -0.00614834 
3.77  -0.00613292 
3.771  -0.00611754 
3.772  -0.00610221 
3.773  -0.00608692 
3.774  -0.00607168 
3.775  -0.00605649 
3.776  -0.00604134 
3.777  -0.00602624 
3.778  -0.00601118 
3.779  -0.00599617 
3.78  -0.0059812 
3.781  -0.00596628 
3.782  -0.0059514 
3.783  -0.00593656 
3.784  -0.00592177 
3.785  -0.00590702 
3.786  -0.00589232 
3.787  -0.00587766 
3.788  -0.00586305 
3.789  -0.00584847 
3.79  -0.00583394 
3.791  -0.00581946 
3.792  -0.00580501 
3.793  -0.00579061 
3.794  -0.00577625 
3.795  -0.00576194 
3.796  -0.00574767 
3.797  -0.00573343 
3.798  -0.00571925 
3.799  -0.0057051 
3.8  -0.00569099 
3.801  -0.00567693 
3.802  -0.00566291 
3.803  -0.00564893 
3.804  -0.00563499 
3.805  -0.00562109 
3.806  -0.00560723 
3.807  -0.00559341 
3.808  -0.00557964 
3.809  -0.0055659 
3.81  -0.0055522 
3.811  -0.00553855 
3.812  -0.00552493 
3.813  -0.00551136 
3.814  -0.00549782 
3.815  -0.00548433 
3.816  -0.00547087 
3.817  -0.00545745 
3.818  -0.00544407 
3.819  -0.00543074 
3.82  -0.00541744 
3.821  -0.00540417 
3.822  -0.00539095 
3.823  -0.00537777 
3.824  -0.00536462 
3.825  -0.00535152 
3.826  -0.00533845 
3.827  -0.00532542 
3.828  -0.00531243 
3.829  -0.00529947 
3.83  -0.00528656 
3.831  -0.00527368 
3.832  -0.00526084 
3.833  -0.00524803 
3.834  -0.00523526 
3.835  -0.00522253 
3.836  -0.00520984 
3.837  -0.00519718 
3.838  -0.00518456 
3.839  -0.00517198 
3.84  -0.00515943 
3.841  -0.00514692 
3.842  -0.00513445 
3.843  -0.00512201 
3.844  -0.00510961 
3.845  -0.00509724 
3.846  -0.00508491 
3.847  -0.00507262 
3.848  -0.00506036 
3.849  -0.00504814 
3.85  -0.00503595 
3.851  -0.00502379 
3.852  -0.00501168 
3.853  -0.00499959 
3.854  -0.00498754 
3.855  -0.00497553 
3.856  -0.00496355 
3.857  -0.00495161 
3.858  -0.00493969 
3.859  -0.00492782 
3.86  -0.00491598 
3.861  -0.00490417 
3.862  -0.00489239 
3.863  -0.00488065 
3.864  -0.00486894 
3.865  -0.00485727 
3.866  -0.00484563 
3.867  -0.00483402 
3.868  -0.00482245 
3.869  -0.00481091 
3.87  -0.0047994 
3.871  -0.00478793 
3.872  -0.00477649 
3.873  -0.00476508 
3.874  -0.0047537 
3.875  -0.00474235 
3.876  -0.00473104 
3.877  -0.00471976 
3.878  -0.00470852 
3.879  -0.0046973 
3.88  -0.00468612 
3.881  -0.00467496 
3.882  -0.00466384 
3.883  -0.00465276 
3.884  -0.0046417 
3.885  -0.00463067 
3.886  -0.00461968 
3.887  -0.00460872 
3.888  -0.00459778 
3.889  -0.00458688 
3.89  -0.00457601 
3.891  -0.00456517 
3.892  -0.00455436 
3.893  -0.00454358 
3.894  -0.00453284 
3.895  -0.00452212 
3.896  -0.00451143 
3.897  -0.00450078 
3.898  -0.00449015 
3.899  -0.00447955 
3.9  -0.00446898 
3.901  -0.00445845 
3.902  -0.00444794 
3.903  -0.00443746 
3.904  -0.00442701 
3.905  -0.00441659 
3.906  -0.0044062 
3.907  -0.00439584 
3.908  -0.00438551 
3.909  -0.00437521 
3.91  -0.00436494 
3.911  -0.00435469 
3.912  -0.00434447 
3.913  -0.00433429 
3.914  -0.00432413 
3.915  -0.004314 
3.916  -0.0043039 
3.917  -0.00429382 
3.918  -0.00428378 
3.919  -0.00427376 
3.92  -0.00426377 
3.921  -0.00425381 
3.922  -0.00424387 
3.923  -0.00423397 
3.924  -0.00422409 
3.925  -0.00421424 
3.926  -0.00420441 
3.927  -0.00419462 
3.928  -0.00418485 
3.929  -0.00417511 
3.93  -0.00416539 
3.931  -0.0041557 
3.932  -0.00414604 
3.933  -0.00413641 
3.934  -0.0041268 
3.935  -0.00411722 
3.936  -0.00410767 
3.937  -0.00409814 
3.938  -0.00408864 
3.939  -0.00407917 
3.94  -0.00406972 
3.941  -0.0040603 
3.942  -0.0040509 
3.943  -0.00404153 
3.944  -0.00403218 
3.945  -0.00402287 
3.946  -0.00401357 
3.947  -0.00400431 
3.948  -0.00399506 
3.949  -0.00398585 
3.95  -0.00397666 
3.951  -0.00396749 
3.952  -0.00395835 
3.953  -0.00394924 
3.954  -0.00394015 
3.955  -0.00393108 
3.956  -0.00392204 
3.957  -0.00391303 
3.958  -0.00390404 
3.959  -0.00389507 
3.96  -0.00388613 
3.961  -0.00387721 
3.962  -0.00386832 
3.963  -0.00385945 
3.964  -0.00385061 
3.965  -0.00384179 
3.966  -0.003833 
3.967  -0.00382423 
3.968  -0.00381548 
3.969  -0.00380676 
3.97  -0.00379806 
3.971  -0.00378938 
3.972  -0.00378073 
3.973  -0.0037721 
3.974  -0.0037635 
3.975  -0.00375491 
3.976  -0.00374636 
3.977  -0.00373782 
3.978  -0.00372931 
3.979  -0.00372082 
3.98  -0.00371236 
3.981  -0.00370392 
3.982  -0.0036955 
3.983  -0.0036871 
3.984  -0.00367873 
3.985  -0.00367038 
3.986  -0.00366205 
3.987  -0.00365374 
3.988  -0.00364546 
3.989  -0.0036372 
3.99  -0.00362896 
3.991  -0.00362075 
3.992  -0.00361255 
3.993  -0.00360438 
3.994  -0.00359623 
3.995  -0.0035881 
3.996  -0.00358 
3.997  -0.00357191 
3.998  -0.00356385 
3.999  -0.00355581 
4  -0.00354779 
4.001  -0.0035398 
4.002  -0.00353182 
4.003  -0.00352387 
4.004  -0.00351594 
4.005  -0.00350803 
4.006  -0.00350014 
4.007  -0.00349227 
4.008  -0.00348442 
4.009  -0.00347659 
4.01  -0.00346879 
4.011  -0.003461 
4.012  -0.00345324 
4.013  -0.0034455 
4.014  -0.00343778 
4.015  -0.00343008 
4.016  -0.0034224 
4.017  -0.00341474 
4.018  -0.0034071 
4.019  -0.00339948 
4.02  -0.00339188 
4.021  -0.0033843 
4.022  -0.00337674 
4.023  -0.0033692 
4.024  -0.00336169 
4.025  -0.00335419 
4.026  -0.00334671 
4.027  -0.00333925 
4.028  -0.00333181 
4.029  -0.0033244 
4.03  -0.003317 
4.031  -0.00330962 
4.032  -0.00330226 
4.033  -0.00329492 
4.034  -0.0032876 
4.035  -0.0032803 
4.036  -0.00327302 
4.037  -0.00326575 
4.038  -0.00325851 
4.039  -0.00325129 
4.04  -0.00324408 
4.041  -0.0032369 
4.042  -0.00322973 
4.043  -0.00322258 
4.044  -0.00321546 
4.045  -0.00320835 
4.046  -0.00320126 
4.047  -0.00319418 
4.048  -0.00318713 
4.049  -0.00318009 
4.05  -0.00317308 
4.051  -0.00316608 
4.052  -0.0031591 
4.053  -0.00315214 
4.054  -0.0031452 
4.055  -0.00313827 
4.056  -0.00313137 
4.057  -0.00312448 
4.058  -0.00311761 
4.059  -0.00311076 
4.06  -0.00310392 
4.061  -0.00309711 
4.062  -0.00309031 
4.063  -0.00308353 
4.064  -0.00307677 
4.065  -0.00307002 
4.066  -0.0030633 
4.067  -0.00305659 
4.068  -0.00304989 
4.069  -0.00304322 
4.07  -0.00303656 
4.071  -0.00302992 
4.072  -0.0030233 
4.073  -0.0030167 
4.074  -0.00301011 
4.075  -0.00300354 
4.076  -0.00299698 
4.077  -0.00299045 
4.078  -0.00298393 
4.079  -0.00297743 
4.08  -0.00297094 
4.081  -0.00296447 
4.082  -0.00295802 
4.083  -0.00295159 
4.084  -0.00294517 
4.085  -0.00293877 
4.086  -0.00293238 
4.087  -0.00292601 
4.088  -0.00291966 
4.089  -0.00291333 
4.09  -0.00290701 
4.091  -0.00290071 
4.092  -0.00289442 
4.093  -0.00288815 
4.094  -0.0028819 
4.095  -0.00287566 
4.096  -0.00286944 
4.097  -0.00286323 
4.098  -0.00285704 
4.099  -0.00285087 
4.1  -0.00284471 
4.101  -0.00283857 
4.102  -0.00283245 
4.103  -0.00282634 
4.104  -0.00282024 
4.105  -0.00281417 
4.106  -0.0028081 
4.107  -0.00280206 
4.108  -0.00279602 
4.109  -0.00279001 
4.11  -0.00278401 
4.111  -0.00277802 
4.112  -0.00277205 
4.113  -0.0027661 
4.114  -0.00276016 
4.115  -0.00275424 
4.116  -0.00274833 
4.117  -0.00274243 
4.118  -0.00273656 
4.119  -0.00273069 
4.12  -0.00272484 
4.121  -0.00271901 
4.122  -0.00271319 
4.123  -0.00270739 
4.124  -0.0027016 
4.125  -0.00269583 
4.126  -0.00269007 
4.127  -0.00268432 
4.128  -0.00267859 
4.129  -0.00267288 
4.13  -0.00266718 
4.131  -0.00266149 
4.132  -0.00265582 
4.133  -0.00265016 
4.134  -0.00264452 
4.135  -0.00263889 
4.136  -0.00263328 
4.137  -0.00262768 
4.138  -0.00262209 
4.139  -0.00261652 
4.14  -0.00261096 
4.141  -0.00260542 
4.142  -0.00259989 
4.143  -0.00259438 
4.144  -0.00258887 
4.145  -0.00258339 
4.146  -0.00257791 
4.147  -0.00257245 
4.148  -0.00256701 
4.149  -0.00256158 
4.15  -0.00255616 
4.151  -0.00255075 
4.152  -0.00254536 
4.153  -0.00253999 
4.154  -0.00253462 
4.155  -0.00252927 
4.156  -0.00252394 
4.157  -0.00251861 
4.158  -0.0025133 
4.159  -0.00250801 
4.16  -0.00250272 
4.161  -0.00249745 
4.162  -0.0024922 
4.163  -0.00248695 
4.164  -0.00248172 
4.165  -0.00247651 
4.166  -0.0024713 
4.167  -0.00246611 
4.168  -0.00246093 
4.169  -0.00245577 
4.17  -0.00245062 
4.171  -0.00244548 
4.172  -0.00244035 
4.173  -0.00243524 
4.174  -0.00243014 
4.175  -0.00242505 
4.176  -0.00241998 
4.177  -0.00241491 
4.178  -0.00240986 
4.179  -0.00240483 
4.18  -0.0023998 
4.181  -0.00239479 
4.182  -0.00238979 
4.183  -0.0023848 
4.184  -0.00237983 
4.185  -0.00237487 
4.186  -0.00236992 
4.187  -0.00236498 
4.188  -0.00236006 
4.189  -0.00235514 
4.19  -0.00235024 
4.191  -0.00234535 
4.192  -0.00234048 
4.193  -0.00233561 
4.194  -0.00233076 
4.195  -0.00232592 
4.196  -0.00232109 
4.197  -0.00231628 
4.198  -0.00231147 
4.199  -0.00230668 
4.2  -0.0023019 
4.201  -0.00229713 
4.202  -0.00229237 
4.203  -0.00228763 
4.204  -0.0022829 
4.205  -0.00227817 
4.206  -0.00227346 
4.207  -0.00226877 
4.208  -0.00226408 
4.209  -0.0022594 
4.21  -0.00225474 
4.211  -0.00225009 
4.212  -0.00224545 
4.213  -0.00224082 
4.214  -0.0022362 
4.215  -0.00223159 
4.216  -0.002227 
4.217  -0.00222241 
4.218  -0.00221784 
4.219  -0.00221328 
4.22  -0.00220873 
4.221  -0.00220419 
4.222  -0.00219966 
4.223  -0.00219515 
4.224  -0.00219064 
4.225  -0.00218615 
4.226  -0.00218166 
4.227  -0.00217719 
4.228  -0.00217273 
4.229  -0.00216828 
4.23  -0.00216384 
4.231  -0.00215941 
4.232  -0.00215499 
4.233  -0.00215058 
4.234  -0.00214619 
4.235  -0.0021418 
4.236  -0.00213742 
4.237  -0.00213306 
4.238  -0.00212871 
4.239  -0.00212436 
4.24  -0.00212003 
4.241  -0.00211571 
4.242  -0.0021114 
4.243  -0.00210709 
4.244  -0.0021028 
4.245  -0.00209852 
4.246  -0.00209425 
4.247  -0.00208999 
4.248  -0.00208574 
4.249  -0.00208151 
4.25  -0.00207728 
4.251  -0.00207306 
4.252  -0.00206885 
4.253  -0.00206465 
4.254  -0.00206047 
4.255  -0.00205629 
4.256  -0.00205212 
4.257  -0.00204796 
4.258  -0.00204382 
4.259  -0.00203968 
4.26  -0.00203555 
4.261  -0.00203143 
4.262  -0.00202733 
4.263  -0.00202323 
4.264  -0.00201914 
4.265  -0.00201506 
4.266  -0.002011 
4.267  -0.00200694 
4.268  -0.00200289 
4.269  -0.00199885 
4.27  -0.00199482 
4.271  -0.0019908 
4.272  -0.00198679 
4.273  -0.00198279 
4.274  -0.0019788 
4.275  -0.00197482 
4.276  -0.00197085 
4.277  -0.00196689 
4.278  -0.00196294 
4.279  -0.00195899 
4.28  -0.00195506 
4.281  -0.00195114 
4.282  -0.00194722 
4.283  -0.00194332 
4.284  -0.00193942 
4.285  -0.00193554 
4.286  -0.00193166 
4.287  -0.00192779 
4.288  -0.00192393 
4.289  -0.00192008 
4.29  -0.00191624 
4.291  -0.00191241 
4.292  -0.00190859 
4.293  -0.00190478 
4.294  -0.00190098 
4.295  -0.00189718 
4.296  -0.0018934 
4.297  -0.00188962 
4.298  -0.00188585 
4.299  -0.00188209 
4.3  -0.00187834 
4.301  -0.0018746 
4.302  -0.00187087 
4.303  -0.00186715 
4.304  -0.00186343 
4.305  -0.00185973 
4.306  -0.00185603 
4.307  -0.00185234 
4.308  -0.00184867 
4.309  -0.001845 
4.31  -0.00184133 
4.311  -0.00183768 
4.312  -0.00183404 
4.313  -0.0018304 
4.314  -0.00182677 
4.315  -0.00182316 
4.316  -0.00181955 
4.317  -0.00181595 
4.318  -0.00181235 
4.319  -0.00180877 
4.32  -0.00180519 
4.321  -0.00180162 
4.322  -0.00179807 
4.323  -0.00179452 
4.324  -0.00179097 
4.325  -0.00178744 
4.326  -0.00178391 
4.327  -0.0017804 
4.328  -0.00177689 
4.329  -0.00177339 
4.33  -0.00176989 
4.331  -0.00176641 
4.332  -0.00176293 
4.333  -0.00175947 
4.334  -0.00175601 
4.335  -0.00175255 
4.336  -0.00174911 
4.337  -0.00174567 
4.338  -0.00174225 
4.339  -0.00173883 
4.34  -0.00173542 
4.341  -0.00173201 
4.342  -0.00172862 
4.343  -0.00172523 
4.344  -0.00172185 
4.345  -0.00171848 
4.346  -0.00171511 
4.347  -0.00171176 
4.348  -0.00170841 
4.349  -0.00170507 
4.35  -0.00170174 
4.351  -0.00169841 
4.352  -0.00169509 
4.353  -0.00169179 
4.354  -0.00168848 
4.355  -0.00168519 
4.356  -0.0016819 
4.357  -0.00167863 
4.358  -0.00167535 
4.359  -0.00167209 
4.36  -0.00166883 
4.361  -0.00166559 
4.362  -0.00166235 
4.363  -0.00165911 
4.364  -0.00165589 
4.365  -0.00165267 
4.366  -0.00164946 
4.367  -0.00164625 
4.368  -0.00164306 
4.369  -0.00163987 
4.37  -0.00163669 
4.371  -0.00163352 
4.372  -0.00163035 
4.373  -0.00162719 
4.374  -0.00162404 
4.375  -0.00162089 
4.376  -0.00161776 
4.377  -0.00161463 
4.378  -0.0016115 
4.379  -0.00160839 
4.38  -0.00160528 
4.381  -0.00160218 
4.382  -0.00159908 
4.383  -0.001596 
4.384  -0.00159292 
4.385  -0.00158984 
4.386  -0.00158678 
4.387  -0.00158372 
4.388  -0.00158067 
4.389  -0.00157762 
4.39  -0.00157459 
4.391  -0.00157156 
4.392  -0.00156853 
4.393  -0.00156551 
4.394  -0.00156251 
4.395  -0.0015595 
4.396  -0.00155651 
4.397  -0.00155352 
4.398  -0.00155053 
4.399  -0.00154756 
4.4  -0.00154459 
4.401  -0.00154163 
4.402  -0.00153867 
4.403  -0.00153573 
4.404  -0.00153278 
4.405  -0.00152985 
4.406  -0.00152692 
4.407  -0.001524 
4.408  -0.00152108 
4.409  -0.00151818 
4.41  -0.00151527 
4.411  -0.00151238 
4.412  -0.00150949 
4.413  -0.00150661 
4.414  -0.00150373 
4.415  -0.00150086 
4.416  -0.001498 
4.417  -0.00149515 
4.418  -0.0014923 
4.419  -0.00148945 
4.42  -0.00148662 
4.421  -0.00148379 
4.422  -0.00148097 
4.423  -0.00147815 
4.424  -0.00147534 
4.425  -0.00147253 
4.426  -0.00146974 
4.427  -0.00146694 
4.428  -0.00146416 
4.429  -0.00146138 
4.43  -0.00145861 
4.431  -0.00145584 
4.432  -0.00145308 
4.433  -0.00145033 
4.434  -0.00144758 
4.435  -0.00144484 
4.436  -0.0014421 
4.437  -0.00143937 
4.438  -0.00143665 
4.439  -0.00143393 
4.44  -0.00143122 
4.441  -0.00142852 
4.442  -0.00142582 
4.443  -0.00142313 
4.444  -0.00142044 
4.445  -0.00141776 
4.446  -0.00141509 
4.447  -0.00141242 
4.448  -0.00140976 
4.449  -0.0014071 
4.45  -0.00140445 
4.451  -0.00140181 
4.452  -0.00139917 
4.453  -0.00139653 
4.454  -0.00139391 
4.455  -0.00139129 
4.456  -0.00138867 
4.457  -0.00138606 
4.458  -0.00138346 
4.459  -0.00138086 
4.46  -0.00137827 
4.461  -0.00137569 
4.462  -0.00137311 
4.463  -0.00137053 
4.464  -0.00136796 
4.465  -0.0013654 
4.466  -0.00136284 
4.467  -0.00136029 
4.468  -0.00135775 
4.469  -0.00135521 
4.47  -0.00135267 
4.471  -0.00135015 
4.472  -0.00134762 
4.473  -0.0013451 
4.474  -0.00134259 
4.475  -0.00134009 
4.476  -0.00133759 
4.477  -0.00133509 
4.478  -0.0013326 
4.479  -0.00133012 
4.48  -0.00132764 
4.481  -0.00132517 
4.482  -0.0013227 
4.483  -0.00132024 
4.484  -0.00131778 
4.485  -0.00131533 
4.486  -0.00131288 
4.487  -0.00131044 
4.488  -0.00130801 
4.489  -0.00130558 
4.49  -0.00130316 
4.491  -0.00130074 
4.492  -0.00129832 
4.493  -0.00129592 
4.494  -0.00129351 
4.495  -0.00129112 
4.496  -0.00128872 
4.497  -0.00128634 
4.498  -0.00128396 
4.499  -0.00128158 
4.5  -0.00127921 
4.501  -0.00127684 
4.502  -0.00127448 
4.503  -0.00127213 
4.504  -0.00126978 
4.505  -0.00126743 
4.506  -0.00126509 
4.507  -0.00126276 
4.508  -0.00126043 
4.509  -0.0012581 
4.51  -0.00125579 
4.511  -0.00125347 
4.512  -0.00125116 
4.513  -0.00124886 
4.514  -0.00124656 
4.515  -0.00124426 
4.516  -0.00124198 
4.517  -0.00123969 
4.518  -0.00123741 
4.519  -0.00123514 
4.52  -0.00123287 
4.521  -0.00123061 
4.522  -0.00122835 
4.523  -0.00122609 
4.524  -0.00122384 
4.525  -0.0012216 
4.526  -0.00121936 
4.527  -0.00121713 
4.528  -0.0012149 
4.529  -0.00121267 
4.53  -0.00121045 
4.531  -0.00120824 
4.532  -0.00120603 
4.533  -0.00120382 
4.534  -0.00120162 
4.535  -0.00119942 
4.536  -0.00119723 
4.537  -0.00119505 
4.538  -0.00119287 
4.539  -0.00119069 
4.54  -0.00118852 
4.541  -0.00118635 
4.542  -0.00118419 
4.543  -0.00118203 
4.544  -0.00117988 
4.545  -0.00117773 
4.546  -0.00117558 
4.547  -0.00117344 
4.548  -0.00117131 
4.549  -0.00116918 
4.55  -0.00116705 
4.551  -0.00116493 
4.552  -0.00116282 
4.553  -0.00116071 
4.554  -0.0011586 
4.555  -0.0011565 
4.556  -0.0011544 
4.557  -0.00115231 
4.558  -0.00115022 
4.559  -0.00114813 
4.56  -0.00114605 
4.561  -0.00114398 
4.562  -0.00114191 
4.563  -0.00113984 
4.564  -0.00113778 
4.565  -0.00113572 
4.566  -0.00113367 
4.567  -0.00113162 
4.568  -0.00112957 
4.569  -0.00112753 
4.57  -0.0011255 
4.571  -0.00112347 
4.572  -0.00112144 
4.573  -0.00111942 
4.574  -0.0011174 
4.575  -0.00111539 
4.576  -0.00111338 
4.577  -0.00111137 
4.578  -0.00110937 
4.579  -0.00110737 
4.58  -0.00110538 
4.581  -0.00110339 
4.582  -0.00110141 
4.583  -0.00109943 
4.584  -0.00109746 
4.585  -0.00109549 
4.586  -0.00109352 
4.587  -0.00109156 
4.588  -0.0010896 
4.589  -0.00108764 
4.59  -0.00108569 
4.591  -0.00108375 
4.592  -0.00108181 
4.593  -0.00107987 
4.594  -0.00107793 
4.595  -0.00107601 
4.596  -0.00107408 
4.597  -0.00107216 
4.598  -0.00107024 
4.599  -0.00106833 
4.6  -0.00106642 
4.601  -0.00106452 
4.602  -0.00106261 
4.603  -0.00106072 
4.604  -0.00105883 
4.605  -0.00105694 
4.606  -0.00105505 
4.607  -0.00105317 
4.608  -0.00105129 
4.609  -0.00104942 
4.61  -0.00104755 
4.611  -0.00104569 
4.612  -0.00104383 
4.613  -0.00104197 
4.614  -0.00104012 
4.615  -0.00103827 
4.616  -0.00103642 
4.617  -0.00103458 
4.618  -0.00103275 
4.619  -0.00103091 
4.62  -0.00102908 
4.621  -0.00102726 
4.622  -0.00102544 
4.623  -0.00102362 
4.624  -0.0010218 
4.625  -0.00101999 
4.626  -0.00101819 
4.627  -0.00101638 
4.628  -0.00101458 
4.629  -0.00101279 
4.63  -0.001011 
4.631  -0.00100921 
4.632  -0.00100743 
4.633  -0.00100565 
4.634  -0.00100387 
4.635  -0.0010021 
4.636  -0.00100033 
4.637  -0.000998564 
4.638  -0.000996803 
4.639  -0.000995045 
4.64  -0.000993291 
4.641  -0.000991541 
4.642  -0.000989794 
4.643  -0.000988051 
4.644  -0.000986312 
4.645  -0.000984576 
4.646  -0.000982844 
4.647  -0.000981115 
4.648  -0.00097939 
4.649  -0.000977669 
4.65  -0.000975952 
4.651  -0.000974238 
4.652  -0.000972527 
4.653  -0.00097082 
4.654  -0.000969117 
4.655  -0.000967417 
4.656  -0.000965721 
4.657  -0.000964028 
4.658  -0.000962339 
4.659  -0.000960653 
4.66  -0.000958971 
4.661  -0.000957293 
4.662  -0.000955618 
4.663  -0.000953946 
4.664  -0.000952278 
4.665  -0.000950613 
4.666  -0.000948952 
4.667  -0.000947294 
4.668  -0.00094564 
4.669  -0.000943989 
4.67  -0.000942342 
4.671  -0.000940698 
4.672  -0.000939057 
4.673  -0.00093742 
4.674  -0.000935786 
4.675  -0.000934156 
4.676  -0.000932529 
4.677  -0.000930905 
4.678  -0.000929285 
4.679  -0.000927668 
4.68  -0.000926054 
4.681  -0.000924444 
4.682  -0.000922837 
4.683  -0.000921233 
4.684  -0.000919633 
4.685  -0.000918036 
4.686  -0.000916442 
4.687  -0.000914852 
4.688  -0.000913265 
4.689  -0.000911681 
4.69  -0.0009101 
4.691  -0.000908523 
4.692  -0.000906949 
4.693  -0.000905378 
4.694  -0.00090381 
4.695  -0.000902246 
4.696  -0.000900685 
4.697  -0.000899127 
4.698  -0.000897572 
4.699  -0.000896021 
4.7  -0.000894472 
4.701  -0.000892927 
4.702  -0.000891385 
4.703  -0.000889847 
4.704  -0.000888311 
4.705  -0.000886778 
4.706  -0.000885249 
4.707  -0.000883723 
4.708  -0.0008822 
4.709  -0.00088068 
4.71  -0.000879163 
4.711  -0.000877649 
4.712  -0.000876139 
4.713  -0.000874631 
4.714  -0.000873127 
4.715  -0.000871625 
4.716  -0.000870127 
4.717  -0.000868632 
4.718  -0.000867139 
4.719  -0.00086565 
4.72  -0.000864164 
4.721  -0.000862681 
4.722  -0.000861201 
4.723  -0.000859724 
4.724  -0.00085825 
4.725  -0.000856779 
4.726  -0.000855311 
4.727  -0.000853846 
4.728  -0.000852384 
4.729  -0.000850925 
4.73  -0.000849469 
4.731  -0.000848016 
4.732  -0.000846566 
4.733  -0.000845118 
4.734  -0.000843674 
4.735  -0.000842233 
4.736  -0.000840794 
4.737  -0.000839359 
4.738  -0.000837926 
4.739  -0.000836497 
4.74  -0.00083507 
4.741  -0.000833646 
4.742  -0.000832225 
4.743  -0.000830807 
4.744  -0.000829392 
4.745  -0.000827979 
4.746  -0.00082657 
4.747  -0.000825163 
4.748  -0.000823759 
4.749  -0.000822358 
4.75  -0.00082096 
4.751  -0.000819565 
4.752  -0.000818172 
4.753  -0.000816783 
4.754  -0.000815396 
4.755  -0.000814012 
4.756  -0.00081263 
4.757  -0.000811252 
4.758  -0.000809876 
4.759  -0.000808503 
4.76  -0.000807133 
4.761  -0.000805766 
4.762  -0.000804401 
4.763  -0.000803039 
4.764  -0.00080168 
4.765  -0.000800324 
4.766  -0.00079897 
4.767  -0.000797619 
4.768  -0.000796271 
4.769  -0.000794925 
4.77  -0.000793582 
4.771  -0.000792242 
4.772  -0.000790905 
4.773  -0.00078957 
4.774  -0.000788238 
4.775  -0.000786908 
4.776  -0.000785581 
4.777  -0.000784257 
4.778  -0.000782936 
4.779  -0.000781617 
4.78  -0.000780301 
4.781  -0.000778987 
4.782  -0.000777676 
4.783  -0.000776368 
4.784  -0.000775062 
4.785  -0.000773759 
4.786  -0.000772459 
4.787  -0.000771161 
4.788  -0.000769866 
4.789  -0.000768573 
4.79  -0.000767283 
4.791  -0.000765996 
4.792  -0.000764711 
4.793  -0.000763428 
4.794  -0.000762148 
4.795  -0.000760871 
4.796  -0.000759596 
4.797  -0.000758324 
4.798  -0.000757054 
4.799  -0.000755787 
4.8  -0.000754523 
4.801  -0.000753261 
4.802  -0.000752001 
4.803  -0.000750744 
4.804  -0.000749489 
4.805  -0.000748237 
4.806  -0.000746987 
4.807  -0.00074574 
4.808  -0.000744496 
4.809  -0.000743253 
4.81  -0.000742014 
4.811  -0.000740776 
4.812  -0.000739542 
4.813  -0.000738309 
4.814  -0.000737079 
4.815  -0.000735852 
4.816  -0.000734627 
4.817  -0.000733404 
4.818  -0.000732184 
4.819  -0.000730966 
4.82  -0.000729751 
4.821  -0.000728538 
4.822  -0.000727327 
4.823  -0.000726119 
4.824  -0.000724913 
4.825  -0.000723709 
4.826  -0.000722508 
4.827  -0.00072131 
4.828  -0.000720113 
4.829  -0.000718919 
4.83  -0.000717728 
4.831  -0.000716538 
4.832  -0.000715351 
4.833  -0.000714167 
4.834  -0.000712984 
4.835  -0.000711804 
4.836  -0.000710627 
4.837  -0.000709451 
4.838  -0.000708278 
4.839  -0.000707108 
4.84  -0.000705939 
4.841  -0.000704773 
4.842  -0.000703609 
4.843  -0.000702448 
4.844  -0.000701288 
4.845  -0.000700131 
4.846  -0.000698977 
4.847  -0.000697824 
4.848  -0.000696674 
4.849  -0.000695526 
4.85  -0.00069438 
4.851  -0.000693237 
4.852  -0.000692096 
4.853  -0.000690957 
4.854  -0.00068982 
4.855  -0.000688685 
4.856  -0.000687553 
4.857  -0.000686423 
4.858  -0.000685295 
4.859  -0.000684169 
4.86  -0.000683046 
4.861  -0.000681924 
4.862  -0.000680805 
4.863  -0.000679688 
4.864  -0.000678573 
4.865  -0.000677461 
4.866  -0.00067635 
4.867  -0.000675242 
4.868  -0.000674136 
4.869  -0.000673032 
4.87  -0.00067193 
4.871  -0.00067083 
4.872  -0.000669733 
4.873  -0.000668637 
4.874  -0.000667544 
4.875  -0.000666453 
4.876  -0.000665364 
4.877  -0.000664277 
4.878  -0.000663192 
4.879  -0.000662109 
4.88  -0.000661029 
4.881  -0.00065995 
4.882  -0.000658874 
4.883  -0.000657799 
4.884  -0.000656727 
4.885  -0.000655657 
4.886  -0.000654589 
4.887  -0.000653523 
4.888  -0.000652459 
4.889  -0.000651397 
4.89  -0.000650337 
4.891  -0.000649279 
4.892  -0.000648223 
4.893  -0.00064717 
4.894  -0.000646118 
4.895  -0.000645068 
4.896  -0.000644021 
4.897  -0.000642975 
4.898  -0.000641931 
4.899  -0.00064089 
4.9  -0.00063985 
4.901  -0.000638812 
4.902  -0.000637777 
4.903  -0.000636743 
4.904  -0.000635712 
4.905  -0.000634682 
4.906  -0.000633654 
4.907  -0.000632629 
4.908  -0.000631605 
4.909  -0.000630583 
4.91  -0.000629563 
4.911  -0.000628546 
4.912  -0.00062753 
4.913  -0.000626516 
4.914  -0.000625504 
4.915  -0.000624494 
4.916  -0.000623486 
4.917  -0.000622479 
4.918  -0.000621475 
4.919  -0.000620473 
4.92  -0.000619473 
4.921  -0.000618474 
4.922  -0.000617477 
4.923  -0.000616483 
4.924  -0.00061549 
4.925  -0.000614499 
4.926  -0.00061351 
4.927  -0.000612523 
4.928  -0.000611538 
4.929  -0.000610555 
4.93  -0.000609573 
4.931  -0.000608594 
4.932  -0.000607616 
4.933  -0.00060664 
4.934  -0.000605666 
4.935  -0.000604694 
4.936  -0.000603724 
4.937  -0.000602755 
4.938  -0.000601789 
4.939  -0.000600824 
4.94  -0.000599861 
4.941  -0.0005989 
4.942  -0.000597941 
4.943  -0.000596983 
4.944  -0.000596028 
4.945  -0.000595074 
4.946  -0.000594122 
4.947  -0.000593172 
4.948  -0.000592224 
4.949  -0.000591277 
4.95  -0.000590332 
4.951  -0.000589389 
4.952  -0.000588448 
4.953  -0.000587509 
4.954  -0.000586571 
4.955  -0.000585635 
4.956  -0.000584701 
4.957  -0.000583769 
4.958  -0.000582839 
4.959  -0.00058191 
4.96  -0.000580983 
4.961  -0.000580057 
4.962  -0.000579134 
4.963  -0.000578212 
4.964  -0.000577292 
4.965  -0.000576374 
4.966  -0.000575457 
4.967  -0.000574543 
4.968  -0.000573629 
4.969  -0.000572718 
4.97  -0.000571808 
4.971  -0.0005709 
4.972  -0.000569994 
4.973  -0.00056909 
4.974  -0.000568187 
4.975  -0.000567286 
4.976  -0.000566386 
4.977  -0.000565489 
4.978  -0.000564593 
4.979  -0.000563698 
4.98  -0.000562806 
4.981  -0.000561915 
4.982  -0.000561025 
4.983  -0.000560138 
4.984  -0.000559252 
4.985  -0.000558367 
4.986  -0.000557485 
4.987  -0.000556604 
4.988  -0.000555724 
4.989  -0.000554847 
4.99  -0.000553971 
4.991  -0.000553096 
4.992  -0.000552223 
4.993  -0.000551352 
4.994  -0.000550483 
4.995  -0.000549615 
4.996  -0.000548749 
4.997  -0.000547884 
4.998  -0.000547021 
4.999  -0.000546159 
5  -0.0005453 
