0.001  4.74074e+33 
0.002  1.15741e+30 
0.003  8.92142e+27 
0.004  2.86871e+26 
0.005  4.6324e+25 
0.006  2.36717e+26 
0.007  3.29992e+27 
0.008  9.84808e+28 
0.009  1.14299e+31 
0.01  3.37157e+34 
0.011  5.51847e+49 
0.012  1.32778e+35 
0.013  2.26698e+31 
0.014  1.5545e+29 
0.015  4.64654e+27 
0.016  3.08439e+26 
0.017  3.38452e+25 
0.018  5.37534e+24 
0.019  1.62809e+24 
0.02  3.09439e+24 
0.021  1.75438e+25 
0.022  1.48555e+26 
0.023  2.0128e+27 
0.024  5.64801e+28 
0.025  5.80947e+30 
0.026  1.21658e+34 
0.027  4.44941e+45 
0.028  2.30804e+35 
0.029  2.51648e+31 
0.03  1.49982e+29 
0.031  4.18631e+27 
0.032  2.66821e+26 
0.033  2.84695e+25 
0.034  4.32362e+24 
0.035  8.55595e+23 
0.036  2.29e+23 
0.037  1.59596e+23 
0.038  4.90933e+23 
0.039  2.72448e+24 
0.04  2.11702e+25 
0.041  2.53168e+26 
0.042  5.81839e+27 
0.043  4.10343e+29 
0.044  3.18896e+32 
0.045  3.55016e+39 
0.046  1.99725e+36 
0.047  2.83784e+31 
0.048  2.53789e+31 
0.049  2.08152e+35 
0.05  2.38012e+46 
0.051  1.58104e+34 
0.052  6.99384e+30 
0.053  6.61589e+28 
0.054  2.32484e+27 
0.055  1.7011e+26 
0.056  1.99001e+25 
0.057  3.22615e+24 
0.058  6.64964e+23 
0.059  1.64776e+23 
0.06  4.7238e+22 
0.061  1.52419e+22 
0.062  5.42353e+21 
0.063  2.09548e+21 
0.064  8.6859e+20 
0.065  3.82638e+20 
0.066  1.77877e+20 
0.067  8.68816e+19 
0.068  4.46199e+19 
0.069  2.44015e+19 
0.07  1.47931e+19 
0.071  1.08341e+19 
0.072  1.05899e+19 
0.073  1.38978e+19 
0.074  2.22469e+19 
0.075  3.96859e+19 
0.076  7.54857e+19 
0.077  1.50868e+20 
0.078  3.16287e+20 
0.079  6.98088e+20 
0.08  1.63263e+21 
0.081  4.08093e+21 
0.082  1.10229e+22 
0.083  3.26282e+22 
0.084  1.07789e+23 
0.085  4.0719e+23 
0.086  1.81871e+24 
0.087  1.00737e+25 
0.088  7.43347e+25 
0.089  8.19769e+26 
0.09  1.65403e+28 
0.091  9.19307e+29 
0.092  4.03315e+32 
0.093  1.70703e+38 
0.094  3.42473e+38 
0.095  5.08913e+32 
0.096  6.36142e+31 
0.097  1.78977e+36 
0.098  5.00234e+41 
0.099  3.00041e+33 
0.1  2.70804e+30 
0.101  3.39714e+28 
0.102  1.49919e+28 
0.103  1.05179e+30 
0.104  1.12923e+33 
0.105  1.63521e+41 
0.106  3.47411e+38 
0.107  1.38029e+38 
0.108  3.50414e+32 
0.109  8.12836e+29 
0.11  1.48183e+28 
0.111  7.44318e+26 
0.112  6.84127e+25 
0.113  9.39222e+24 
0.114  1.71587e+24 
0.115  3.88178e+23 
0.116  1.03667e+23 
0.117  3.16105e+22 
0.118  1.07437e+22 
0.119  3.99978e+21 
0.12  1.61304e+21 
0.121  7.04609e+20 
0.122  3.43714e+20 
0.123  2.08817e+20 
0.124  1.90969e+20 
0.125  2.74144e+20 
0.126  5.16912e+20 
0.127  1.10866e+21 
0.128  2.57224e+21 
0.129  6.40438e+21 
0.13  1.72201e+22 
0.131  5.06286e+22 
0.132  1.6561e+23 
0.133  6.16945e+23 
0.134  2.7027e+24 
0.135  1.45734e+25 
0.136  1.03543e+26 
0.137  1.08027e+27 
0.138  1.99762e+28 
0.139  9.50531e+29 
0.14  2.92974e+32 
0.141  2.52842e+37 
0.142  1.80686e+40 
0.143  2.49785e+33 
0.144  3.43132e+30 
0.145  4.99502e+28 
0.146  2.20317e+27 
0.147  1.85496e+26 
0.148  2.38675e+25 
0.149  4.14449e+24 
0.15  8.99648e+23 
0.151  2.32095e+23 
0.152  6.87082e+22 
0.153  2.27561e+22 
0.154  8.27528e+21 
0.155  3.25911e+21 
0.156  1.37883e+21 
0.157  6.29049e+20 
0.158  3.22312e+20 
0.159  2.12432e+20 
0.16  2.2209e+20 
0.161  3.68018e+20 
0.162  7.86634e+20 
0.163  1.90568e+21 
0.164  5.05012e+21 
0.165  1.46557e+22 
0.166  4.72379e+22 
0.167  1.72846e+23 
0.168  7.40309e+23 
0.169  3.87665e+24 
0.17  2.64747e+25 
0.171  2.61059e+26 
0.172  4.4254e+27 
0.173  1.80974e+29 
0.174  4.00918e+31 
0.175  9.59228e+35 
0.176  9.35438e+41 
0.177  2.65214e+33 
0.178  2.20228e+30 
0.179  2.62884e+28 
0.18  1.04269e+27 
0.181  8.21711e+25 
0.182  1.01061e+25 
0.183  1.6983e+24 
0.184  3.59649e+23 
0.185  9.11064e+22 
0.186  2.67963e+22 
0.187  9.30693e+21 
0.188  4.63357e+21 
0.189  5.05697e+21 
0.19  1.1035e+22 
0.191  3.18829e+22 
0.192  1.06566e+23 
0.193  4.10618e+23 
0.194  1.88007e+24 
0.195  1.0746e+25 
0.196  8.26924e+25 
0.197  9.68376e+26 
0.198  2.1476e+28 
0.199  1.41805e+30 
0.2  9.42392e+32 
0.201  5.02766e+39 
0.202  2.23892e+37 
0.203  1.74143e+32 
0.204  1.71456e+30 
0.205  1.73783e+33 
0.206  4.0697e+42 
0.207  2.1742e+35 
0.208  1.30729e+31 
0.209  6.53518e+28 
0.21  1.677e+27 
0.211  1.01795e+26 
0.212  1.05306e+25 
0.213  1.56766e+24 
0.214  3.0612e+23 
0.215  7.89128e+22 
0.216  4.0895e+22 
0.217  7.62165e+22 
0.218  2.69436e+23 
0.219  1.21004e+24 
0.22  6.802e+24 
0.221  5.11862e+25 
0.222  5.80137e+26 
0.223  1.22115e+28 
0.224  7.32328e+29 
0.225  3.83946e+32 
0.226  4.04112e+38 
0.227  5.78785e+37 
0.228  2.01135e+32 
0.229  4.96892e+29 
0.23  9.25674e+27 
0.231  4.67688e+26 
0.232  4.29133e+25 
0.233  5.85913e+24 
0.234  1.06256e+24 
0.235  2.38422e+23 
0.236  6.31372e+22 
0.237  1.90897e+22 
0.238  6.43332e+21 
0.239  2.37329e+21 
0.24  9.45176e+20 
0.241  4.01958e+20 
0.242  1.80953e+20 
0.243  8.56233e+19 
0.244  4.234e+19 
0.245  2.17771e+19 
0.246  1.16078e+19 
0.247  6.39694e+18 
0.248  3.64414e+18 
0.249  2.15512e+18 
0.25  1.34147e+18 
0.251  9.07418e+17 
0.252  7.05856e+17 
0.253  6.71947e+17 
0.254  7.95473e+17 
0.255  1.11675e+18 
0.256  1.74396e+18 
0.257  2.90154e+18 
0.258  5.0375e+18 
0.259  9.05652e+18 
0.26  1.68376e+19 
0.261  3.24253e+19 
0.262  6.48916e+19 
0.263  1.35551e+20 
0.264  2.97173e+20 
0.265  6.88366e+20 
0.266  1.69873e+21 
0.267  4.51232e+21 
0.268  1.30711e+22 
0.269  4.19944e+22 
0.27  1.53017e+23 
0.271  6.51912e+23 
0.272  3.39035e+24 
0.273  2.29403e+25 
0.274  2.23254e+26 
0.275  3.70924e+27 
0.276  1.46531e+29 
0.277  3.01588e+31 
0.278  5.54358e+35 
0.279  4.3103e+42 
0.28  3.28826e+33 
0.281  2.39091e+30 
0.282  2.71357e+28 
0.283  1.0481e+27 
0.284  8.13628e+25 
0.285  1.03455e+25 
0.286  3.98034e+24 
0.287  1.54659e+25 
0.288  1.38535e+26 
0.289  2.09716e+27 
0.29  7.08039e+28 
0.291  1.05191e+31 
0.292  6.52992e+34 
0.293  4.32358e+48 
0.294  1.34086e+34 
0.295  4.77077e+30 
0.296  4.18001e+28 
0.297  1.4129e+27 
0.298  1.02821e+26 
0.299  2.18027e+25 
0.3  7.35189e+25 
0.301  7.37519e+26 
0.302  1.33368e+28 
0.303  6.10749e+29 
0.304  1.72943e+32 
0.305  1.05584e+37 
0.306  3.83789e+40 
0.307  2.42795e+33 
0.308  2.96818e+30 
0.309  4.12239e+28 
0.31  1.77267e+27 
0.311  1.46895e+26 
0.312  1.86959e+25 
0.313  3.22087e+24 
0.314  6.95071e+23 
0.315  1.78747e+23 
0.316  5.34234e+22 
0.317  1.96216e+22 
0.318  1.32546e+22 
0.319  2.66696e+22 
0.32  9.83522e+22 
0.321  4.70413e+23 
0.322  2.88065e+24 
0.323  2.44003e+25 
0.324  3.28957e+26 
0.325  9.15333e+27 
0.326  9.26245e+29 
0.327  1.85371e+33 
0.328  3.16329e+44 
0.329  4.38548e+34 
0.33  4.47448e+30 
0.331  2.61354e+28 
0.332  7.22719e+26 
0.333  4.70408e+25 
0.334  1.09107e+25 
0.335  3.7494e+25 
0.336  3.09331e+26 
0.337  4.15446e+27 
0.338  1.16555e+29 
0.339  1.23402e+31 
0.34  3.00177e+34 
0.341  3.50503e+47 
0.342  7.64425e+39 
0.343  9.22665e+32 
0.344  1.41109e+30 
0.345  2.3569e+28 
0.346  1.17092e+27 
0.347  1.08458e+26 
0.348  1.50563e+25 
0.349  2.77953e+24 
0.35  6.35275e+23 
0.351  1.73605e+23 
0.352  6.10237e+22 
0.353  4.48947e+22 
0.354  1.00483e+23 
0.355  3.78197e+23 
0.356  1.80294e+24 
0.357  1.09489e+25 
0.358  9.16321e+25 
0.359  1.21344e+27 
0.36  3.27901e+28 
0.361  3.13565e+30 
0.362  5.37337e+33 
0.363  9.40971e+43 
0.364  2.77636e+35 
0.365  2.22431e+31 
0.366  1.20862e+29 
0.367  3.22659e+27 
0.368  2.00337e+26 
0.369  2.10107e+25 
0.37  3.15368e+24 
0.371  6.23728e+23 
0.372  1.85858e+23 
0.373  2.09654e+23 
0.374  8.62957e+23 
0.375  5.48291e+24 
0.376  4.97507e+25 
0.377  7.44121e+26 
0.378  2.4596e+28 
0.379  3.5003e+30 
0.38  1.90016e+34 
0.381  1.44117e+50 
0.382  6.39485e+33 
0.383  2.03117e+30 
0.384  1.71123e+28 
0.385  5.66864e+26 
0.386  4.0018e+25 
0.387  4.56976e+24 
0.388  7.2798e+23 
0.389  1.48051e+23 
0.39  3.6295e+22 
0.391  1.03127e+22 
0.392  3.30223e+21 
0.393  1.16719e+21 
0.394  4.48252e+20 
0.395  1.84769e+20 
0.396  8.09532e+19 
0.397  3.7405e+19 
0.398  1.81105e+19 
0.399  9.13958e+18 
0.4  4.78618e+18 
0.401  2.59115e+18 
0.402  1.44564e+18 
0.403  8.28972e+17 
0.404  4.87517e+17 
0.405  2.93567e+17 
0.406  1.80848e+17 
0.407  1.14009e+17 
0.408  7.37212e+16 
0.409  4.91833e+16 
0.41  3.4251e+16 
0.411  2.53938e+16 
0.412  2.05955e+16 
0.413  1.87585e+16 
0.414  1.93893e+16 
0.415  2.24492e+16 
0.416  2.83187e+16 
0.417  3.78584e+16 
0.418  5.25758e+16 
0.419  7.49437e+16 
0.42  1.08953e+17 
0.421  1.61062e+17 
0.422  2.41831e+17 
0.423  3.68785e+17 
0.424  5.71491e+17 
0.425  9.0078e+17 
0.426  1.44582e+18 
0.427  2.36653e+18 
0.428  3.95659e+18 
0.429  6.7695e+18 
0.43  1.18783e+19 
0.431  2.14281e+19 
0.432  3.98561e+19 
0.433  7.66887e+19 
0.434  1.53247e+20 
0.435  3.19513e+20 
0.436  6.98917e+20 
0.437  1.61478e+21 
0.438  3.97304e+21 
0.439  1.05169e+22 
0.44  3.03409e+22 
0.441  9.70065e+22 
0.442  3.51404e+23 
0.443  1.48637e+24 
0.444  7.66022e+24 
0.445  5.12241e+25 
0.446  4.90623e+26 
0.447  7.96748e+27 
0.448  3.03755e+29 
0.449  5.86175e+31 
0.45  9.03136e+35 
0.451  5.49818e+48 
0.452  2.99713e+34 
0.453  9.24506e+30 
0.454  8.65562e+28 
0.455  3.08672e+27 
0.456  2.29579e+26 
0.457  2.913e+25 
0.458  1.72272e+25 
0.459  1.16012e+26 
0.46  1.69893e+27 
0.461  5.4911e+28 
0.462  7.4709e+30 
0.463  3.53251e+34 
0.464  9.33773e+53 
0.465  2.00926e+34 
0.466  5.63465e+30 
0.467  4.54978e+28 
0.468  1.47537e+27 
0.469  1.03317e+26 
0.47  1.42036e+25 
0.471  1.85571e+25 
0.472  1.54681e+26 
0.473  2.36643e+27 
0.474  8.1567e+28 
0.475  1.26417e+31 
0.476  8.97129e+34 
0.477  1.95102e+47 
0.478  1.14135e+34 
0.479  4.51763e+30 
0.48  4.10861e+28 
0.481  1.41932e+27 
0.482  1.34399e+26 
0.483  3.60743e+26 
0.484  6.86584e+27 
0.485  3.64523e+29 
0.486  1.4397e+32 
0.487  3.69316e+37 
0.488  3.80678e+38 
0.489  3.12643e+32 
0.49  5.80424e+29 
0.491  9.56896e+27 
0.492  4.51757e+26 
0.493  3.97141e+25 
0.494  5.30604e+24 
0.495  1.10374e+24 
0.496  9.66814e+23 
0.497  4.26273e+24 
0.498  3.09781e+25 
0.499  3.3958e+26 
0.5  6.78783e+27 
0.501  3.70866e+29 
0.502  1.56366e+32 
0.503  5.46008e+37 
0.504  2.01718e+38 
0.505  2.41635e+32 
0.506  4.81525e+29 
0.507  8.17956e+27 
0.508  3.92585e+26 
0.509  3.48637e+25 
0.51  4.65353e+24 
0.511  8.30021e+23 
0.512  1.83894e+23 
0.513  4.82116e+22 
0.514  1.44591e+22 
0.515  4.84028e+21 
0.516  1.77561e+21 
0.517  7.03793e+20 
0.518  2.98095e+20 
0.519  1.33743e+20 
0.52  6.31222e+19 
0.521  3.11807e+19 
0.522  1.60821e+19 
0.523  8.69019e+18 
0.524  5.00917e+18 
0.525  3.24433e+18 
0.526  2.61662e+18 
0.527  2.89773e+18 
0.528  4.30106e+18 
0.529  7.66288e+18 
0.53  1.50992e+19 
0.531  3.18098e+19 
0.532  7.10708e+19 
0.533  1.68845e+20 
0.534  4.29781e+20 
0.535  1.185e+21 
0.536  3.59075e+21 
0.537  1.21875e+22 
0.538  4.75382e+22 
0.539  2.20802e+23 
0.54  1.28554e+24 
0.541  1.01431e+25 
0.542  1.23162e+26 
0.543  2.89268e+27 
0.544  2.12147e+29 
0.545  1.81724e+32 
0.546  3.9794e+39 
0.547  5.73588e+35 
0.548  1.06732e+31 
0.549  3.89195e+28 
0.55  8.67195e+26 
0.551  8.97049e+25 
0.552  5.83506e+26 
0.553  1.71781e+28 
0.554  1.99266e+30 
0.555  5.90274e+33 
0.556  1.13528e+49 
0.557  2.3256e+34 
0.558  2.02787e+39 
0.559  8.30917e+36 
0.56  7.50226e+31 
0.561  2.29452e+29 
0.562  4.70057e+27 
0.563  2.50991e+26 
0.564  2.39193e+25 
0.565  3.36209e+24 
0.566  6.24569e+23 
0.567  1.43112e+23 
0.568  3.86184e+22 
0.569  1.18796e+22 
0.57  4.06798e+21 
0.571  1.52327e+21 
0.572  6.15203e+20 
0.573  2.65097e+20 
0.574  1.2083e+20 
0.575  5.78461e+19 
0.576  2.89191e+19 
0.577  1.50249e+19 
0.578  8.07959e+18 
0.579  4.48151e+18 
0.58  2.55646e+18 
0.581  1.49601e+18 
0.582  8.9615e+17 
0.583  5.48513e+17 
0.584  3.42552e+17 
0.585  2.1806e+17 
0.586  1.41452e+17 
0.587  9.35851e+16 
0.588  6.33345e+16 
0.589  4.41319e+16 
0.59  3.20597e+16 
0.591  2.47862e+16 
0.592  2.09694e+16 
0.593  1.99286e+16 
0.594  2.14855e+16 
0.595  2.59231e+16 
0.596  3.40532e+16 
0.597  4.7411e+16 
0.598  6.86378e+16 
0.599  1.02173e+17 
0.6  1.55487e+17 
0.601  2.41306e+17 
0.602  3.81669e+17 
0.603  6.15516e+17 
0.604  1.01318e+18 
0.605  1.70484e+18 
0.606  2.93785e+18 
0.607  5.19612e+18 
0.608  9.45679e+18 
0.609  1.7763e+19 
0.61  3.4555e+19 
0.611  6.99051e+19 
0.612  1.47785e+20 
0.613  3.28408e+20 
0.614  7.72587e+20 
0.615  1.94103e+21 
0.616  5.26521e+21 
0.617  1.56367e+22 
0.618  5.17697e+22 
0.619  1.95745e+23 
0.62  8.73778e+23 
0.621  4.8284e+24 
0.622  3.54664e+25 
0.623  3.88141e+26 
0.624  7.73256e+27 
0.625  4.19944e+29 
0.626  1.74613e+32 
0.627  5.70512e+37 
0.628  2.61597e+38 
0.629  2.89914e+32 
0.63  5.6924e+29 
0.631  9.60907e+27 
0.632  4.59673e+26 
0.633  4.10645e+25 
0.634  7.34588e+24 
0.635  1.55486e+25 
0.636  1.68382e+26 
0.637  3.6453e+27 
0.638  2.30801e+29 
0.639  1.37796e+32 
0.64  2.98093e+38 
0.641  6.68288e+36 
0.642  3.93388e+31 
0.643  2.65393e+31 
0.644  6.05033e+35 
0.645  8.18214e+41 
0.646  1.89705e+33 
0.647  1.5419e+30 
0.648  1.82558e+28 
0.649  7.21056e+26 
0.65  5.68245e+25 
0.651  7.53849e+24 
0.652  3.9418e+24 
0.653  1.71267e+25 
0.654  1.41752e+26 
0.655  1.88514e+27 
0.656  5.13394e+28 
0.657  4.98416e+30 
0.658  8.9001e+33 
0.659  2.73011e+44 
0.66  3.72275e+35 
0.661  3.19577e+31 
0.662  1.68956e+31 
0.663  2.8882e+35 
0.664  3.84739e+42 
0.665  2.06026e+33 
0.666  1.44917e+30 
0.667  1.62444e+28 
0.668  6.23509e+26 
0.669  4.82113e+25 
0.67  5.9405e+24 
0.671  1.29176e+24 
0.672  1.5813e+24 
0.673  7.45702e+24 
0.674  5.25462e+25 
0.675  5.46883e+26 
0.676  1.00791e+28 
0.677  4.76785e+29 
0.678  1.45049e+32 
0.679  1.18587e+37 
0.68  1.08072e+40 
0.681  1.3339e+33 
0.682  1.80067e+30 
0.683  2.60278e+28 
0.684  1.14362e+27 
0.685  9.60562e+25 
0.686  1.2339e+25 
0.687  2.14011e+24 
0.688  4.64234e+23 
0.689  1.19893e+23 
0.69  3.59412e+22 
0.691  1.29883e+22 
0.692  7.43785e+21 
0.693  1.02635e+22 
0.694  2.60935e+22 
0.695  8.39187e+22 
0.696  3.14221e+23 
0.697  1.39084e+24 
0.698  7.60609e+24 
0.699  5.50926e+25 
0.7  5.90934e+26 
0.701  1.14089e+28 
0.702  5.85879e+29 
0.703  2.1433e+32 
0.704  3.87553e+37 
0.705  1.38634e+39 
0.706  7.00722e+32 
0.707  1.19249e+30 
0.708  2.66207e+28 
0.709  4.78366e+29 
0.71  2.7349e+32 
0.711  4.67406e+38 
0.712  1.88601e+37 
0.713  9.4335e+31 
0.714  2.52185e+29 
0.715  4.86296e+27 
0.716  2.50504e+26 
0.717  2.32743e+25 
0.718  3.20613e+24 
0.719  5.85468e+23 
0.72  1.32144e+23 
0.721  3.51836e+22 
0.722  1.06953e+22 
0.723  3.62483e+21 
0.724  1.34563e+21 
0.725  5.39998e+20 
0.726  2.32275e+20 
0.727  1.07128e+20 
0.728  5.43492e+19 
0.729  3.33277e+19 
0.73  2.9751e+19 
0.731  4.2133e+19 
0.732  8.11486e+19 
0.733  1.81702e+20 
0.734  4.45603e+20 
0.735  1.1852e+21 
0.736  3.44595e+21 
0.737  1.11259e+22 
0.738  4.07916e+22 
0.739  1.75147e+23 
0.74  9.20118e+23 
0.741  6.31105e+24 
0.742  6.26158e+25 
0.743  1.07152e+27 
0.744  4.45394e+28 
0.745  1.02175e+31 
0.746  2.77769e+35 
0.747  1.09698e+41 
0.748  5.36462e+32 
0.749  4.73035e+29 
0.75  5.77835e+27 
0.751  2.32004e+26 
0.752  1.84223e+25 
0.753  2.27763e+24 
0.754  3.84763e+23 
0.755  8.31817e+22 
0.756  2.51351e+22 
0.757  1.94885e+22 
0.758  4.74139e+22 
0.759  1.76828e+23 
0.76  8.11555e+23 
0.761  4.67173e+24 
0.762  3.63032e+25 
0.763  4.31102e+26 
0.764  9.77123e+27 
0.765  6.70888e+29 
0.766  4.87762e+32 
0.767  3.49968e+39 
0.768  4.98412e+36 
0.769  5.75245e+31 
0.77  1.86457e+29 
0.771  3.91687e+27 
0.772  2.11765e+26 
0.773  2.02945e+25 
0.774  2.85663e+24 
0.775  5.31106e+23 
0.776  1.24982e+23 
0.777  4.48634e+22 
0.778  5.20908e+22 
0.779  1.67984e+23 
0.78  7.66344e+23 
0.781  4.4583e+24 
0.782  3.52065e+25 
0.783  4.28068e+26 
0.784  1.00756e+28 
0.785  7.41912e+29 
0.786  6.41958e+32 
0.787  1.51169e+40 
0.788  1.89098e+36 
0.789  3.61581e+31 
0.79  1.32759e+29 
0.791  2.95082e+27 
0.792  1.64757e+26 
0.793  1.61215e+25 
0.794  2.30212e+24 
0.795  4.31594e+23 
0.796  9.94891e+22 
0.797  2.72377e+22 
0.798  9.23855e+21 
0.799  5.43453e+21 
0.8  8.5743e+21 
0.801  2.4365e+22 
0.802  8.64108e+22 
0.803  3.62119e+23 
0.804  1.84757e+24 
0.805  1.21875e+25 
0.806  1.14423e+26 
0.807  1.79991e+27 
0.808  6.477e+28 
0.809  1.09668e+31 
0.81  1.03635e+35 
0.811  1.27161e+45 
0.812  4.94417e+33 
0.813  2.41001e+30 
0.814  2.36042e+28 
0.815  8.44401e+26 
0.816  6.2457e+25 
0.817  7.35898e+24 
0.818  1.19896e+24 
0.819  2.47995e+23 
0.82  6.16055e+22 
0.821  1.76932e+22 
0.822  5.71956e+21 
0.823  2.04454e+21 
0.824  8.04858e+20 
0.825  3.60983e+20 
0.826  2.11675e+20 
0.827  2.03966e+20 
0.828  3.21139e+20 
0.829  6.53865e+20 
0.83  1.49736e+21 
0.831  3.71548e+21 
0.832  9.98372e+21 
0.833  2.93817e+22 
0.834  9.64016e+22 
0.835  3.61415e+23 
0.836  1.60255e+24 
0.837  8.83697e+24 
0.838  6.54748e+25 
0.839  7.41183e+26 
0.84  1.62474e+28 
0.841  1.14812e+30 
0.842  1.08716e+33 
0.843  8.35819e+40 
0.844  2.07429e+68 
0.845  4.35896e+34 
0.846  1.08682e+31 
0.847  8.60691e+28 
0.848  2.80878e+27 
0.849  1.98621e+26 
0.85  2.3013e+25 
0.851  4.43329e+24 
0.852  5.11966e+24 
0.853  3.4081e+25 
0.854  4.02117e+26 
0.855  9.09747e+27 
0.856  6.22658e+29 
0.857  4.49191e+32 
0.858  3.06557e+39 
0.859  4.86526e+36 
0.86  5.47988e+31 
0.861  1.76584e+29 
0.862  3.69972e+27 
0.863  1.99725e+26 
0.864  1.9122e+25 
0.865  2.68927e+24 
0.866  4.98452e+23 
0.867  1.13733e+23 
0.868  3.052e+22 
0.869  9.32788e+21 
0.87  3.17186e+21 
0.871  1.17905e+21 
0.872  4.72665e+20 
0.873  2.02183e+20 
0.874  9.14993e+19 
0.875  4.35126e+19 
0.876  2.16286e+19 
0.877  1.11966e+19 
0.878  6.03125e+18 
0.879  3.39718e+18 
0.88  2.03717e+18 
0.881  1.35915e+18 
0.882  1.0892e+18 
0.883  1.1235e+18 
0.884  1.47534e+18 
0.885  2.28178e+18 
0.886  3.87482e+18 
0.887  6.96454e+18 
0.888  1.30668e+19 
0.889  2.55147e+19 
0.89  5.19479e+19 
0.891  1.10761e+20 
0.892  2.48812e+20 
0.893  5.9343e+20 
0.894  1.51746e+21 
0.895  4.21226e+21 
0.896  1.29005e+22 
0.897  4.45459e+22 
0.898  1.78694e+23 
0.899  8.69301e+23 
0.9  5.47144e+24 
0.901  4.94237e+25 
0.902  7.66885e+26 
0.903  2.8953e+28 
0.904  6.00157e+30 
0.905  1.27736e+35 
0.906  2.84996e+41 
0.907  1.30404e+46 
0.908  4.75031e+33 
0.909  2.04409e+30 
0.91  1.92659e+28 
0.911  6.80897e+26 
0.912  5.03305e+25 
0.913  5.95885e+24 
0.914  9.78107e+23 
0.915  2.04157e+23 
0.916  5.14249e+22 
0.917  1.55069e+22 
0.918  6.57098e+21 
0.919  6.46054e+21 
0.92  1.47061e+22 
0.921  4.67964e+22 
0.922  1.76877e+23 
0.923  7.97953e+23 
0.924  4.50677e+24 
0.925  3.44823e+25 
0.926  4.07095e+26 
0.927  9.38177e+27 
0.928  6.90633e+29 
0.929  6.29442e+32 
0.93  2.34616e+40 
0.931  5.6897e+39 
0.932  2.31234e+36 
0.933  3.5077e+31 
0.934  1.23461e+29 
0.935  2.76424e+27 
0.936  2.90674e+26 
0.937  3.88912e+27 
0.938  4.26119e+29 
0.939  1.07816e+33 
0.94  1.91135e+46 
0.941  8.41709e+33 
0.942  1.18837e+30 
0.943  7.67864e+27 
0.944  2.68766e+26 
0.945  5.10391e+26 
0.946  9.62598e+27 
0.947  4.99622e+29 
0.948  1.87516e+32 
0.949  3.80785e+37 
0.95  8.92094e+38 
0.951  7.80069e+35 
0.952  3.88885e+39 
0.953  2.09963e+32 
0.954  2.51625e+29 
0.955  3.51475e+27 
0.956  1.55842e+26 
0.957  1.36324e+25 
0.958  1.86372e+24 
0.959  3.48409e+23 
0.96  8.20346e+22 
0.961  2.33515e+22 
0.962  8.62592e+21 
0.963  6.51451e+21 
0.964  1.40427e+22 
0.965  5.02299e+22 
0.966  2.26125e+23 
0.967  1.27766e+24 
0.968  9.69925e+24 
0.969  1.11471e+26 
0.97  2.40039e+27 
0.971  1.50085e+29 
0.972  8.69272e+31 
0.973  1.58191e+38 
0.974  5.44885e+36 
0.975  2.84909e+31 
0.976  3.85503e+30 
0.977  3.32784e+34 
0.978  1.21467e+45 
0.979  2.00961e+33 
0.98  9.32901e+29 
0.981  8.97841e+27 
0.982  3.18335e+26 
0.983  2.34246e+25 
0.984  2.75181e+24 
0.985  4.47719e+23 
0.986  9.2602e+22 
0.987  2.30288e+22 
0.988  6.62729e+21 
0.989  2.14729e+21 
0.99  7.67518e+20 
0.991  2.97981e+20 
0.992  1.24153e+20 
0.993  5.49935e+19 
0.994  2.57161e+19 
0.995  1.26429e+19 
0.996  6.54183e+18 
0.997  3.60727e+18 
0.998  2.19911e+18 
0.999  1.59486e+18 
1  1.49288e+18 
1.001  1.81724e+18 
1.002  2.66184e+18 
1.003  4.32572e+18 
1.004  7.45596e+18 
1.005  1.33877e+19 
1.006  2.4916e+19 
1.007  4.80869e+19 
1.008  9.65279e+19 
1.009  2.02441e+20 
1.01  4.46104e+20 
1.011  1.04023e+21 
1.012  2.58917e+21 
1.013  6.95468e+21 
1.014  2.04418e+22 
1.015  6.69489e+22 
1.016  2.50275e+23 
1.017  1.10388e+24 
1.018  6.02251e+24 
1.019  4.36216e+25 
1.02  4.69619e+26 
1.021  9.15474e+27 
1.022  4.80007e+29 
1.023  1.84601e+32 
1.024  4.19356e+37 
1.025  6.59136e+38 
1.026  6.40544e+36 
1.027  8.32018e+38 
1.028  2.46101e+32 
1.029  3.82625e+29 
1.03  5.90105e+27 
1.031  2.72263e+26 
1.032  2.3988e+25 
1.033  3.23985e+24 
1.034  5.91967e+23 
1.035  1.35333e+23 
1.036  3.67531e+22 
1.037  1.14362e+22 
1.038  3.9726e+21 
1.039  1.51125e+21 
1.04  6.20682e+20 
1.041  2.72504e+20 
1.042  1.27428e+20 
1.043  6.41902e+19 
1.044  3.67139e+19 
1.045  2.72518e+19 
1.046  3.05045e+19 
1.047  4.94902e+19 
1.048  9.88023e+19 
1.049  2.19608e+20 
1.05  5.26759e+20 
1.051  1.36072e+21 
1.052  3.81895e+21 
1.053  1.1816e+22 
1.054  4.11196e+22 
1.055  1.65391e+23 
1.056  7.98726e+23 
1.057  4.89531e+24 
1.058  4.14634e+25 
1.059  5.58893e+26 
1.06  1.55465e+28 
1.061  1.57223e+30 
1.062  3.14125e+33 
1.063  5.217e+44 
1.064  7.49303e+34 
1.065  7.62603e+30 
1.066  4.45097e+28 
1.067  1.22984e+27 
1.068  7.79195e+25 
1.069  8.28097e+24 
1.07  1.25337e+24 
1.071  2.45324e+23 
1.072  5.83914e+22 
1.073  1.62289e+22 
1.074  5.1571e+21 
1.075  1.93401e+21 
1.076  1.08329e+21 
1.077  1.39366e+21 
1.078  3.46136e+21 
1.079  1.12343e+22 
1.08  4.30292e+22 
1.081  1.97059e+23 
1.082  1.13127e+24 
1.083  8.78359e+24 
1.084  1.04425e+26 
1.085  2.37467e+27 
1.086  1.64147e+29 
1.087  1.21368e+32 
1.088  9.71381e+38 
1.089  1.09409e+36 
1.09  1.33414e+31 
1.091  5.74174e+30 
1.092  4.24763e+34 
1.093  3.22066e+46 
1.094  4.5472e+33 
1.095  1.86886e+30 
1.096  1.72234e+28 
1.097  5.97906e+26 
1.098  4.74875e+25 
1.099  3.83793e+25 
1.1  4.17664e+26 
1.101  1.02641e+28 
1.102  8.223e+29 
1.103  8.81945e+32 
1.104  1.11256e+41 
1.105  6.42627e+35 
1.106  2.08835e+31 
1.107  8.80412e+28 
1.108  2.0854e+27 
1.109  1.20774e+26 
1.11  1.21018e+25 
1.111  1.75723e+24 
1.112  3.33651e+23 
1.113  7.7931e+22 
1.114  2.22316e+22 
1.115  9.63818e+21 
1.116  1.16043e+22 
1.117  3.23247e+22 
1.118  1.21741e+23 
1.119  5.55908e+23 
1.12  3.17514e+24 
1.121  2.44116e+25 
1.122  2.85443e+26 
1.123  6.31282e+27 
1.124  4.14293e+29 
1.125  2.69686e+32 
1.126  9.70661e+38 
1.127  6.46068e+36 
1.128  5.18208e+31 
1.129  1.5418e+29 
1.13  3.48778e+27 
1.131  7.18971e+27 
1.132  3.4743e+29 
1.133  1.16734e+32 
1.134  1.45214e+37 
1.135  2.20136e+39 
1.136  6.09293e+32 
1.137  6.48669e+30 
1.138  4.23508e+34 
1.139  2.01412e+46 
1.14  4.18296e+33 
1.141  1.74982e+30 
1.142  2.8496e+28 
1.143  1.08581e+30 
1.144  1.50671e+33 
1.145  2.18174e+42 
1.146  2.40965e+35 
1.147  1.33448e+31 
1.148  6.51654e+28 
1.149  1.65357e+27 
1.15  9.98381e+25 
1.151  1.11035e+25 
1.152  6.88714e+24 
1.153  4.76009e+25 
1.154  6.76233e+26 
1.155  2.07184e+28 
1.156  2.53298e+30 
1.157  8.69551e+33 
1.158  2.25299e+52 
1.159  1.79101e+34 
1.16  3.63498e+30 
1.161  2.68111e+28 
1.162  9.41615e+27 
1.163  4.45582e+29 
1.164  1.7341e+32 
1.165  4.37218e+37 
1.166  4.80342e+38 
1.167  1.52061e+40 
1.168  1.00472e+33 
1.169  1.24663e+30 
1.17  1.77443e+28 
1.171  7.88648e+26 
1.172  6.77985e+25 
1.173  8.9539e+24 
1.174  1.59795e+24 
1.175  3.56279e+23 
1.176  9.42727e+22 
1.177  2.85751e+22 
1.178  9.67546e+21 
1.179  3.5963e+21 
1.18  1.45613e+21 
1.181  6.54698e+20 
1.182  3.64715e+20 
1.183  3.28983e+20 
1.184  5.41207e+20 
1.185  1.26785e+21 
1.186  3.49614e+21 
1.187  1.08239e+22 
1.188  3.78612e+22 
1.189  1.5339e+23 
1.19  7.47774e+23 
1.191  4.64073e+24 
1.192  3.99976e+25 
1.193  5.53276e+26 
1.194  1.60592e+28 
1.195  1.76446e+30 
1.196  4.44799e+33 
1.197  7.20787e+46 
1.198  3.53151e+34 
1.199  4.96218e+30 
1.2  3.19886e+28 
1.201  9.27616e+26 
1.202  6.04735e+25 
1.203  6.54924e+24 
1.204  1.00462e+24 
1.205  1.98606e+23 
1.206  4.76302e+22 
1.207  1.33005e+22 
1.208  4.20402e+21 
1.209  1.47943e+21 
1.21  5.84426e+20 
1.211  2.83904e+20 
1.212  2.20838e+20 
1.213  3.24459e+20 
1.214  7.02673e+20 
1.215  1.79867e+21 
1.216  5.1217e+21 
1.217  1.62213e+22 
1.218  5.81943e+22 
1.219  2.43361e+23 
1.22  1.23624e+24 
1.221  8.10768e+24 
1.222  7.55113e+25 
1.223  1.17356e+27 
1.224  4.13766e+28 
1.225  6.71688e+30 
1.226  5.53203e+34 
1.227  6.28448e+45 
1.228  4.1966e+33 
1.229  1.8569e+30 
1.23  1.76031e+28 
1.231  9.3056e+26 
1.232  4.4234e+27 
1.233  1.29298e+29 
1.234  1.46955e+31 
1.235  4.08129e+34 
1.236  9.11022e+48 
1.237  2.09542e+35 
1.238  3.34637e+31 
1.239  8.30006e+31 
1.24  2.83163e+37 
1.241  1.11812e+38 
1.242  1.30779e+32 
1.243  2.59436e+29 
1.244  4.39981e+27 
1.245  2.11238e+26 
1.246  1.88539e+25 
1.247  2.71585e+24 
1.248  1.5065e+24 
1.249  7.93136e+24 
1.25  8.75486e+25 
1.251  1.80346e+27 
1.252  1.04084e+29 
1.253  4.98539e+31 
1.254  3.27169e+37 
1.255  1.75636e+37 
1.256  4.05291e+31 
1.257  1.96866e+30 
1.258  2.83345e+34 
1.259  1.31513e+42 
1.26  3.03655e+32 
1.261  1.98226e+29 
1.262  2.16088e+27 
1.263  8.17467e+25 
1.264  6.26302e+24 
1.265  7.57097e+23 
1.266  1.26216e+23 
1.267  2.72462e+22 
1.268  8.56817e+21 
1.269  7.30105e+21 
1.27  1.77155e+22 
1.271  6.22084e+22 
1.272  2.6341e+23 
1.273  1.36683e+24 
1.274  9.23685e+24 
1.275  8.98298e+25 
1.276  1.49191e+27 
1.277  5.89201e+28 
1.278  1.21214e+31 
1.279  2.22457e+35 
1.28  1.75298e+42 
1.281  1.32569e+33 
1.282  1.46926e+30 
1.283  4.22204e+32 
1.284  7.6519e+39 
1.285  1.60158e+36 
1.286  2.77059e+31 
1.287  9.91895e+28 
1.288  2.17958e+27 
1.289  1.20924e+26 
1.29  1.17889e+25 
1.291  1.68026e+24 
1.292  3.14833e+23 
1.293  7.2526e+22 
1.294  1.96374e+22 
1.295  6.05462e+21 
1.296  2.07706e+21 
1.297  7.792e+20 
1.298  3.15588e+20 
1.299  1.369e+20 
1.3  6.36978e+19 
1.301  3.2686e+19 
1.302  2.03556e+19 
1.303  1.83499e+19 
1.304  2.56919e+19 
1.305  4.81918e+19 
1.306  1.04655e+20 
1.307  2.48701e+20 
1.308  6.40618e+20 
1.309  1.80234e+21 
1.31  5.62405e+21 
1.311  1.98895e+22 
1.312  8.21104e+22 
1.313  4.12451e+23 
1.314  2.67868e+24 
1.315  2.47216e+25 
1.316  3.80319e+26 
1.317  1.32105e+28 
1.318  2.08206e+30 
1.319  1.55943e+34 
1.32  1.07325e+46 
1.321  1.64215e+33 
1.322  2.14146e+31 
1.323  1.02766e+36 
1.324  1.09171e+40 
1.325  4.00236e+32 
1.326  4.53312e+29 
1.327  6.10736e+27 
1.328  2.5841e+26 
1.329  2.12137e+25 
1.33  2.70732e+24 
1.331  5.45085e+23 
1.332  4.32357e+23 
1.333  1.5955e+24 
1.334  9.3509e+24 
1.335  7.6195e+25 
1.336  9.73358e+26 
1.337  2.48531e+28 
1.338  2.13473e+30 
1.339  2.74595e+33 
1.34  1.82196e+42 
1.341  6.76529e+35 
1.342  1.21136e+32 
1.343  9.3061e+36 
1.344  2.86476e+39 
1.345  5.80953e+32 
1.346  8.47802e+29 
1.347  1.26538e+28 
1.348  5.77468e+26 
1.349  1.69823e+26 
1.35  2.33359e+27 
1.351  1.17572e+29 
1.352  4.14411e+31 
1.353  6.35174e+36 
1.354  4.23367e+38 
1.355  1.65925e+32 
1.356  2.70103e+29 
1.357  4.21532e+27 
1.358  1.93108e+26 
1.359  1.66558e+25 
1.36  2.19376e+24 
1.361  4.40803e+23 
1.362  3.3169e+23 
1.363  1.314e+24 
1.364  8.78035e+24 
1.365  8.58105e+25 
1.366  1.43643e+27 
1.367  5.74834e+28 
1.368  1.21603e+31 
1.369  2.46397e+35 
1.37  8.57208e+41 
1.371  1.09819e+33 
1.372  8.39897e+29 
1.373  9.71681e+27 
1.374  3.81363e+26 
1.375  4.67386e+25 
1.376  1.96624e+26 
1.377  4.01164e+27 
1.378  2.35023e+29 
1.379  1.16642e+32 
1.38  9.19249e+37 
1.381  2.9245e+37 
1.382  7.96478e+31 
1.383  1.86942e+29 
1.384  3.40608e+27 
1.385  1.69966e+26 
1.386  1.54724e+25 
1.387  2.10094e+24 
1.388  3.79477e+23 
1.389  8.4889e+22 
1.39  2.24263e+22 
1.391  6.76802e+21 
1.392  2.27763e+21 
1.393  8.39519e+20 
1.394  3.3448e+20 
1.395  1.42882e+20 
1.396  6.55571e+19 
1.397  3.3276e+19 
1.398  2.06533e+19 
1.399  1.87175e+19 
1.4  2.62386e+19 
1.401  4.86641e+19 
1.402  1.03438e+20 
1.403  2.38565e+20 
1.404  5.90933e+20 
1.405  1.58064e+21 
1.406  4.62101e+21 
1.407  1.50192e+22 
1.408  5.55314e+22 
1.409  2.4105e+23 
1.41  1.28471e+24 
1.411  8.98661e+24 
1.412  9.17039e+25 
1.413  1.63878e+27 
1.414  7.34455e+28 
1.415  1.98355e+31 
1.416  1.00343e+36 
1.417  9.55393e+39 
1.418  3.70745e+32 
1.419  4.24751e+29 
1.42  1.07796e+29 
1.421  6.51825e+31 
1.422  2.09033e+38 
1.423  1.82105e+36 
1.424  1.36566e+31 
1.425  3.9997e+28 
1.426  8.03012e+26 
1.427  4.23199e+25 
1.428  3.99085e+24 
1.429  5.55712e+23 
1.43  1.02352e+23 
1.431  2.32734e+22 
1.432  6.23923e+21 
1.433  1.90927e+21 
1.434  6.51362e+20 
1.435  2.43375e+20 
1.436  9.82346e+19 
1.437  4.2373e+19 
1.438  1.93643e+19 
1.439  9.31185e+18 
1.44  4.6882e+18 
1.441  2.46489e+18 
1.442  1.35622e+18 
1.443  7.9063e+17 
1.444  5.05005e+17 
1.445  3.77264e+17 
1.446  3.55587e+17 
1.447  4.30287e+17 
1.448  6.28346e+17 
1.449  1.02673e+18 
1.45  1.79311e+18 
1.451  3.28231e+18 
1.452  6.262e+18 
1.453  1.24582e+19 
1.454  2.59379e+19 
1.455  5.68144e+19 
1.456  1.31819e+20 
1.457  3.26725e+20 
1.458  8.74328e+20 
1.459  2.56037e+21 
1.46  8.34926e+21 
1.461  3.10311e+22 
1.462  1.35702e+23 
1.463  7.30685e+23 
1.464  5.18435e+24 
1.465  5.39995e+25 
1.466  9.96145e+26 
1.467  4.72015e+28 
1.468  1.44137e+31 
1.469  1.19682e+36 
1.47  1.01692e+39 
1.471  1.29698e+32 
1.472  1.76009e+29 
1.473  3.06446e+27 
1.474  1.16594e+28 
1.475  7.75004e+29 
1.476  5.32836e+32 
1.477  2.68224e+39 
1.478  8.32015e+36 
1.479  8.0269e+31 
1.48  2.49301e+29 
1.481  5.1377e+27 
1.482  2.74766e+26 
1.483  2.61483e+25 
1.484  3.66207e+24 
1.485  6.76872e+23 
1.486  1.54651e+23 
1.487  4.31606e+22 
1.488  1.91362e+22 
1.489  3.02406e+22 
1.49  1.24855e+23 
1.491  7.39536e+23 
1.492  6.07034e+24 
1.493  7.82093e+25 
1.494  2.02124e+27 
1.495  1.77476e+29 
1.496  2.41861e+32 
1.497  2.88087e+41 
1.498  4.29235e+34 
1.499  2.29491e+30 
1.5  1.1097e+28 
1.501  2.89748e+26 
1.502  9.81274e+25 
1.503  1.10828e+27 
1.504  3.12852e+28 
1.505  3.26532e+30 
1.506  7.12263e+33 
1.507  5.41781e+45 
1.508  1.11095e+35 
1.509  1.28382e+31 
1.51  7.78902e+28 
1.511  2.19304e+27 
1.512  1.41085e+26 
1.513  1.86839e+25 
1.514  3.25874e+25 
1.515  3.97725e+26 
1.516  1.0563e+28 
1.517  9.7917e+29 
1.518  1.54244e+33 
1.519  9.30853e+42 
1.52  1.23947e+35 
1.521  8.61951e+30 
1.522  4.49341e+28 
1.523  1.17609e+27 
1.524  7.2206e+25 
1.525  7.61563e+24 
1.526  1.61376e+24 
1.527  3.19181e+24 
1.528  2.46788e+25 
1.529  3.20913e+26 
1.53  8.44583e+27 
1.531  7.67822e+29 
1.532  1.14789e+33 
1.533  3.75106e+42 
1.534  1.22183e+35 
1.535  7.75033e+30 
1.536  3.93429e+28 
1.537  1.0168e+27 
1.538  6.1945e+25 
1.539  6.41576e+24 
1.54  9.53508e+23 
1.541  1.84109e+23 
1.542  4.33535e+22 
1.543  1.19286e+22 
1.544  3.72066e+21 
1.545  1.28666e+21 
1.546  4.85102e+20 
1.547  1.96826e+20 
1.548  8.5066e+19 
1.549  3.88395e+19 
1.55  1.86086e+19 
1.551  9.30399e+18 
1.552  4.83198e+18 
1.553  2.59652e+18 
1.554  1.43894e+18 
1.555  8.20147e+17 
1.556  4.79712e+17 
1.557  2.87501e+17 
1.558  1.76447e+17 
1.559  1.11013e+17 
1.56  7.19024e+16 
1.561  4.84179e+16 
1.562  3.45563e+16 
1.563  2.69649e+16 
1.564  2.38704e+16 
1.565  2.45374e+16 
1.566  2.90448e+16 
1.567  3.82952e+16 
1.568  5.42577e+16 
1.569  8.05272e+16 
1.57  1.23409e+17 
1.571  1.93947e+17 
1.572  3.11757e+17 
1.573  5.12382e+17 
1.574  8.61789e+17 
1.575  1.48576e+18 
1.576  2.63133e+18 
1.577  4.79984e+18 
1.578  9.046e+18 
1.579  1.76791e+19 
1.58  3.59849e+19 
1.581  7.66801e+19 
1.582  1.72124e+20 
1.583  4.10091e+20 
1.584  1.04675e+21 
1.585  2.89604e+21 
1.586  8.81544e+21 
1.587  3.01045e+22 
1.588  1.18396e+23 
1.589  5.56077e+23 
1.59  3.28732e+24 
1.591  2.65006e+25 
1.592  3.32177e+26 
1.593  8.21228e+27 
1.594  6.63019e+29 
1.595  7.254e+32 
1.596  1.08437e+41 
1.597  4.67509e+35 
1.598  1.58905e+31 
1.599  1.68224e+29 
1.6  3.19977e+31 
1.601  3.17152e+36 
1.602  1.237e+39 
1.603  2.2558e+32 
1.604  3.23647e+29 
1.605  4.79551e+27 
1.606  2.13571e+26 
1.607  1.80966e+25 
1.608  2.347e+24 
1.609  4.35644e+23 
1.61  1.99034e+23 
1.611  5.4223e+23 
1.612  3.08671e+24 
1.613  2.49332e+25 
1.614  3.14293e+26 
1.615  7.8406e+27 
1.616  6.43835e+29 
1.617  7.3602e+32 
1.618  1.61572e+41 
1.619  3.63151e+35 
1.62  1.35915e+31 
1.621  5.95264e+28 
1.622  1.43521e+27 
1.623  8.39755e+25 
1.624  8.4709e+24 
1.625  1.23573e+24 
1.626  2.35327e+23 
1.627  5.48254e+22 
1.628  1.49574e+22 
1.629  4.63317e+21 
1.63  1.59308e+21 
1.631  5.97819e+20 
1.632  2.41744e+20 
1.633  1.04444e+20 
1.634  4.81463e+19 
1.635  2.41206e+19 
1.636  1.41439e+19 
1.637  1.14842e+19 
1.638  1.46831e+19 
1.639  2.64762e+19 
1.64  5.67989e+19 
1.641  1.34143e+20 
1.642  3.42632e+20 
1.643  9.50552e+20 
1.644  2.90179e+21 
1.645  9.93519e+21 
1.646  3.91611e+22 
1.647  1.84297e+23 
1.648  1.09157e+24 
1.649  8.81808e+24 
1.65  1.10833e+26 
1.651  2.75159e+27 
1.652  2.23898e+29 
1.653  2.49975e+32 
1.654  4.45503e+40 
1.655  1.42347e+35 
1.656  5.05958e+30 
1.657  2.18514e+28 
1.658  5.23426e+26 
1.659  3.05108e+25 
1.66  3.07017e+24 
1.661  4.47102e+23 
1.662  8.50347e+22 
1.663  1.97914e+22 
1.664  5.39518e+21 
1.665  1.6701e+21 
1.666  5.73912e+20 
1.667  2.15222e+20 
1.668  8.69217e+19 
1.669  3.74149e+19 
1.67  1.70217e+19 
1.671  8.12921e+18 
1.672  4.05283e+18 
1.673  2.09963e+18 
1.674  1.1262e+18 
1.675  6.23787e+17 
1.676  3.5638e+17 
1.677  2.10349e+17 
1.678  1.29167e+17 
1.679  8.3963e+16 
1.68  5.97767e+16 
1.681  4.89863e+16 
1.682  4.81629e+16 
1.683  5.66862e+16 
1.684  7.64172e+16 
1.685  1.1224e+17 
1.686  1.73675e+17 
1.687  2.78263e+17 
1.688  4.58258e+17 
1.689  7.73974e+17 
1.69  1.34096e+18 
1.691  2.38703e+18 
1.692  4.37589e+18 
1.693  8.28572e+18 
1.694  1.6263e+19 
1.695  3.32294e+19 
1.696  7.10401e+19 
1.697  1.59882e+20 
1.698  3.81637e+20 
1.699  9.75109e+20 
1.7  2.6979e+21 
1.701  8.20318e+21 
1.702  2.79453e+22 
1.703  1.09461e+23 
1.704  5.11027e+23 
1.705  2.99495e+24 
1.706  2.38442e+25 
1.707  2.93352e+26 
1.708  7.03646e+27 
1.709  5.36714e+29 
1.71  5.07671e+32 
1.711  2.32317e+40 
1.712  8.23772e+35 
1.713  1.98462e+31 
1.714  7.73174e+28 
1.715  1.76582e+27 
1.716  1.0014e+26 
1.717  9.89819e+24 
1.718  1.42346e+24 
1.719  2.68223e+23 
1.72  6.1982e+22 
1.721  1.68013e+22 
1.722  5.17825e+21 
1.723  1.77498e+21 
1.724  6.67671e+20 
1.725  2.76637e+20 
1.726  1.33613e+20 
1.727  9.03427e+19 
1.728  1.05467e+20 
1.729  1.91025e+20 
1.73  4.25961e+20 
1.731  1.05734e+21 
1.732  2.86567e+21 
1.733  8.53988e+21 
1.734  2.84595e+22 
1.735  1.08676e+23 
1.736  4.91953e+23 
1.737  2.77206e+24 
1.738  2.09299e+25 
1.739  2.38489e+26 
1.74  5.06419e+27 
1.741  3.08605e+29 
1.742  1.68078e+32 
1.743  2.17361e+38 
1.744  1.79915e+37 
1.745  7.34448e+31 
1.746  2.20814e+29 
1.747  3.62429e+30 
1.748  9.08979e+33 
1.749  1.3334e+47 
1.75  7.35458e+34 
1.751  1.02787e+31 
1.752  6.61504e+28 
1.753  1.91697e+27 
1.754  1.26645e+26 
1.755  2.86149e+25 
1.756  2.11742e+26 
1.757  6.13027e+27 
1.758  6.83107e+29 
1.759  1.79291e+33 
1.76  8.06562e+46 
1.761  1.18539e+34 
1.762  1.75391e+30 
1.763  1.14917e+28 
1.764  3.35902e+26 
1.765  2.20055e+25 
1.766  2.40196e+24 
1.767  4.10229e+23 
1.768  2.55661e+23 
1.769  9.73858e+23 
1.77  6.52435e+24 
1.771  6.41213e+25 
1.772  1.08263e+27 
1.773  4.39711e+28 
1.774  9.59958e+30 
1.775  2.17818e+35 
1.776  3.14722e+41 
1.777  7.00388e+32 
1.778  5.6682e+29 
1.779  6.69988e+27 
1.78  2.64365e+26 
1.781  2.0767e+25 
1.782  2.54852e+24 
1.783  4.27592e+23 
1.784  9.04279e+22 
1.785  2.28562e+22 
1.786  6.65545e+21 
1.787  2.17442e+21 
1.788  7.81569e+20 
1.789  3.04458e+20 
1.79  1.27037e+20 
1.791  5.62497e+19 
1.792  2.62314e+19 
1.793  1.28039e+19 
1.794  6.508e+18 
1.795  3.42975e+18 
1.796  1.86722e+18 
1.797  1.04686e+18 
1.798  6.02798e+17 
1.799  3.55653e+17 
1.8  2.14568e+17 
1.801  1.32132e+17 
1.802  8.2922e+16 
1.803  5.29585e+16 
1.804  3.43767e+16 
1.805  2.26551e+16 
1.806  1.51428e+16 
1.807  1.02563e+16 
1.808  7.03341e+15 
1.809  4.87992e+15 
1.81  3.4233e+15 
1.811  2.42667e+15 
1.812  1.73736e+15 
1.813  1.25576e+15 
1.814  9.16069e+14 
1.815  6.74361e+14 
1.816  5.00993e+14 
1.817  3.75771e+14 
1.818  2.84815e+14 
1.819  2.18515e+14 
1.82  1.70179e+14 
1.821  1.35138e+14 
1.822  1.10145e+14 
1.823  9.29767e+13 
1.824  8.21723e+13 
1.825  7.68683e+13 
1.826  7.67071e+13 
1.827  8.18078e+13 
1.828  9.27945e+13 
1.829  1.1089e+14 
1.83  1.38093e+14 
1.831  1.77466e+14 
1.832  2.33597e+14 
1.833  3.13313e+14 
1.834  4.26795e+14 
1.835  5.89336e+14 
1.836  8.24121e+14 
1.837  1.1667e+15 
1.838  1.67229e+15 
1.839  2.42781e+15 
1.84  3.57209e+15 
1.841  5.33046e+15 
1.842  8.0748e+15 
1.843  1.243e+16 
1.844  1.94664e+16 
1.845  3.10559e+16 
1.846  5.05464e+16 
1.847  8.40704e+16 
1.848  1.4316e+17 
1.849  2.50125e+17 
1.85  4.49486e+17 
1.851  8.33164e+17 
1.852  1.5982e+18 
1.853  3.18492e+18 
1.854  6.62396e+18 
1.855  1.44567e+19 
1.856  3.33296e+19 
1.857  8.18332e+19 
1.858  2.16152e+20 
1.859  6.22134e+20 
1.86  1.98375e+21 
1.861  7.16263e+21 
1.862  3.01706e+22 
1.863  1.54624e+23 
1.864  1.02587e+24 
1.865  9.71007e+24 
1.866  1.54639e+26 
1.867  5.68254e+27 
1.868  1.00488e+30 
1.869  1.09663e+34 
1.87  1.85856e+43 
1.871  3.26143e+32 
1.872  1.74928e+29 
1.873  1.77367e+27 
1.874  6.46425e+25 
1.875  5.03696e+24 
1.876  1.66463e+24 
1.877  7.62976e+24 
1.878  7.55083e+25 
1.879  1.31099e+27 
1.88  5.59015e+28 
1.881  1.35482e+31 
1.882  4.51912e+35 
1.883  4.68928e+40 
1.884  4.98222e+32 
1.885  4.81111e+29 
1.886  6.08767e+27 
1.887  2.49039e+26 
1.888  2.00055e+25 
1.889  2.49271e+24 
1.89  4.22862e+23 
1.891  9.01775e+22 
1.892  2.29426e+22 
1.893  6.71592e+21 
1.894  2.20372e+21 
1.895  7.94998e+20 
1.896  3.10671e+20 
1.897  1.30013e+20 
1.898  5.77626e+19 
1.899  2.70885e+19 
1.9  1.34006e+19 
1.901  7.07374e+18 
1.902  4.15215e+18 
1.903  2.97888e+18 
1.904  2.92823e+18 
1.905  3.96118e+18 
1.906  6.59212e+18 
1.907  1.2233e+19 
1.908  2.4216e+19 
1.909  5.04718e+19 
1.91  1.1072e+20 
1.911  2.56898e+20 
1.912  6.35354e+20 
1.913  1.6921e+21 
1.914  4.9168e+21 
1.915  1.58553e+22 
1.916  5.80365e+22 
1.917  2.48676e+23 
1.918  1.30287e+24 
1.919  8.90395e+24 
1.92  8.78865e+25 
1.921  1.4921e+27 
1.922  6.11796e+28 
1.923  1.36298e+31 
1.924  3.32847e+35 
1.925  2.79706e+41 
1.926  8.68455e+32 
1.927  7.28248e+29 
1.928  8.72574e+27 
1.929  3.46781e+26 
1.93  2.73622e+25 
1.931  3.36803e+24 
1.932  5.66321e+23 
1.933  1.19965e+23 
1.934  3.0361e+22 
1.935  8.84994e+21 
1.936  2.89386e+21 
1.937  1.04091e+21 
1.938  4.05746e+20 
1.939  1.6942e+20 
1.94  7.51033e+19 
1.941  3.51217e+19 
1.942  1.72841e+19 
1.943  9.0062e+18 
1.944  5.10805e+18 
1.945  3.39096e+18 
1.946  2.95912e+18 
1.947  3.5935e+18 
1.948  5.60458e+18 
1.949  1.00356e+19 
1.95  1.93901e+19 
1.951  3.95488e+19 
1.952  8.482e+19 
1.953  1.91906e+20 
1.954  4.61106e+20 
1.955  1.1874e+21 
1.956  3.31579e+21 
1.957  1.01941e+22 
1.958  3.51986e+22 
1.959  1.40199e+23 
1.96  6.6865e+23 
1.961  4.03076e+24 
1.962  3.33649e+25 
1.963  4.34686e+26 
1.964  1.14381e+28 
1.965  1.0394e+30 
1.966  1.55211e+33 
1.967  5.00506e+42 
1.968  1.6624e+35 
1.969  1.05234e+31 
1.97  5.33886e+28 
1.971  1.37942e+27 
1.972  8.40224e+25 
1.973  8.70142e+24 
1.974  1.2931e+24 
1.975  2.49666e+23 
1.976  5.87875e+22 
1.977  1.61744e+22 
1.978  5.04478e+21 
1.979  1.74459e+21 
1.98  6.5794e+20 
1.981  2.67377e+20 
1.982  1.16402e+20 
1.983  5.48418e+19 
1.984  2.97925e+19 
1.985  2.25456e+19 
1.986  2.93036e+19 
1.987  5.89049e+19 
1.988  1.46687e+20 
1.989  4.12312e+20 
1.99  1.29118e+21 
1.991  4.56979e+21 
1.992  1.878e+22 
1.993  9.32382e+22 
1.994  5.92864e+23 
1.995  5.28603e+24 
1.996  7.69219e+25 
1.997  2.42837e+27 
1.998  3.15072e+29 
1.999  1.29053e+33 
2  5.35509e+177 
2.001  1.29053e+33 
2.002  3.15072e+29 
2.003  2.42837e+27 
2.004  7.69219e+25 
2.005  5.28603e+24 
2.006  5.92864e+23 
2.007  9.32381e+22 
2.008  1.87798e+22 
2.009  4.56941e+21 
2.01  1.29054e+21 
2.011  4.11204e+20 
2.012  1.44742e+20 
2.013  5.53925e+19 
2.014  2.27633e+19 
2.015  9.94669e+18 
2.016  4.58497e+18 
2.017  2.2151e+18 
2.018  1.11562e+18 
2.019  5.83112e+17 
2.02  3.15099e+17 
2.021  1.75466e+17 
2.022  1.00409e+17 
2.023  5.89033e+16 
2.024  3.53488e+16 
2.025  2.16608e+16 
2.026  1.3531e+16 
2.027  8.60427e+15 
2.028  5.56244e+15 
2.029  3.65162e+15 
2.03  2.43178e+15 
2.031  1.64125e+15 
2.032  1.1217e+15 
2.033  7.757e+14 
2.034  5.42408e+14 
2.035  3.83263e+14 
2.036  2.73499e+14 
2.037  1.97002e+14 
2.038  1.43162e+14 
2.039  1.04915e+14 
2.04  7.75015e+13 
2.041  5.76879e+13 
2.042  4.32519e+13 
2.043  3.26533e+13 
2.044  2.48151e+13 
2.045  1.89778e+13 
2.046  1.46017e+13 
2.047  1.13e+13 
2.048  8.79356e+12 
2.049  6.87972e+12 
2.05  5.41009e+12 
2.051  4.27545e+12 
2.052  3.39487e+12 
2.053  2.70802e+12 
2.054  2.16969e+12 
2.055  1.74579e+12 
2.056  1.4105e+12 
2.057  1.14413e+12 
2.058  9.31641e+11 
2.059  7.61436e+11 
2.06  6.24567e+11 
2.061  5.14086e+11 
2.062  4.24576e+11 
2.063  3.518e+11 
2.064  2.92422e+11 
2.065  2.43815e+11 
2.066  2.03895e+11 
2.067  1.71005e+11 
2.068  1.43825e+11 
2.069  1.21296e+11 
2.07  1.02568e+11 
2.071  8.69554e+10 
2.072  7.39051e+10 
2.073  6.29671e+10 
2.074  5.37756e+10 
2.075  4.60324e+10 
2.076  3.9493e+10 
2.077  3.39572e+10 
2.078  2.92598e+10 
2.079  2.52649e+10 
2.08  2.18598e+10 
2.081  1.89512e+10 
2.082  1.64613e+10 
2.083  1.43256e+10 
2.084  1.24899e+10 
2.085  1.0909e+10 
2.086  9.54494e+09 
2.087  8.36572e+09 
2.088  7.34444e+09 
2.089  6.45836e+09 
2.09  5.68824e+09 
2.091  5.01776e+09 
2.092  4.43305e+09 
2.093  3.9223e+09 
2.094  3.47544e+09 
2.095  3.08387e+09 
2.096  2.74022e+09 
2.097  2.43818e+09 
2.098  2.17231e+09 
2.099  1.93796e+09 
2.1  1.73108e+09 
2.101  1.54822e+09 
2.102  1.38637e+09 
2.103  1.24291e+09 
2.104  1.11561e+09 
2.105  1.00248e+09 
2.106  9.01843e+08 
2.107  8.12196e+08 
2.108  7.32248e+08 
2.109  6.60865e+08 
2.11  5.97057e+08 
2.111  5.39957e+08 
2.112  4.88801e+08 
2.113  4.42923e+08 
2.114  4.01734e+08 
2.115  3.64716e+08 
2.116  3.31414e+08 
2.117  3.01423e+08 
2.118  2.74388e+08 
2.119  2.49995e+08 
2.12  2.27964e+08 
2.121  2.08048e+08 
2.122  1.90028e+08 
2.123  1.73709e+08 
2.124  1.58916e+08 
2.125  1.45496e+08 
2.126  1.33311e+08 
2.127  1.22237e+08 
2.128  1.12166e+08 
2.129  1.03e+08 
2.13  9.46491e+07 
2.131  8.70364e+07 
2.132  8.00909e+07 
2.133  7.37494e+07 
2.134  6.79551e+07 
2.135  6.26569e+07 
2.136  5.78088e+07 
2.137  5.33695e+07 
2.138  4.93018e+07 
2.139  4.55718e+07 
2.14  4.21494e+07 
2.141  3.90071e+07 
2.142  3.61201e+07 
2.143  3.34659e+07 
2.144  3.10242e+07 
2.145  2.87767e+07 
2.146  2.67066e+07 
2.147  2.47987e+07 
2.148  2.30394e+07 
2.149  2.1416e+07 
2.15  1.99173e+07 
2.151  1.85329e+07 
2.152  1.72533e+07 
2.153  1.60699e+07 
2.154  1.4975e+07 
2.155  1.39614e+07 
2.156  1.30225e+07 
2.157  1.21524e+07 
2.158  1.13456e+07 
2.159  1.05972e+07 
2.16  9.90254e+06 
2.161  9.2575e+06 
2.162  8.65822e+06 
2.163  8.1012e+06 
2.164  7.58321e+06 
2.165  7.1013e+06 
2.166  6.65274e+06 
2.167  6.23504e+06 
2.168  5.84591e+06 
2.169  5.48322e+06 
2.17  5.14504e+06 
2.171  4.82957e+06 
2.172  4.53517e+06 
2.173  4.2603e+06 
2.174  4.00358e+06 
2.175  3.76371e+06 
2.176  3.53948e+06 
2.177  3.3298e+06 
2.178  3.13364e+06 
2.179  2.95006e+06 
2.18  2.77819e+06 
2.181  2.61723e+06 
2.182  2.46642e+06 
2.183  2.32506e+06 
2.184  2.19253e+06 
2.185  2.06822e+06 
2.186  1.95158e+06 
2.187  1.84211e+06 
2.188  1.73931e+06 
2.189  1.64276e+06 
2.19  1.55205e+06 
2.191  1.46679e+06 
2.192  1.38662e+06 
2.193  1.31122e+06 
2.194  1.24029e+06 
2.195  1.17353e+06 
2.196  1.11068e+06 
2.197  1.0515e+06 
2.198  995745 
2.199  943209 
2.2  893689 
2.201  846999 
2.202  802963 
2.203  761417 
2.204  722211 
2.205  685202 
2.206  650255 
2.207  617249 
2.208  586064 
2.209  556594 
2.21  528737 
2.211  502396 
2.212  477483 
2.213  453913 
2.214  431610 
2.215  410498 
2.216  390510 
2.217  371581 
2.218  353649 
2.219  336659 
2.22  320557 
2.221  305293 
2.222  290819 
2.223  277092 
2.224  264069 
2.225  251712 
2.226  239984 
2.227  228850 
2.228  218278 
2.229  208237 
2.23  198699 
2.231  189635 
2.232  181022 
2.233  172834 
2.234  165048 
2.235  157644 
2.236  150601 
2.237  143900 
2.238  137524 
2.239  131455 
2.24  125677 
2.241  120175 
2.242  114935 
2.243  109944 
2.244  105188 
2.245  100656 
2.246  96335.9 
2.247  92217.7 
2.248  88290.9 
2.249  84546 
2.25  80973.7 
2.251  77565.5 
2.252  74313.3 
2.253  71209.4 
2.254  68246.4 
2.255  65417.4 
2.256  62716 
2.257  60135.8 
2.258  57671 
2.259  55316.1 
2.26  53065.7 
2.261  50914.8 
2.262  48858.7 
2.263  46892.8 
2.264  45013 
2.265  43215.1 
2.266  41495.2 
2.267  39849.7 
2.268  38275.2 
2.269  36768.3 
2.27  35325.9 
2.271  33945 
2.272  32622.8 
2.273  31356.5 
2.274  30143.7 
2.275  28981.9 
2.276  27868.7 
2.277  26802 
2.278  25779.7 
2.279  24799.8 
2.28  23860.4 
2.281  22959.6 
2.282  22095.8 
2.283  21267.4 
2.284  20472.6 
2.285  19710.2 
2.286  18978.6 
2.287  18276.6 
2.288  17602.7 
2.289  16955.9 
2.29  16334.9 
2.291  15738.6 
2.292  15166 
2.293  14616 
2.294  14087.7 
2.295  13580.1 
2.296  13092.4 
2.297  12623.8 
2.298  12173.3 
2.299  11740.4 
2.3  11324.2 
2.301  10924 
2.302  10539.2 
2.303  10169.1 
2.304  9813.09 
2.305  9470.67 
2.306  9141.23 
2.307  8824.23 
2.308  8519.19 
2.309  8225.6 
2.31  7943.01 
2.311  7670.96 
2.312  7409.04 
2.313  7156.84 
2.314  6913.96 
2.315  6680.04 
2.316  6454.72 
2.317  6237.66 
2.318  6028.52 
2.319  5827.01 
2.32  5632.81 
2.321  5445.65 
2.322  5265.24 
2.323  5091.32 
2.324  4923.65 
2.325  4761.97 
2.326  4606.07 
2.327  4455.7 
2.328  4310.67 
2.329  4170.77 
2.33  4035.8 
2.331  3905.58 
2.332  3779.92 
2.333  3658.65 
2.334  3541.61 
2.335  3428.63 
2.336  3319.57 
2.337  3214.28 
2.338  3112.61 
2.339  3014.44 
2.34  2919.63 
2.341  2828.06 
2.342  2739.61 
2.343  2654.16 
2.344  2571.61 
2.345  2491.85 
2.346  2414.77 
2.347  2340.28 
2.348  2268.29 
2.349  2198.7 
2.35  2131.43 
2.351  2066.4 
2.352  2003.52 
2.353  1942.72 
2.354  1883.92 
2.355  1827.05 
2.356  1772.05 
2.357  1718.85 
2.358  1667.38 
2.359  1617.58 
2.36  1569.4 
2.361  1522.77 
2.362  1477.65 
2.363  1433.99 
2.364  1391.72 
2.365  1350.8 
2.366  1311.19 
2.367  1272.85 
2.368  1235.71 
2.369  1199.76 
2.37  1164.94 
2.371  1131.22 
2.372  1098.55 
2.373  1066.91 
2.374  1036.26 
2.375  1006.57 
2.376  977.796 
2.377  949.917 
2.378  922.901 
2.379  896.718 
2.38  871.341 
2.381  846.744 
2.382  822.9 
2.383  799.784 
2.384  777.373 
2.385  755.643 
2.386  734.573 
2.387  714.139 
2.388  694.323 
2.389  675.102 
2.39  656.459 
2.391  638.375 
2.392  620.83 
2.393  603.809 
2.394  587.294 
2.395  571.268 
2.396  555.717 
2.397  540.625 
2.398  525.978 
2.399  511.76 
2.4  497.96 
2.401  484.563 
2.402  471.556 
2.403  458.929 
2.404  446.667 
2.405  434.761 
2.406  423.199 
2.407  411.97 
2.408  401.064 
2.409  390.471 
2.41  380.181 
2.411  370.186 
2.412  360.474 
2.413  351.039 
2.414  341.872 
2.415  332.964 
2.416  324.307 
2.417  315.894 
2.418  307.718 
2.419  299.771 
2.42  292.046 
2.421  284.536 
2.422  277.236 
2.423  270.139 
2.424  263.238 
2.425  256.529 
2.426  250.004 
2.427  243.659 
2.428  237.489 
2.429  231.487 
2.43  225.65 
2.431  219.972 
2.432  214.449 
2.433  209.076 
2.434  203.848 
2.435  198.762 
2.436  193.813 
2.437  188.998 
2.438  184.312 
2.439  179.751 
2.44  175.313 
2.441  170.993 
2.442  166.788 
2.443  162.695 
2.444  158.711 
2.445  154.832 
2.446  151.056 
2.447  147.379 
2.448  143.799 
2.449  140.313 
2.45  136.918 
2.451  133.612 
2.452  130.393 
2.453  127.257 
2.454  124.202 
2.455  121.227 
2.456  118.329 
2.457  115.505 
2.458  112.755 
2.459  110.075 
2.46  107.463 
2.461  104.919 
2.462  102.44 
2.463  100.024 
2.464  97.669 
2.465  95.3742 
2.466  93.1376 
2.467  90.9575 
2.468  88.8325 
2.469  86.7611 
2.47  84.7417 
2.471  82.773 
2.472  80.8536 
2.473  78.9822 
2.474  77.1575 
2.475  75.3782 
2.476  73.6431 
2.477  71.951 
2.478  70.3009 
2.479  68.6915 
2.48  67.1217 
2.481  65.5906 
2.482  64.0971 
2.483  62.6402 
2.484  61.219 
2.485  59.8324 
2.486  58.4796 
2.487  57.1598 
2.488  55.872 
2.489  54.6154 
2.49  53.3891 
2.491  52.1925 
2.492  51.0247 
2.493  49.885 
2.494  48.7727 
2.495  47.687 
2.496  46.6273 
2.497  45.5928 
2.498  44.583 
2.499  43.5972 
2.5  42.6349 
2.501  41.6953 
2.502  40.7779 
2.503  39.8822 
2.504  39.0076 
2.505  38.1536 
2.506  37.3196 
2.507  36.5052 
2.508  35.7098 
2.509  34.933 
2.51  34.1742 
2.511  33.4332 
2.512  32.7093 
2.513  32.0023 
2.514  31.3116 
2.515  30.6368 
2.516  29.9777 
2.517  29.3336 
2.518  28.7044 
2.519  28.0896 
2.52  27.4889 
2.521  26.902 
2.522  26.3284 
2.523  25.7679 
2.524  25.2201 
2.525  24.6848 
2.526  24.1616 
2.527  23.6502 
2.528  23.1504 
2.529  22.6618 
2.53  22.1843 
2.531  21.7175 
2.532  21.2611 
2.533  20.815 
2.534  20.3788 
2.535  19.9524 
2.536  19.5355 
2.537  19.1278 
2.538  18.7292 
2.539  18.3394 
2.54  17.9583 
2.541  17.5856 
2.542  17.2211 
2.543  16.8646 
2.544  16.516 
2.545  16.175 
2.546  15.8415 
2.547  15.5153 
2.548  15.1962 
2.549  14.8841 
2.55  14.5788 
2.551  14.2801 
2.552  13.9879 
2.553  13.7021 
2.554  13.4224 
2.555  13.1487 
2.556  12.881 
2.557  12.619 
2.558  12.3627 
2.559  12.1119 
2.56  11.8664 
2.561  11.6262 
2.562  11.3911 
2.563  11.1611 
2.564  10.9359 
2.565  10.7155 
2.566  10.4999 
2.567  10.2887 
2.568  10.0821 
2.569  9.87984 
2.57  9.68184 
2.571  9.48801 
2.572  9.29826 
2.573  9.1125 
2.574  8.93064 
2.575  8.75259 
2.576  8.57827 
2.577  8.40758 
2.578  8.24046 
2.579  8.07682 
2.58  7.91659 
2.581  7.75968 
2.582  7.60603 
2.583  7.45556 
2.584  7.3082 
2.585  7.16389 
2.586  7.02255 
2.587  6.88413 
2.588  6.74855 
2.589  6.61576 
2.59  6.48569 
2.591  6.35828 
2.592  6.23348 
2.593  6.11123 
2.594  5.99147 
2.595  5.87415 
2.596  5.75922 
2.597  5.64662 
2.598  5.53631 
2.599  5.42823 
2.6  5.32234 
2.601  5.21859 
2.602  5.11693 
2.603  5.01732 
2.604  4.91972 
2.605  4.82407 
2.606  4.73035 
2.607  4.63851 
2.608  4.5485 
2.609  4.46029 
2.61  4.37385 
2.611  4.28913 
2.612  4.2061 
2.613  4.12472 
2.614  4.04495 
2.615  3.96677 
2.616  3.89014 
2.617  3.81503 
2.618  3.7414 
2.619  3.66922 
2.62  3.59847 
2.621  3.52911 
2.622  3.46112 
2.623  3.39446 
2.624  3.32911 
2.625  3.26504 
2.626  3.20223 
2.627  3.14064 
2.628  3.08026 
2.629  3.02106 
2.63  2.96301 
2.631  2.90609 
2.632  2.85027 
2.633  2.79554 
2.634  2.74188 
2.635  2.68925 
2.636  2.63764 
2.637  2.58703 
2.638  2.5374 
2.639  2.48872 
2.64  2.44098 
2.641  2.39417 
2.642  2.34825 
2.643  2.30321 
2.644  2.25904 
2.645  2.21572 
2.646  2.17322 
2.647  2.13154 
2.648  2.09065 
2.649  2.05055 
2.65  2.01121 
2.651  1.97261 
2.652  1.93476 
2.653  1.89762 
2.654  1.86119 
2.655  1.82545 
2.656  1.79039 
2.657  1.75599 
2.658  1.72224 
2.659  1.68913 
2.66  1.65665 
2.661  1.62477 
2.662  1.5935 
2.663  1.56282 
2.664  1.53272 
2.665  1.50318 
2.666  1.47419 
2.667  1.44575 
2.668  1.41784 
2.669  1.39046 
2.67  1.36359 
2.671  1.33722 
2.672  1.31134 
2.673  1.28595 
2.674  1.26103 
2.675  1.23657 
2.676  1.21257 
2.677  1.18901 
2.678  1.1659 
2.679  1.14321 
2.68  1.12094 
2.681  1.09909 
2.682  1.07764 
2.683  1.05659 
2.684  1.03593 
2.685  1.01565 
2.686  0.995746 
2.687  0.976209 
2.688  0.957032 
2.689  0.938209 
2.69  0.919732 
2.691  0.901596 
2.692  0.883793 
2.693  0.866318 
2.694  0.849163 
2.695  0.832324 
2.696  0.815793 
2.697  0.799566 
2.698  0.783636 
2.699  0.767998 
2.7  0.752646 
2.701  0.737575 
2.702  0.72278 
2.703  0.708255 
2.704  0.693995 
2.705  0.679995 
2.706  0.666251 
2.707  0.652758 
2.708  0.63951 
2.709  0.626503 
2.71  0.613734 
2.711  0.601197 
2.712  0.588887 
2.713  0.576802 
2.714  0.564936 
2.715  0.553286 
2.716  0.541847 
2.717  0.530615 
2.718  0.519588 
2.719  0.50876 
2.72  0.498129 
2.721  0.48769 
2.722  0.477441 
2.723  0.467377 
2.724  0.457495 
2.725  0.447792 
2.726  0.438264 
2.727  0.428909 
2.728  0.419723 
2.729  0.410702 
2.73  0.401845 
2.731  0.393148 
2.732  0.384608 
2.733  0.376222 
2.734  0.367988 
2.735  0.359902 
2.736  0.351962 
2.737  0.344165 
2.738  0.336509 
2.739  0.328991 
2.74  0.321609 
2.741  0.31436 
2.742  0.307241 
2.743  0.300251 
2.744  0.293387 
2.745  0.286646 
2.746  0.280027 
2.747  0.273528 
2.748  0.267146 
2.749  0.260878 
2.75  0.254724 
2.751  0.24868 
2.752  0.242746 
2.753  0.236919 
2.754  0.231196 
2.755  0.225577 
2.756  0.220059 
2.757  0.214641 
2.758  0.209321 
2.759  0.204096 
2.76  0.198966 
2.761  0.193928 
2.762  0.188982 
2.763  0.184125 
2.764  0.179355 
2.765  0.174672 
2.766  0.170073 
2.767  0.165558 
2.768  0.161124 
2.769  0.156771 
2.77  0.152496 
2.771  0.148299 
2.772  0.144177 
2.773  0.140131 
2.774  0.136158 
2.775  0.132257 
2.776  0.128427 
2.777  0.124666 
2.778  0.120974 
2.779  0.117349 
2.78  0.113789 
2.781  0.110295 
2.782  0.106864 
2.783  0.103496 
2.784  0.100189 
2.785  0.096943 
2.786  0.093756 
2.787  0.0906273 
2.788  0.0875558 
2.789  0.0845405 
2.79  0.0815805 
2.791  0.0786749 
2.792  0.0758225 
2.793  0.0730226 
2.794  0.0702743 
2.795  0.0675765 
2.796  0.0649284 
2.797  0.0623293 
2.798  0.0597781 
2.799  0.0572741 
2.8  0.0548165 
2.801  0.0524044 
2.802  0.0500371 
2.803  0.0477137 
2.804  0.0454336 
2.805  0.043196 
2.806  0.0410001 
2.807  0.0388452 
2.808  0.0367306 
2.809  0.0346556 
2.81  0.0326195 
2.811  0.0306217 
2.812  0.0286614 
2.813  0.0267381 
2.814  0.0248511 
2.815  0.0229998 
2.816  0.0211835 
2.817  0.0194016 
2.818  0.0176536 
2.819  0.0159389 
2.82  0.0142569 
2.821  0.012607 
2.822  0.0109887 
2.823  0.00940141 
2.824  0.00784463 
2.825  0.00631783 
2.826  0.00482049 
2.827  0.0033521 
2.828  0.00191217 
2.829  0.000500208 
2.83  -0.000884271 
2.831  -0.00224174 
2.832  -0.00357265 
2.833  -0.00487747 
2.834  -0.00615665 
2.835  -0.00741062 
2.836  -0.00863982 
2.837  -0.00984468 
2.838  -0.0110256 
2.839  -0.012183 
2.84  -0.0133173 
2.841  -0.0144289 
2.842  -0.0155181 
2.843  -0.0165854 
2.844  -0.0176311 
2.845  -0.0186557 
2.846  -0.0196594 
2.847  -0.0206426 
2.848  -0.0216057 
2.849  -0.022549 
2.85  -0.0234728 
2.851  -0.0243776 
2.852  -0.0252635 
2.853  -0.0261311 
2.854  -0.0269804 
2.855  -0.0278119 
2.856  -0.028626 
2.857  -0.0294227 
2.858  -0.0302026 
2.859  -0.0309658 
2.86  -0.0317126 
2.861  -0.0324434 
2.862  -0.0331584 
2.863  -0.0338578 
2.864  -0.034542 
2.865  -0.0352112 
2.866  -0.0358656 
2.867  -0.0365056 
2.868  -0.0371313 
2.869  -0.037743 
2.87  -0.038341 
2.871  -0.0389254 
2.872  -0.0394966 
2.873  -0.0400547 
2.874  -0.0405999 
2.875  -0.0411326 
2.876  -0.0416528 
2.877  -0.0421609 
2.878  -0.042657 
2.879  -0.0431414 
2.88  -0.0436141 
2.881  -0.0440755 
2.882  -0.0445258 
2.883  -0.044965 
2.884  -0.0453935 
2.885  -0.0458114 
2.886  -0.0462189 
2.887  -0.0466161 
2.888  -0.0470033 
2.889  -0.0473806 
2.89  -0.0477482 
2.891  -0.0481062 
2.892  -0.0484548 
2.893  -0.0487943 
2.894  -0.0491247 
2.895  -0.0494462 
2.896  -0.0497589 
2.897  -0.050063 
2.898  -0.0503587 
2.899  -0.0506462 
2.9  -0.0509254 
2.901  -0.0511967 
2.902  -0.0514601 
2.903  -0.0517157 
2.904  -0.0519638 
2.905  -0.0522044 
2.906  -0.0524376 
2.907  -0.0526637 
2.908  -0.0528827 
2.909  -0.0530947 
2.91  -0.0532999 
2.911  -0.0534984 
2.912  -0.0536903 
2.913  -0.0538758 
2.914  -0.0540548 
2.915  -0.0542277 
2.916  -0.0543944 
2.917  -0.054555 
2.918  -0.0547098 
2.919  -0.0548587 
2.92  -0.0550019 
2.921  -0.0551395 
2.922  -0.0552716 
2.923  -0.0553983 
2.924  -0.0555197 
2.925  -0.0556358 
2.926  -0.0557469 
2.927  -0.0558529 
2.928  -0.0559539 
2.929  -0.0560501 
2.93  -0.0561416 
2.931  -0.0562283 
2.932  -0.0563105 
2.933  -0.0563881 
2.934  -0.0564613 
2.935  -0.0565302 
2.936  -0.0565948 
2.937  -0.0566552 
2.938  -0.0567115 
2.939  -0.0567638 
2.94  -0.0568121 
2.941  -0.0568565 
2.942  -0.0568971 
2.943  -0.0569339 
2.944  -0.0569671 
2.945  -0.0569966 
2.946  -0.0570226 
2.947  -0.0570451 
2.948  -0.0570642 
2.949  -0.05708 
2.95  -0.0570925 
2.951  -0.0571017 
2.952  -0.0571078 
2.953  -0.0571108 
2.954  -0.0571107 
2.955  -0.0571077 
2.956  -0.0571017 
2.957  -0.0570929 
2.958  -0.0570812 
2.959  -0.0570668 
2.96  -0.0570496 
2.961  -0.0570298 
2.962  -0.0570074 
2.963  -0.0569824 
2.964  -0.056955 
2.965  -0.056925 
2.966  -0.0568927 
2.967  -0.056858 
2.968  -0.056821 
2.969  -0.0567817 
2.97  -0.0567402 
2.971  -0.0566965 
2.972  -0.0566507 
2.973  -0.0566028 
2.974  -0.0565528 
2.975  -0.0565008 
2.976  -0.0564469 
2.977  -0.056391 
2.978  -0.0563332 
2.979  -0.0562736 
2.98  -0.0562122 
2.981  -0.056149 
2.982  -0.0560841 
2.983  -0.0560174 
2.984  -0.0559491 
2.985  -0.0558792 
2.986  -0.0558077 
2.987  -0.0557346 
2.988  -0.05566 
2.989  -0.0555839 
2.99  -0.0555063 
2.991  -0.0554273 
2.992  -0.0553469 
2.993  -0.0552651 
2.994  -0.055182 
2.995  -0.0550976 
2.996  -0.0550119 
2.997  -0.054925 
2.998  -0.0548368 
2.999  -0.0547475 
3  -0.054657 
3.001  -0.0545653 
3.002  -0.0544725 
3.003  -0.0543787 
3.004  -0.0542837 
3.005  -0.0541878 
3.006  -0.0540908 
3.007  -0.0539929 
3.008  -0.0538939 
3.009  -0.0537941 
3.01  -0.0536933 
3.011  -0.0535916 
3.012  -0.0534891 
3.013  -0.0533857 
3.014  -0.0532815 
3.015  -0.0531765 
3.016  -0.0530706 
3.017  -0.0529641 
3.018  -0.0528567 
3.019  -0.0527487 
3.02  -0.0526399 
3.021  -0.0525305 
3.022  -0.0524204 
3.023  -0.0523096 
3.024  -0.0521983 
3.025  -0.0520863 
3.026  -0.0519737 
3.027  -0.0518605 
3.028  -0.0517468 
3.029  -0.0516325 
3.03  -0.0515177 
3.031  -0.0514024 
3.032  -0.0512866 
3.033  -0.0511703 
3.034  -0.0510535 
3.035  -0.0509363 
3.036  -0.0508187 
3.037  -0.0507006 
3.038  -0.0505822 
3.039  -0.0504633 
3.04  -0.0503441 
3.041  -0.0502245 
3.042  -0.0501046 
3.043  -0.0499843 
3.044  -0.0498637 
3.045  -0.0497428 
3.046  -0.0496215 
3.047  -0.0495 
3.048  -0.0493782 
3.049  -0.0492562 
3.05  -0.0491339 
3.051  -0.0490114 
3.052  -0.0488886 
3.053  -0.0487656 
3.054  -0.0486424 
3.055  -0.0485191 
3.056  -0.0483955 
3.057  -0.0482717 
3.058  -0.0481478 
3.059  -0.0480238 
3.06  -0.0478995 
3.061  -0.0477752 
3.062  -0.0476507 
3.063  -0.0475261 
3.064  -0.0474014 
3.065  -0.0472766 
3.066  -0.0471517 
3.067  -0.0470267 
3.068  -0.0469017 
3.069  -0.0467765 
3.07  -0.0466513 
3.071  -0.0465261 
3.072  -0.0464008 
3.073  -0.0462755 
3.074  -0.0461502 
3.075  -0.0460248 
3.076  -0.0458995 
3.077  -0.0457741 
3.078  -0.0456487 
3.079  -0.0455234 
3.08  -0.045398 
3.081  -0.0452727 
3.082  -0.0451474 
3.083  -0.0450221 
3.084  -0.0448969 
3.085  -0.0447717 
3.086  -0.0446466 
3.087  -0.0445215 
3.088  -0.0443965 
3.089  -0.0442716 
3.09  -0.0441467 
3.091  -0.044022 
3.092  -0.0438973 
3.093  -0.0437727 
3.094  -0.0436482 
3.095  -0.0435238 
3.096  -0.0433995 
3.097  -0.0432753 
3.098  -0.0431512 
3.099  -0.0430273 
3.1  -0.0429035 
3.101  -0.0427798 
3.102  -0.0426562 
3.103  -0.0425328 
3.104  -0.0424095 
3.105  -0.0422864 
3.106  -0.0421634 
3.107  -0.0420406 
3.108  -0.0419179 
3.109  -0.0417954 
3.11  -0.0416731 
3.111  -0.0415509 
3.112  -0.0414289 
3.113  -0.0413071 
3.114  -0.0411855 
3.115  -0.041064 
3.116  -0.0409427 
3.117  -0.0408216 
3.118  -0.0407008 
3.119  -0.0405801 
3.12  -0.0404596 
3.121  -0.0403393 
3.122  -0.0402192 
3.123  -0.0400993 
3.124  -0.0399796 
3.125  -0.0398602 
3.126  -0.0397409 
3.127  -0.0396219 
3.128  -0.0395031 
3.129  -0.0393845 
3.13  -0.0392662 
3.131  -0.039148 
3.132  -0.0390301 
3.133  -0.0389125 
3.134  -0.038795 
3.135  -0.0386778 
3.136  -0.0385608 
3.137  -0.0384441 
3.138  -0.0383276 
3.139  -0.0382114 
3.14  -0.0380954 
3.141  -0.0379797 
3.142  -0.0378642 
3.143  -0.0377489 
3.144  -0.0376339 
3.145  -0.0375192 
3.146  -0.0374047 
3.147  -0.0372905 
3.148  -0.0371765 
3.149  -0.0370628 
3.15  -0.0369493 
3.151  -0.0368361 
3.152  -0.0367232 
3.153  -0.0366105 
3.154  -0.0364981 
3.155  -0.036386 
3.156  -0.0362742 
3.157  -0.0361626 
3.158  -0.0360512 
3.159  -0.0359402 
3.16  -0.0358294 
3.161  -0.0357189 
3.162  -0.0356087 
3.163  -0.0354987 
3.164  -0.0353891 
3.165  -0.0352797 
3.166  -0.0351705 
3.167  -0.0350617 
3.168  -0.0349531 
3.169  -0.0348449 
3.17  -0.0347369 
3.171  -0.0346291 
3.172  -0.0345217 
3.173  -0.0344146 
3.174  -0.0343077 
3.175  -0.0342011 
3.176  -0.0340948 
3.177  -0.0339888 
3.178  -0.0338831 
3.179  -0.0337776 
3.18  -0.0336724 
3.181  -0.0335676 
3.182  -0.033463 
3.183  -0.0333587 
3.184  -0.0332547 
3.185  -0.033151 
3.186  -0.0330475 
3.187  -0.0329444 
3.188  -0.0328415 
3.189  -0.032739 
3.19  -0.0326367 
3.191  -0.0325347 
3.192  -0.032433 
3.193  -0.0323316 
3.194  -0.0322305 
3.195  -0.0321297 
3.196  -0.0320291 
3.197  -0.0319289 
3.198  -0.0318289 
3.199  -0.0317292 
3.2  -0.0316299 
3.201  -0.0315308 
3.202  -0.031432 
3.203  -0.0313335 
3.204  -0.0312353 
3.205  -0.0311373 
3.206  -0.0310397 
3.207  -0.0309424 
3.208  -0.0308453 
3.209  -0.0307485 
3.21  -0.0306521 
3.211  -0.0305559 
3.212  -0.03046 
3.213  -0.0303644 
3.214  -0.0302691 
3.215  -0.030174 
3.216  -0.0300793 
3.217  -0.0299848 
3.218  -0.0298907 
3.219  -0.0297968 
3.22  -0.0297032 
3.221  -0.0296099 
3.222  -0.0295169 
3.223  -0.0294242 
3.224  -0.0293317 
3.225  -0.0292396 
3.226  -0.0291477 
3.227  -0.0290561 
3.228  -0.0289648 
3.229  -0.0288738 
3.23  -0.0287831 
3.231  -0.0286926 
3.232  -0.0286025 
3.233  -0.0285126 
3.234  -0.028423 
3.235  -0.0283337 
3.236  -0.0282446 
3.237  -0.0281559 
3.238  -0.0280674 
3.239  -0.0279792 
3.24  -0.0278913 
3.241  -0.0278037 
3.242  -0.0277163 
3.243  -0.0276293 
3.244  -0.0275425 
3.245  -0.0274559 
3.246  -0.0273697 
3.247  -0.0272837 
3.248  -0.0271981 
3.249  -0.0271127 
3.25  -0.0270275 
3.251  -0.0269427 
3.252  -0.0268581 
3.253  -0.0267738 
3.254  -0.0266897 
3.255  -0.026606 
3.256  -0.0265225 
3.257  -0.0264392 
3.258  -0.0263563 
3.259  -0.0262736 
3.26  -0.0261912 
3.261  -0.026109 
3.262  -0.0260272 
3.263  -0.0259456 
3.264  -0.0258642 
3.265  -0.0257831 
3.266  -0.0257023 
3.267  -0.0256218 
3.268  -0.0255415 
3.269  -0.0254615 
3.27  -0.0253818 
3.271  -0.0253023 
3.272  -0.0252231 
3.273  -0.0251441 
3.274  -0.0250654 
3.275  -0.024987 
3.276  -0.0249088 
3.277  -0.0248308 
3.278  -0.0247532 
3.279  -0.0246758 
3.28  -0.0245986 
3.281  -0.0245217 
3.282  -0.0244451 
3.283  -0.0243687 
3.284  -0.0242926 
3.285  -0.0242167 
3.286  -0.0241411 
3.287  -0.0240658 
3.288  -0.0239907 
3.289  -0.0239158 
3.29  -0.0238412 
3.291  -0.0237668 
3.292  -0.0236927 
3.293  -0.0236189 
3.294  -0.0235452 
3.295  -0.0234719 
3.296  -0.0233988 
3.297  -0.0233259 
3.298  -0.0232532 
3.299  -0.0231809 
3.3  -0.0231087 
3.301  -0.0230368 
3.302  -0.0229652 
3.303  -0.0228938 
3.304  -0.0228226 
3.305  -0.0227517 
3.306  -0.022681 
3.307  -0.0226105 
3.308  -0.0225403 
3.309  -0.0224703 
3.31  -0.0224006 
3.311  -0.0223311 
3.312  -0.0222618 
3.313  -0.0221928 
3.314  -0.022124 
3.315  -0.0220554 
3.316  -0.0219871 
3.317  -0.021919 
3.318  -0.0218511 
3.319  -0.0217835 
3.32  -0.0217161 
3.321  -0.0216489 
3.322  -0.021582 
3.323  -0.0215152 
3.324  -0.0214487 
3.325  -0.0213825 
3.326  -0.0213164 
3.327  -0.0212506 
3.328  -0.021185 
3.329  -0.0211197 
3.33  -0.0210545 
3.331  -0.0209896 
3.332  -0.0209249 
3.333  -0.0208604 
3.334  -0.0207961 
3.335  -0.0207321 
3.336  -0.0206683 
3.337  -0.0206047 
3.338  -0.0205413 
3.339  -0.0204781 
3.34  -0.0204152 
3.341  -0.0203524 
3.342  -0.0202899 
3.343  -0.0202276 
3.344  -0.0201655 
3.345  -0.0201036 
3.346  -0.0200419 
3.347  -0.0199805 
3.348  -0.0199192 
3.349  -0.0198582 
3.35  -0.0197973 
3.351  -0.0197367 
3.352  -0.0196763 
3.353  -0.0196161 
3.354  -0.0195561 
3.355  -0.0194963 
3.356  -0.0194367 
3.357  -0.0193773 
3.358  -0.0193181 
3.359  -0.0192592 
3.36  -0.0192004 
3.361  -0.0191418 
3.362  -0.0190834 
3.363  -0.0190253 
3.364  -0.0189673 
3.365  -0.0189095 
3.366  -0.0188519 
3.367  -0.0187945 
3.368  -0.0187374 
3.369  -0.0186804 
3.37  -0.0186236 
3.371  -0.018567 
3.372  -0.0185106 
3.373  -0.0184544 
3.374  -0.0183984 
3.375  -0.0183425 
3.376  -0.0182869 
3.377  -0.0182315 
3.378  -0.0181762 
3.379  -0.0181211 
3.38  -0.0180663 
3.381  -0.0180116 
3.382  -0.0179571 
3.383  -0.0179028 
3.384  -0.0178487 
3.385  -0.0177947 
3.386  -0.017741 
3.387  -0.0176874 
3.388  -0.017634 
3.389  -0.0175808 
3.39  -0.0175278 
3.391  -0.017475 
3.392  -0.0174223 
3.393  -0.0173698 
3.394  -0.0173175 
3.395  -0.0172654 
3.396  -0.0172135 
3.397  -0.0171617 
3.398  -0.0171102 
3.399  -0.0170588 
3.4  -0.0170075 
3.401  -0.0169565 
3.402  -0.0169056 
3.403  -0.0168549 
3.404  -0.0168044 
3.405  -0.016754 
3.406  -0.0167038 
3.407  -0.0166538 
3.408  -0.016604 
3.409  -0.0165543 
3.41  -0.0165048 
3.411  -0.0164555 
3.412  -0.0164063 
3.413  -0.0163573 
3.414  -0.0163085 
3.415  -0.0162599 
3.416  -0.0162114 
3.417  -0.0161631 
3.418  -0.0161149 
3.419  -0.0160669 
3.42  -0.0160191 
3.421  -0.0159714 
3.422  -0.0159239 
3.423  -0.0158766 
3.424  -0.0158294 
3.425  -0.0157824 
3.426  -0.0157355 
3.427  -0.0156888 
3.428  -0.0156423 
3.429  -0.0155959 
3.43  -0.0155497 
3.431  -0.0155036 
3.432  -0.0154577 
3.433  -0.015412 
3.434  -0.0153664 
3.435  -0.0153209 
3.436  -0.0152757 
3.437  -0.0152305 
3.438  -0.0151856 
3.439  -0.0151407 
3.44  -0.0150961 
3.441  -0.0150516 
3.442  -0.0150072 
3.443  -0.014963 
3.444  -0.0149189 
3.445  -0.014875 
3.446  -0.0148312 
3.447  -0.0147876 
3.448  -0.0147442 
3.449  -0.0147009 
3.45  -0.0146577 
3.451  -0.0146147 
3.452  -0.0145718 
3.453  -0.0145291 
3.454  -0.0144865 
3.455  -0.014444 
3.456  -0.0144017 
3.457  -0.0143596 
3.458  -0.0143176 
3.459  -0.0142757 
3.46  -0.014234 
3.461  -0.0141924 
3.462  -0.014151 
3.463  -0.0141097 
3.464  -0.0140685 
3.465  -0.0140275 
3.466  -0.0139866 
3.467  -0.0139458 
3.468  -0.0139052 
3.469  -0.0138648 
3.47  -0.0138244 
3.471  -0.0137842 
3.472  -0.0137442 
3.473  -0.0137042 
3.474  -0.0136645 
3.475  -0.0136248 
3.476  -0.0135853 
3.477  -0.0135459 
3.478  -0.0135066 
3.479  -0.0134675 
3.48  -0.0134285 
3.481  -0.0133897 
3.482  -0.0133509 
3.483  -0.0133123 
3.484  -0.0132739 
3.485  -0.0132355 
3.486  -0.0131973 
3.487  -0.0131592 
3.488  -0.0131213 
3.489  -0.0130835 
3.49  -0.0130458 
3.491  -0.0130082 
3.492  -0.0129707 
3.493  -0.0129334 
3.494  -0.0128962 
3.495  -0.0128592 
3.496  -0.0128222 
3.497  -0.0127854 
3.498  -0.0127487 
3.499  -0.0127121 
3.5  -0.0126757 
3.501  -0.0126394 
3.502  -0.0126031 
3.503  -0.0125671 
3.504  -0.0125311 
3.505  -0.0124953 
3.506  -0.0124595 
3.507  -0.0124239 
3.508  -0.0123884 
3.509  -0.0123531 
3.51  -0.0123178 
3.511  -0.0122827 
3.512  -0.0122477 
3.513  -0.0122128 
3.514  -0.012178 
3.515  -0.0121433 
3.516  -0.0121088 
3.517  -0.0120744 
3.518  -0.01204 
3.519  -0.0120058 
3.52  -0.0119717 
3.521  -0.0119378 
3.522  -0.0119039 
3.523  -0.0118701 
3.524  -0.0118365 
3.525  -0.011803 
3.526  -0.0117696 
3.527  -0.0117363 
3.528  -0.0117031 
3.529  -0.01167 
3.53  -0.011637 
3.531  -0.0116041 
3.532  -0.0115714 
3.533  -0.0115387 
3.534  -0.0115062 
3.535  -0.0114738 
3.536  -0.0114414 
3.537  -0.0114092 
3.538  -0.0113771 
3.539  -0.0113451 
3.54  -0.0113132 
3.541  -0.0112814 
3.542  -0.0112497 
3.543  -0.0112182 
3.544  -0.0111867 
3.545  -0.0111553 
3.546  -0.011124 
3.547  -0.0110929 
3.548  -0.0110618 
3.549  -0.0110308 
3.55  -0.011 
3.551  -0.0109692 
3.552  -0.0109386 
3.553  -0.010908 
3.554  -0.0108775 
3.555  -0.0108472 
3.556  -0.0108169 
3.557  -0.0107868 
3.558  -0.0107567 
3.559  -0.0107267 
3.56  -0.0106969 
3.561  -0.0106671 
3.562  -0.0106375 
3.563  -0.0106079 
3.564  -0.0105784 
3.565  -0.010549 
3.566  -0.0105198 
3.567  -0.0104906 
3.568  -0.0104615 
3.569  -0.0104325 
3.57  -0.0104036 
3.571  -0.0103748 
3.572  -0.0103461 
3.573  -0.0103175 
3.574  -0.0102889 
3.575  -0.0102605 
3.576  -0.0102322 
3.577  -0.0102039 
3.578  -0.0101758 
3.579  -0.0101477 
3.58  -0.0101198 
3.581  -0.0100919 
3.582  -0.0100641 
3.583  -0.0100364 
3.584  -0.0100088 
3.585  -0.00998126 
3.586  -0.00995383 
3.587  -0.00992649 
3.588  -0.00989924 
3.589  -0.00987208 
3.59  -0.00984501 
3.591  -0.00981802 
3.592  -0.00979112 
3.593  -0.00976431 
3.594  -0.00973758 
3.595  -0.00971095 
3.596  -0.00968439 
3.597  -0.00965793 
3.598  -0.00963154 
3.599  -0.00960525 
3.6  -0.00957904 
3.601  -0.00955291 
3.602  -0.00952687 
3.603  -0.00950091 
3.604  -0.00947504 
3.605  -0.00944924 
3.606  -0.00942354 
3.607  -0.00939791 
3.608  -0.00937237 
3.609  -0.00934691 
3.61  -0.00932153 
3.611  -0.00929623 
3.612  -0.00927101 
3.613  -0.00924588 
3.614  -0.00922082 
3.615  -0.00919585 
3.616  -0.00917096 
3.617  -0.00914614 
3.618  -0.00912141 
3.619  -0.00909675 
3.62  -0.00907217 
3.621  -0.00904768 
3.622  -0.00902326 
3.623  -0.00899891 
3.624  -0.00897465 
3.625  -0.00895046 
3.626  -0.00892636 
3.627  -0.00890232 
3.628  -0.00887837 
3.629  -0.00885449 
3.63  -0.00883069 
3.631  -0.00880696 
3.632  -0.00878331 
3.633  -0.00875973 
3.634  -0.00873623 
3.635  -0.0087128 
3.636  -0.00868945 
3.637  -0.00866617 
3.638  -0.00864297 
3.639  -0.00861984 
3.64  -0.00859678 
3.641  -0.0085738 
3.642  -0.00855089 
3.643  -0.00852805 
3.644  -0.00850528 
3.645  -0.00848259 
3.646  -0.00845997 
3.647  -0.00843742 
3.648  -0.00841494 
3.649  -0.00839253 
3.65  -0.00837019 
3.651  -0.00834793 
3.652  -0.00832573 
3.653  -0.0083036 
3.654  -0.00828155 
3.655  -0.00825956 
3.656  -0.00823764 
3.657  -0.0082158 
3.658  -0.00819402 
3.659  -0.0081723 
3.66  -0.00815066 
3.661  -0.00812909 
3.662  -0.00810758 
3.663  -0.00808614 
3.664  -0.00806477 
3.665  -0.00804346 
3.666  -0.00802222 
3.667  -0.00800105 
3.668  -0.00797995 
3.669  -0.00795891 
3.67  -0.00793794 
3.671  -0.00791703 
3.672  -0.00789619 
3.673  -0.00787541 
3.674  -0.0078547 
3.675  -0.00783405 
3.676  -0.00781347 
3.677  -0.00779295 
3.678  -0.00777249 
3.679  -0.0077521 
3.68  -0.00773178 
3.681  -0.00771151 
3.682  -0.00769131 
3.683  -0.00767117 
3.684  -0.0076511 
3.685  -0.00763109 
3.686  -0.00761114 
3.687  -0.00759125 
3.688  -0.00757142 
3.689  -0.00755166 
3.69  -0.00753195 
3.691  -0.00751231 
3.692  -0.00749273 
3.693  -0.00747321 
3.694  -0.00745375 
3.695  -0.00743435 
3.696  -0.00741501 
3.697  -0.00739573 
3.698  -0.00737651 
3.699  -0.00735734 
3.7  -0.00733824 
3.701  -0.0073192 
3.702  -0.00730022 
3.703  -0.00728129 
3.704  -0.00726242 
3.705  -0.00724361 
3.706  -0.00722486 
3.707  -0.00720617 
3.708  -0.00718753 
3.709  -0.00716895 
3.71  -0.00715043 
3.711  -0.00713197 
3.712  -0.00711356 
3.713  -0.00709521 
3.714  -0.00707692 
3.715  -0.00705868 
3.716  -0.00704049 
3.717  -0.00702237 
3.718  -0.0070043 
3.719  -0.00698628 
3.72  -0.00696832 
3.721  -0.00695041 
3.722  -0.00693256 
3.723  -0.00691477 
3.724  -0.00689702 
3.725  -0.00687934 
3.726  -0.0068617 
3.727  -0.00684412 
3.728  -0.0068266 
3.729  -0.00680912 
3.73  -0.0067917 
3.731  -0.00677434 
3.732  -0.00675702 
3.733  -0.00673976 
3.734  -0.00672255 
3.735  -0.0067054 
3.736  -0.00668829 
3.737  -0.00667124 
3.738  -0.00665424 
3.739  -0.00663729 
3.74  -0.0066204 
3.741  -0.00660355 
3.742  -0.00658675 
3.743  -0.00657001 
3.744  -0.00655332 
3.745  -0.00653667 
3.746  -0.00652008 
3.747  -0.00650354 
3.748  -0.00648705 
3.749  -0.00647061 
3.75  -0.00645421 
3.751  -0.00643787 
3.752  -0.00642158 
3.753  -0.00640533 
3.754  -0.00638914 
3.755  -0.00637299 
3.756  -0.00635689 
3.757  -0.00634084 
3.758  -0.00632484 
3.759  -0.00630889 
3.76  -0.00629298 
3.761  -0.00627712 
3.762  -0.00626131 
3.763  -0.00624555 
3.764  -0.00622983 
3.765  -0.00621417 
3.766  -0.00619854 
3.767  -0.00618297 
3.768  -0.00616744 
3.769  -0.00615196 
3.77  -0.00613653 
3.771  -0.00612114 
3.772  -0.0061058 
3.773  -0.0060905 
3.774  -0.00607525 
3.775  -0.00606004 
3.776  -0.00604488 
3.777  -0.00602977 
3.778  -0.0060147 
3.779  -0.00599967 
3.78  -0.00598469 
3.781  -0.00596976 
3.782  -0.00595487 
3.783  -0.00594002 
3.784  -0.00592522 
3.785  -0.00591046 
3.786  -0.00589574 
3.787  -0.00588107 
3.788  -0.00586644 
3.789  -0.00585186 
3.79  -0.00583732 
3.791  -0.00582282 
3.792  -0.00580837 
3.793  -0.00579395 
3.794  -0.00577958 
3.795  -0.00576526 
3.796  -0.00575097 
3.797  -0.00573673 
3.798  -0.00572253 
3.799  -0.00570837 
3.8  -0.00569426 
3.801  -0.00568018 
3.802  -0.00566615 
3.803  -0.00565216 
3.804  -0.0056382 
3.805  -0.00562429 
3.806  -0.00561043 
3.807  -0.0055966 
3.808  -0.00558281 
3.809  -0.00556906 
3.81  -0.00555536 
3.811  -0.00554169 
3.812  -0.00552807 
3.813  -0.00551448 
3.814  -0.00550093 
3.815  -0.00548743 
3.816  -0.00547396 
3.817  -0.00546053 
3.818  -0.00544715 
3.819  -0.0054338 
3.82  -0.00542049 
3.821  -0.00540722 
3.822  -0.00539398 
3.823  -0.00538079 
3.824  -0.00536763 
3.825  -0.00535452 
3.826  -0.00534144 
3.827  -0.0053284 
3.828  -0.0053154 
3.829  -0.00530243 
3.83  -0.00528951 
3.831  -0.00527662 
3.832  -0.00526377 
3.833  -0.00525095 
3.834  -0.00523818 
3.835  -0.00522544 
3.836  -0.00521273 
3.837  -0.00520007 
3.838  -0.00518744 
3.839  -0.00517485 
3.84  -0.00516229 
3.841  -0.00514977 
3.842  -0.00513729 
3.843  -0.00512484 
3.844  -0.00511243 
3.845  -0.00510005 
3.846  -0.00508771 
3.847  -0.00507541 
3.848  -0.00506314 
3.849  -0.00505091 
3.85  -0.00503871 
3.851  -0.00502655 
3.852  -0.00501442 
3.853  -0.00500233 
3.854  -0.00499027 
3.855  -0.00497825 
3.856  -0.00496626 
3.857  -0.0049543 
3.858  -0.00494238 
3.859  -0.0049305 
3.86  -0.00491865 
3.861  -0.00490683 
3.862  -0.00489505 
3.863  -0.0048833 
3.864  -0.00487158 
3.865  -0.0048599 
3.866  -0.00484825 
3.867  -0.00483663 
3.868  -0.00482505 
3.869  -0.0048135 
3.87  -0.00480199 
3.871  -0.0047905 
3.872  -0.00477905 
3.873  -0.00476764 
3.874  -0.00475625 
3.875  -0.0047449 
3.876  -0.00473358 
3.877  -0.00472229 
3.878  -0.00471103 
3.879  -0.00469981 
3.88  -0.00468862 
3.881  -0.00467746 
3.882  -0.00466633 
3.883  -0.00465523 
3.884  -0.00464417 
3.885  -0.00463313 
3.886  -0.00462213 
3.887  -0.00461116 
3.888  -0.00460022 
3.889  -0.00458931 
3.89  -0.00457843 
3.891  -0.00456759 
3.892  -0.00455677 
3.893  -0.00454598 
3.894  -0.00453523 
3.895  -0.0045245 
3.896  -0.00451381 
3.897  -0.00450314 
3.898  -0.00449251 
3.899  -0.0044819 
3.9  -0.00447133 
3.901  -0.00446078 
3.902  -0.00445027 
3.903  -0.00443978 
3.904  -0.00442933 
3.905  -0.0044189 
3.906  -0.0044085 
3.907  -0.00439814 
3.908  -0.0043878 
3.909  -0.00437749 
3.91  -0.00436721 
3.911  -0.00435695 
3.912  -0.00434673 
3.913  -0.00433654 
3.914  -0.00432637 
3.915  -0.00431623 
3.916  -0.00430612 
3.917  -0.00429604 
3.918  -0.00428599 
3.919  -0.00427596 
3.92  -0.00426597 
3.921  -0.004256 
3.922  -0.00424606 
3.923  -0.00423615 
3.924  -0.00422626 
3.925  -0.0042164 
3.926  -0.00420657 
3.927  -0.00419677 
3.928  -0.00418699 
3.929  -0.00417724 
3.93  -0.00416752 
3.931  -0.00415783 
3.932  -0.00414816 
3.933  -0.00413852 
3.934  -0.00412891 
3.935  -0.00411932 
3.936  -0.00410976 
3.937  -0.00410022 
3.938  -0.00409072 
3.939  -0.00408124 
3.94  -0.00407178 
3.941  -0.00406235 
3.942  -0.00405295 
3.943  -0.00404357 
3.944  -0.00403422 
3.945  -0.0040249 
3.946  -0.0040156 
3.947  -0.00400632 
3.948  -0.00399708 
3.949  -0.00398785 
3.95  -0.00397866 
3.951  -0.00396948 
3.952  -0.00396034 
3.953  -0.00395122 
3.954  -0.00394212 
3.955  -0.00393305 
3.956  -0.003924 
3.957  -0.00391498 
3.958  -0.00390599 
3.959  -0.00389701 
3.96  -0.00388807 
3.961  -0.00387914 
3.962  -0.00387025 
3.963  -0.00386137 
3.964  -0.00385252 
3.965  -0.0038437 
3.966  -0.0038349 
3.967  -0.00382612 
3.968  -0.00381737 
3.969  -0.00380864 
3.97  -0.00379993 
3.971  -0.00379125 
3.972  -0.00378259 
3.973  -0.00377396 
3.974  -0.00376535 
3.975  -0.00375676 
3.976  -0.0037482 
3.977  -0.00373966 
3.978  -0.00373114 
3.979  -0.00372265 
3.98  -0.00371418 
3.981  -0.00370573 
3.982  -0.0036973 
3.983  -0.0036889 
3.984  -0.00368052 
3.985  -0.00367217 
3.986  -0.00366383 
3.987  -0.00365552 
3.988  -0.00364723 
3.989  -0.00363897 
3.99  -0.00363072 
3.991  -0.0036225 
3.992  -0.0036143 
3.993  -0.00360613 
3.994  -0.00359797 
3.995  -0.00358984 
3.996  -0.00358173 
3.997  -0.00357364 
3.998  -0.00356557 
3.999  -0.00355753 
4  -0.0035495 
4.001  -0.0035415 
4.002  -0.00353352 
4.003  -0.00352556 
4.004  -0.00351763 
4.005  -0.00350971 
4.006  -0.00350181 
4.007  -0.00349394 
4.008  -0.00348609 
4.009  -0.00347826 
4.01  -0.00347045 
4.011  -0.00346266 
4.012  -0.00345489 
4.013  -0.00344714 
4.014  -0.00343941 
4.015  -0.00343171 
4.016  -0.00342402 
4.017  -0.00341636 
4.018  -0.00340871 
4.019  -0.00340109 
4.02  -0.00339349 
4.021  -0.0033859 
4.022  -0.00337834 
4.023  -0.0033708 
4.024  -0.00336327 
4.025  -0.00335577 
4.026  -0.00334829 
4.027  -0.00334083 
4.028  -0.00333338 
4.029  -0.00332596 
4.03  -0.00331856 
4.031  -0.00331117 
4.032  -0.00330381 
4.033  -0.00329646 
4.034  -0.00328914 
4.035  -0.00328183 
4.036  -0.00327455 
4.037  -0.00326728 
4.038  -0.00326003 
4.039  -0.00325281 
4.04  -0.0032456 
4.041  -0.00323841 
4.042  -0.00323124 
4.043  -0.00322408 
4.044  -0.00321695 
4.045  -0.00320984 
4.046  -0.00320274 
4.047  -0.00319566 
4.048  -0.00318861 
4.049  -0.00318157 
4.05  -0.00317455 
4.051  -0.00316754 
4.052  -0.00316056 
4.053  -0.00315359 
4.054  -0.00314665 
4.055  -0.00313972 
4.056  -0.00313281 
4.057  -0.00312592 
4.058  -0.00311904 
4.059  -0.00311219 
4.06  -0.00310535 
4.061  -0.00309853 
4.062  -0.00309172 
4.063  -0.00308494 
4.064  -0.00307817 
4.065  -0.00307142 
4.066  -0.00306469 
4.067  -0.00305798 
4.068  -0.00305128 
4.069  -0.00304461 
4.07  -0.00303794 
4.071  -0.0030313 
4.072  -0.00302467 
4.073  -0.00301807 
4.074  -0.00301147 
4.075  -0.0030049 
4.076  -0.00299834 
4.077  -0.0029918 
4.078  -0.00298528 
4.079  -0.00297877 
4.08  -0.00297228 
4.081  -0.00296581 
4.082  -0.00295935 
4.083  -0.00295292 
4.084  -0.00294649 
4.085  -0.00294009 
4.086  -0.0029337 
4.087  -0.00292733 
4.088  -0.00292097 
4.089  -0.00291463 
4.09  -0.00290831 
4.091  -0.002902 
4.092  -0.00289571 
4.093  -0.00288944 
4.094  -0.00288318 
4.095  -0.00287694 
4.096  -0.00287072 
4.097  -0.00286451 
4.098  -0.00285832 
4.099  -0.00285214 
4.1  -0.00284598 
4.101  -0.00283983 
4.102  -0.0028337 
4.103  -0.00282759 
4.104  -0.00282149 
4.105  -0.00281541 
4.106  -0.00280934 
4.107  -0.00280329 
4.108  -0.00279726 
4.109  -0.00279124 
4.11  -0.00278524 
4.111  -0.00277925 
4.112  -0.00277327 
4.113  -0.00276732 
4.114  -0.00276137 
4.115  -0.00275545 
4.116  -0.00274953 
4.117  -0.00274364 
4.118  -0.00273775 
4.119  -0.00273189 
4.12  -0.00272604 
4.121  -0.0027202 
4.122  -0.00271438 
4.123  -0.00270857 
4.124  -0.00270278 
4.125  -0.002697 
4.126  -0.00269124 
4.127  -0.00268549 
4.128  -0.00267976 
4.129  -0.00267404 
4.13  -0.00266833 
4.131  -0.00266265 
4.132  -0.00265697 
4.133  -0.00265131 
4.134  -0.00264566 
4.135  -0.00264003 
4.136  -0.00263441 
4.137  -0.00262881 
4.138  -0.00262322 
4.139  -0.00261765 
4.14  -0.00261209 
4.141  -0.00260654 
4.142  -0.00260101 
4.143  -0.00259549 
4.144  -0.00258999 
4.145  -0.00258449 
4.146  -0.00257902 
4.147  -0.00257356 
4.148  -0.00256811 
4.149  -0.00256267 
4.15  -0.00255725 
4.151  -0.00255184 
4.152  -0.00254645 
4.153  -0.00254107 
4.154  -0.0025357 
4.155  -0.00253035 
4.156  -0.00252501 
4.157  -0.00251968 
4.158  -0.00251437 
4.159  -0.00250907 
4.16  -0.00250378 
4.161  -0.00249851 
4.162  -0.00249325 
4.163  -0.00248801 
4.164  -0.00248277 
4.165  -0.00247755 
4.166  -0.00247235 
4.167  -0.00246715 
4.168  -0.00246197 
4.169  -0.0024568 
4.17  -0.00245165 
4.171  -0.00244651 
4.172  -0.00244138 
4.173  -0.00243626 
4.174  -0.00243116 
4.175  -0.00242607 
4.176  -0.00242099 
4.177  -0.00241592 
4.178  -0.00241087 
4.179  -0.00240583 
4.18  -0.0024008 
4.181  -0.00239579 
4.182  -0.00239079 
4.183  -0.0023858 
4.184  -0.00238082 
4.185  -0.00237586 
4.186  -0.0023709 
4.187  -0.00236596 
4.188  -0.00236103 
4.189  -0.00235612 
4.19  -0.00235122 
4.191  -0.00234632 
4.192  -0.00234144 
4.193  -0.00233658 
4.194  -0.00233172 
4.195  -0.00232688 
4.196  -0.00232205 
4.197  -0.00231723 
4.198  -0.00231242 
4.199  -0.00230763 
4.2  -0.00230285 
4.201  -0.00229807 
4.202  -0.00229331 
4.203  -0.00228857 
4.204  -0.00228383 
4.205  -0.00227911 
4.206  -0.00227439 
4.207  -0.00226969 
4.208  -0.002265 
4.209  -0.00226033 
4.21  -0.00225566 
4.211  -0.002251 
4.212  -0.00224636 
4.213  -0.00224173 
4.214  -0.00223711 
4.215  -0.0022325 
4.216  -0.0022279 
4.217  -0.00222332 
4.218  -0.00221874 
4.219  -0.00221418 
4.22  -0.00220962 
4.221  -0.00220508 
4.222  -0.00220055 
4.223  -0.00219603 
4.224  -0.00219152 
4.225  -0.00218703 
4.226  -0.00218254 
4.227  -0.00217807 
4.228  -0.0021736 
4.229  -0.00216915 
4.23  -0.00216471 
4.231  -0.00216027 
4.232  -0.00215585 
4.233  -0.00215144 
4.234  -0.00214705 
4.235  -0.00214266 
4.236  -0.00213828 
4.237  -0.00213391 
4.238  -0.00212956 
4.239  -0.00212521 
4.24  -0.00212088 
4.241  -0.00211655 
4.242  -0.00211224 
4.243  -0.00210793 
4.244  -0.00210364 
4.245  -0.00209936 
4.246  -0.00209509 
4.247  -0.00209082 
4.248  -0.00208657 
4.249  -0.00208233 
4.25  -0.0020781 
4.251  -0.00207388 
4.252  -0.00206967 
4.253  -0.00206547 
4.254  -0.00206128 
4.255  -0.0020571 
4.256  -0.00205293 
4.257  -0.00204877 
4.258  -0.00204462 
4.259  -0.00204048 
4.26  -0.00203635 
4.261  -0.00203223 
4.262  -0.00202812 
4.263  -0.00202402 
4.264  -0.00201993 
4.265  -0.00201585 
4.266  -0.00201178 
4.267  -0.00200772 
4.268  -0.00200367 
4.269  -0.00199963 
4.27  -0.0019956 
4.271  -0.00199158 
4.272  -0.00198757 
4.273  -0.00198356 
4.274  -0.00197957 
4.275  -0.00197559 
4.276  -0.00197162 
4.277  -0.00196765 
4.278  -0.0019637 
4.279  -0.00195975 
4.28  -0.00195582 
4.281  -0.00195189 
4.282  -0.00194798 
4.283  -0.00194407 
4.284  -0.00194017 
4.285  -0.00193628 
4.286  -0.0019324 
4.287  -0.00192853 
4.288  -0.00192467 
4.289  -0.00192082 
4.29  -0.00191698 
4.291  -0.00191315 
4.292  -0.00190932 
4.293  -0.00190551 
4.294  -0.0019017 
4.295  -0.00189791 
4.296  -0.00189412 
4.297  -0.00189034 
4.298  -0.00188657 
4.299  -0.00188281 
4.3  -0.00187906 
4.301  -0.00187532 
4.302  -0.00187158 
4.303  -0.00186786 
4.304  -0.00186414 
4.305  -0.00186044 
4.306  -0.00185674 
4.307  -0.00185305 
4.308  -0.00184937 
4.309  -0.0018457 
4.31  -0.00184203 
4.311  -0.00183838 
4.312  -0.00183473 
4.313  -0.00183109 
4.314  -0.00182746 
4.315  -0.00182384 
4.316  -0.00182023 
4.317  -0.00181663 
4.318  -0.00181304 
4.319  -0.00180945 
4.32  -0.00180587 
4.321  -0.0018023 
4.322  -0.00179874 
4.323  -0.00179519 
4.324  -0.00179164 
4.325  -0.00178811 
4.326  -0.00178458 
4.327  -0.00178106 
4.328  -0.00177755 
4.329  -0.00177405 
4.33  -0.00177055 
4.331  -0.00176707 
4.332  -0.00176359 
4.333  -0.00176012 
4.334  -0.00175666 
4.335  -0.00175321 
4.336  -0.00174976 
4.337  -0.00174632 
4.338  -0.00174289 
4.339  -0.00173947 
4.34  -0.00173606 
4.341  -0.00173265 
4.342  -0.00172926 
4.343  -0.00172587 
4.344  -0.00172249 
4.345  -0.00171911 
4.346  -0.00171575 
4.347  -0.00171239 
4.348  -0.00170904 
4.349  -0.0017057 
4.35  -0.00170236 
4.351  -0.00169904 
4.352  -0.00169572 
4.353  -0.00169241 
4.354  -0.0016891 
4.355  -0.00168581 
4.356  -0.00168252 
4.357  -0.00167924 
4.358  -0.00167597 
4.359  -0.0016727 
4.36  -0.00166945 
4.361  -0.0016662 
4.362  -0.00166295 
4.363  -0.00165972 
4.364  -0.00165649 
4.365  -0.00165327 
4.366  -0.00165006 
4.367  -0.00164685 
4.368  -0.00164366 
4.369  -0.00164047 
4.37  -0.00163728 
4.371  -0.00163411 
4.372  -0.00163094 
4.373  -0.00162778 
4.374  -0.00162463 
4.375  -0.00162148 
4.376  -0.00161834 
4.377  -0.00161521 
4.378  -0.00161209 
4.379  -0.00160897 
4.38  -0.00160586 
4.381  -0.00160276 
4.382  -0.00159966 
4.383  -0.00159657 
4.384  -0.00159349 
4.385  -0.00159042 
4.386  -0.00158735 
4.387  -0.00158429 
4.388  -0.00158124 
4.389  -0.00157819 
4.39  -0.00157515 
4.391  -0.00157212 
4.392  -0.00156909 
4.393  -0.00156607 
4.394  -0.00156306 
4.395  -0.00156006 
4.396  -0.00155706 
4.397  -0.00155407 
4.398  -0.00155109 
4.399  -0.00154811 
4.4  -0.00154514 
4.401  -0.00154218 
4.402  -0.00153922 
4.403  -0.00153627 
4.404  -0.00153333 
4.405  -0.00153039 
4.406  -0.00152746 
4.407  -0.00152454 
4.408  -0.00152162 
4.409  -0.00151871 
4.41  -0.00151581 
4.411  -0.00151291 
4.412  -0.00151002 
4.413  -0.00150714 
4.414  -0.00150426 
4.415  -0.00150139 
4.416  -0.00149853 
4.417  -0.00149567 
4.418  -0.00149282 
4.419  -0.00148998 
4.42  -0.00148714 
4.421  -0.00148431 
4.422  -0.00148148 
4.423  -0.00147867 
4.424  -0.00147585 
4.425  -0.00147305 
4.426  -0.00147025 
4.427  -0.00146746 
4.428  -0.00146467 
4.429  -0.00146189 
4.43  -0.00145912 
4.431  -0.00145635 
4.432  -0.00145359 
4.433  -0.00145083 
4.434  -0.00144808 
4.435  -0.00144534 
4.436  -0.0014426 
4.437  -0.00143987 
4.438  -0.00143715 
4.439  -0.00143443 
4.44  -0.00143172 
4.441  -0.00142901 
4.442  -0.00142631 
4.443  -0.00142362 
4.444  -0.00142093 
4.445  -0.00141825 
4.446  -0.00141557 
4.447  -0.00141291 
4.448  -0.00141024 
4.449  -0.00140758 
4.45  -0.00140493 
4.451  -0.00140229 
4.452  -0.00139965 
4.453  -0.00139701 
4.454  -0.00139439 
4.455  -0.00139176 
4.456  -0.00138915 
4.457  -0.00138654 
4.458  -0.00138393 
4.459  -0.00138134 
4.46  -0.00137874 
4.461  -0.00137616 
4.462  -0.00137357 
4.463  -0.001371 
4.464  -0.00136843 
4.465  -0.00136587 
4.466  -0.00136331 
4.467  -0.00136076 
4.468  -0.00135821 
4.469  -0.00135567 
4.47  -0.00135313 
4.471  -0.0013506 
4.472  -0.00134808 
4.473  -0.00134556 
4.474  -0.00134305 
4.475  -0.00134054 
4.476  -0.00133804 
4.477  -0.00133554 
4.478  -0.00133305 
4.479  -0.00133057 
4.48  -0.00132809 
4.481  -0.00132561 
4.482  -0.00132314 
4.483  -0.00132068 
4.484  -0.00131822 
4.485  -0.00131577 
4.486  -0.00131333 
4.487  -0.00131088 
4.488  -0.00130845 
4.489  -0.00130602 
4.49  -0.00130359 
4.491  -0.00130117 
4.492  -0.00129876 
4.493  -0.00129635 
4.494  -0.00129395 
4.495  -0.00129155 
4.496  -0.00128915 
4.497  -0.00128677 
4.498  -0.00128438 
4.499  -0.00128201 
4.5  -0.00127963 
4.501  -0.00127727 
4.502  -0.00127491 
4.503  -0.00127255 
4.504  -0.0012702 
4.505  -0.00126785 
4.506  -0.00126551 
4.507  -0.00126318 
4.508  -0.00126085 
4.509  -0.00125852 
4.51  -0.0012562 
4.511  -0.00125388 
4.512  -0.00125157 
4.513  -0.00124927 
4.514  -0.00124697 
4.515  -0.00124467 
4.516  -0.00124238 
4.517  -0.0012401 
4.518  -0.00123782 
4.519  -0.00123554 
4.52  -0.00123327 
4.521  -0.00123101 
4.522  -0.00122875 
4.523  -0.00122649 
4.524  -0.00122424 
4.525  -0.001222 
4.526  -0.00121976 
4.527  -0.00121752 
4.528  -0.00121529 
4.529  -0.00121307 
4.53  -0.00121085 
4.531  -0.00120863 
4.532  -0.00120642 
4.533  -0.00120421 
4.534  -0.00120201 
4.535  -0.00119981 
4.536  -0.00119762 
4.537  -0.00119544 
4.538  -0.00119325 
4.539  -0.00119108 
4.54  -0.0011889 
4.541  -0.00118673 
4.542  -0.00118457 
4.543  -0.00118241 
4.544  -0.00118026 
4.545  -0.00117811 
4.546  -0.00117596 
4.547  -0.00117382 
4.548  -0.00117169 
4.549  -0.00116956 
4.55  -0.00116743 
4.551  -0.00116531 
4.552  -0.00116319 
4.553  -0.00116108 
4.554  -0.00115897 
4.555  -0.00115687 
4.556  -0.00115477 
4.557  -0.00115267 
4.558  -0.00115058 
4.559  -0.0011485 
4.56  -0.00114642 
4.561  -0.00114434 
4.562  -0.00114227 
4.563  -0.0011402 
4.564  -0.00113814 
4.565  -0.00113608 
4.566  -0.00113403 
4.567  -0.00113198 
4.568  -0.00112993 
4.569  -0.00112789 
4.57  -0.00112586 
4.571  -0.00112382 
4.572  -0.0011218 
4.573  -0.00111977 
4.574  -0.00111775 
4.575  -0.00111574 
4.576  -0.00111373 
4.577  -0.00111172 
4.578  -0.00110972 
4.579  -0.00110772 
4.58  -0.00110573 
4.581  -0.00110374 
4.582  -0.00110176 
4.583  -0.00109978 
4.584  -0.0010978 
4.585  -0.00109583 
4.586  -0.00109386 
4.587  -0.0010919 
4.588  -0.00108994 
4.589  -0.00108798 
4.59  -0.00108603 
4.591  -0.00108409 
4.592  -0.00108214 
4.593  -0.00108021 
4.594  -0.00107827 
4.595  -0.00107634 
4.596  -0.00107442 
4.597  -0.00107249 
4.598  -0.00107058 
4.599  -0.00106866 
4.6  -0.00106675 
4.601  -0.00106485 
4.602  -0.00106295 
4.603  -0.00106105 
4.604  -0.00105915 
4.605  -0.00105727 
4.606  -0.00105538 
4.607  -0.0010535 
4.608  -0.00105162 
4.609  -0.00104975 
4.61  -0.00104788 
4.611  -0.00104601 
4.612  -0.00104415 
4.613  -0.00104229 
4.614  -0.00104044 
4.615  -0.00103859 
4.616  -0.00103674 
4.617  -0.0010349 
4.618  -0.00103306 
4.619  -0.00103123 
4.62  -0.0010294 
4.621  -0.00102757 
4.622  -0.00102575 
4.623  -0.00102393 
4.624  -0.00102212 
4.625  -0.00102031 
4.626  -0.0010185 
4.627  -0.00101669 
4.628  -0.0010149 
4.629  -0.0010131 
4.63  -0.00101131 
4.631  -0.00100952 
4.632  -0.00100773 
4.633  -0.00100595 
4.634  -0.00100418 
4.635  -0.0010024 
4.636  -0.00100063 
4.637  -0.000998868 
4.638  -0.000997106 
4.639  -0.000995348 
4.64  -0.000993593 
4.641  -0.000991842 
4.642  -0.000990094 
4.643  -0.000988351 
4.644  -0.000986611 
4.645  -0.000984874 
4.646  -0.000983141 
4.647  -0.000981412 
4.648  -0.000979687 
4.649  -0.000977965 
4.65  -0.000976246 
4.651  -0.000974532 
4.652  -0.000972821 
4.653  -0.000971113 
4.654  -0.000969409 
4.655  -0.000967709 
4.656  -0.000966012 
4.657  -0.000964318 
4.658  -0.000962628 
4.659  -0.000960942 
4.66  -0.000959259 
4.661  -0.00095758 
4.662  -0.000955904 
4.663  -0.000954232 
4.664  -0.000952563 
4.665  -0.000950898 
4.666  -0.000949236 
4.667  -0.000947577 
4.668  -0.000945923 
4.669  -0.000944271 
4.67  -0.000942623 
4.671  -0.000940978 
4.672  -0.000939337 
4.673  -0.000937699 
4.674  -0.000936065 
4.675  -0.000934433 
4.676  -0.000932806 
4.677  -0.000931181 
4.678  -0.000929561 
4.679  -0.000927943 
4.68  -0.000926329 
4.681  -0.000924718 
4.682  -0.00092311 
4.683  -0.000921506 
4.684  -0.000919905 
4.685  -0.000918307 
4.686  -0.000916713 
4.687  -0.000915122 
4.688  -0.000913534 
4.689  -0.00091195 
4.69  -0.000910369 
4.691  -0.000908791 
4.692  -0.000907216 
4.693  -0.000905644 
4.694  -0.000904076 
4.695  -0.000902511 
4.696  -0.00090095 
4.697  -0.000899391 
4.698  -0.000897836 
4.699  -0.000896284 
4.7  -0.000894735 
4.701  -0.000893189 
4.702  -0.000891646 
4.703  -0.000890107 
4.704  -0.000888571 
4.705  -0.000887037 
4.706  -0.000885508 
4.707  -0.000883981 
4.708  -0.000882457 
4.709  -0.000880936 
4.71  -0.000879419 
4.711  -0.000877905 
4.712  -0.000876393 
4.713  -0.000874885 
4.714  -0.00087338 
4.715  -0.000871878 
4.716  -0.000870379 
4.717  -0.000868884 
4.718  -0.000867391 
4.719  -0.000865901 
4.72  -0.000864414 
4.721  -0.000862931 
4.722  -0.00086145 
4.723  -0.000859973 
4.724  -0.000858498 
4.725  -0.000857026 
4.726  -0.000855558 
4.727  -0.000854092 
4.728  -0.00085263 
4.729  -0.00085117 
4.73  -0.000849713 
4.731  -0.00084826 
4.732  -0.000846809 
4.733  -0.000845361 
4.734  -0.000843916 
4.735  -0.000842474 
4.736  -0.000841035 
4.737  -0.000839599 
4.738  -0.000838166 
4.739  -0.000836736 
4.74  -0.000835309 
4.741  -0.000833884 
4.742  -0.000832463 
4.743  -0.000831044 
4.744  -0.000829628 
4.745  -0.000828215 
4.746  -0.000826805 
4.747  -0.000825398 
4.748  -0.000823994 
4.749  -0.000822592 
4.75  -0.000821194 
4.751  -0.000819798 
4.752  -0.000818405 
4.753  -0.000817015 
4.754  -0.000815627 
4.755  -0.000814243 
4.756  -0.000812861 
4.757  -0.000811482 
4.758  -0.000810105 
4.759  -0.000808732 
4.76  -0.000807361 
4.761  -0.000805993 
4.762  -0.000804628 
4.763  -0.000803266 
4.764  -0.000801906 
4.765  -0.000800549 
4.766  -0.000799195 
4.767  -0.000797843 
4.768  -0.000796495 
4.769  -0.000795149 
4.77  -0.000793805 
4.771  -0.000792465 
4.772  -0.000791127 
4.773  -0.000789791 
4.774  -0.000788459 
4.775  -0.000787129 
4.776  -0.000785801 
4.777  -0.000784477 
4.778  -0.000783155 
4.779  -0.000781836 
4.78  -0.000780519 
4.781  -0.000779205 
4.782  -0.000777893 
4.783  -0.000776585 
4.784  -0.000775278 
4.785  -0.000773975 
4.786  -0.000772674 
4.787  -0.000771376 
4.788  -0.00077008 
4.789  -0.000768787 
4.79  -0.000767496 
4.791  -0.000766208 
4.792  -0.000764923 
4.793  -0.00076364 
4.794  -0.00076236 
4.795  -0.000761082 
4.796  -0.000759807 
4.797  -0.000758534 
4.798  -0.000757264 
4.799  -0.000755996 
4.8  -0.000754731 
4.801  -0.000753468 
4.802  -0.000752208 
4.803  -0.000750951 
4.804  -0.000749696 
4.805  -0.000748443 
4.806  -0.000747193 
4.807  -0.000745945 
4.808  -0.0007447 
4.809  -0.000743458 
4.81  -0.000742217 
4.811  -0.00074098 
4.812  -0.000739744 
4.813  -0.000738512 
4.814  -0.000737281 
4.815  -0.000736053 
4.816  -0.000734828 
4.817  -0.000733605 
4.818  -0.000732384 
4.819  -0.000731166 
4.82  -0.00072995 
4.821  -0.000728736 
4.822  -0.000727525 
4.823  -0.000726316 
4.824  -0.00072511 
4.825  -0.000723906 
4.826  -0.000722705 
4.827  -0.000721506 
4.828  -0.000720309 
4.829  -0.000719114 
4.83  -0.000717922 
4.831  -0.000716733 
4.832  -0.000715545 
4.833  -0.00071436 
4.834  -0.000713177 
4.835  -0.000711997 
4.836  -0.000710819 
4.837  -0.000709643 
4.838  -0.00070847 
4.839  -0.000707298 
4.84  -0.00070613 
4.841  -0.000704963 
4.842  -0.000703799 
4.843  -0.000702637 
4.844  -0.000701477 
4.845  -0.00070032 
4.846  -0.000699165 
4.847  -0.000698012 
4.848  -0.000696861 
4.849  -0.000695713 
4.85  -0.000694567 
4.851  -0.000693423 
4.852  -0.000692281 
4.853  -0.000691142 
4.854  -0.000690004 
4.855  -0.000688869 
4.856  -0.000687737 
4.857  -0.000686606 
4.858  -0.000685478 
4.859  -0.000684352 
4.86  -0.000683228 
4.861  -0.000682106 
4.862  -0.000680986 
4.863  -0.000679869 
4.864  -0.000678754 
4.865  -0.000677641 
4.866  -0.00067653 
4.867  -0.000675421 
4.868  -0.000674315 
4.869  -0.00067321 
4.87  -0.000672108 
4.871  -0.000671008 
4.872  -0.00066991 
4.873  -0.000668814 
4.874  -0.000667721 
4.875  -0.000666629 
4.876  -0.00066554 
4.877  -0.000664452 
4.878  -0.000663367 
4.879  -0.000662284 
4.88  -0.000661203 
4.881  -0.000660124 
4.882  -0.000659047 
4.883  -0.000657973 
4.884  -0.0006569 
4.885  -0.000655829 
4.886  -0.000654761 
4.887  -0.000653694 
4.888  -0.00065263 
4.889  -0.000651568 
4.89  -0.000650508 
4.891  -0.000649449 
4.892  -0.000648393 
4.893  -0.000647339 
4.894  -0.000646287 
4.895  -0.000645237 
4.896  -0.000644189 
4.897  -0.000643143 
4.898  -0.000642099 
4.899  -0.000641057 
4.9  -0.000640017 
4.901  -0.000638979 
4.902  -0.000637943 
4.903  -0.000636909 
4.904  -0.000635877 
4.905  -0.000634847 
4.906  -0.000633819 
4.907  -0.000632793 
4.908  -0.000631769 
4.909  -0.000630747 
4.91  -0.000629727 
4.911  -0.000628708 
4.912  -0.000627692 
4.913  -0.000626678 
4.914  -0.000625666 
4.915  -0.000624655 
4.916  -0.000623647 
4.917  -0.00062264 
4.918  -0.000621636 
4.919  -0.000620633 
4.92  -0.000619632 
4.921  -0.000618633 
4.922  -0.000617637 
4.923  -0.000616641 
4.924  -0.000615648 
4.925  -0.000614657 
4.926  -0.000613668 
4.927  -0.00061268 
4.928  -0.000611695 
4.929  -0.000610711 
4.93  -0.000609729 
4.931  -0.00060875 
4.932  -0.000607772 
4.933  -0.000606795 
4.934  -0.000605821 
4.935  -0.000604849 
4.936  -0.000603878 
4.937  -0.000602909 
4.938  -0.000601942 
4.939  -0.000600977 
4.94  -0.000600014 
4.941  -0.000599053 
4.942  -0.000598093 
4.943  -0.000597135 
4.944  -0.00059618 
4.945  -0.000595225 
4.946  -0.000594273 
4.947  -0.000593323 
4.948  -0.000592374 
4.949  -0.000591427 
4.95  -0.000590482 
4.951  -0.000589539 
4.952  -0.000588597 
4.953  -0.000587658 
4.954  -0.00058672 
4.955  -0.000585784 
4.956  -0.000584849 
4.957  -0.000583917 
4.958  -0.000582986 
4.959  -0.000582057 
4.96  -0.000581129 
4.961  -0.000580204 
4.962  -0.00057928 
4.963  -0.000578358 
4.964  -0.000577437 
4.965  -0.000576519 
4.966  -0.000575602 
4.967  -0.000574687 
4.968  -0.000573773 
4.969  -0.000572862 
4.97  -0.000571952 
4.971  -0.000571044 
4.972  -0.000570137 
4.973  -0.000569232 
4.974  -0.000568329 
4.975  -0.000567428 
4.976  -0.000566528 
4.977  -0.00056563 
4.978  -0.000564734 
4.979  -0.000563839 
4.98  -0.000562946 
4.981  -0.000562055 
4.982  -0.000561165 
4.983  -0.000560277 
4.984  -0.000559391 
4.985  -0.000558506 
4.986  -0.000557623 
4.987  -0.000556742 
4.988  -0.000555862 
4.989  -0.000554984 
4.99  -0.000554108 
4.991  -0.000553233 
4.992  -0.00055236 
4.993  -0.000551489 
4.994  -0.000550619 
4.995  -0.000549751 
4.996  -0.000548884 
4.997  -0.000548019 
4.998  -0.000547156 
4.999  -0.000546294 
5  -0.000545434 
