0.001  1.13534e+72 
0.002  3.27335e+79 
0.003  2.91499e+69 
0.004  2.69641e+72 
0.005  4.75021e+66 
0.006  8.46911e+59 
0.007  5.89764e+67 
0.008  1.96942e+63 
0.009  2.10483e+77 
0.01  5.71146e+68 
0.011  8.98083e+69 
0.012  5.73983e+68 
0.013  2.65369e+65 
0.014  1.34457e+65 
0.015  2.56478e+78 
0.016  6.73269e+71 
0.017  6.16838e+68 
0.018  2.56477e+73 
0.019  3.7857e+62 
0.02  3.2203e+58 
0.021  2.52346e+58 
0.022  2.51916e+60 
0.023  5.94219e+62 
0.024  6.75227e+85 
0.025  2.26792e+53 
0.026  3.47424e+65 
0.027  1.8075e+68 
0.028  2.26764e+63 
0.029  1.84515e+65 
0.03  5.69325e+54 
0.031  2.02686e+72 
0.032  1.00464e+57 
0.033  1.02777e+71 
0.034  6.03321e+68 
0.035  1.26662e+56 
0.036  1.17744e+68 
0.037  7.07561e+66 
0.038  1.46504e+72 
0.039  1.47974e+60 
0.04  3.79058e+59 
0.041  9.89989e+63 
0.042  7.79364e+65 
0.043  6.26432e+64 
0.044  5.85963e+57 
0.045  2.85488e+73 
0.046  3.2841e+65 
0.047  1.4636e+75 
0.048  3.89237e+65 
0.049  4.67106e+60 
0.05  3.39002e+60 
0.051  1.58757e+79 
0.052  2.78185e+70 
0.053  2.92103e+60 
0.054  9.79245e+63 
0.055  1.06592e+76 
0.056  2.99297e+65 
0.057  8.87506e+58 
0.058  3.62003e+59 
0.059  2.94774e+67 
0.06  9.12439e+72 
0.061  1.89983e+61 
0.062  8.03634e+61 
0.063  1.75101e+61 
0.064  5.14171e+63 
0.065  3.28203e+58 
0.066  2.39037e+68 
0.067  1.27876e+69 
0.068  3.25285e+58 
0.069  1.80298e+60 
0.07  3.88803e+62 
0.071  3.95025e+74 
0.072  1.26537e+70 
0.073  3.18068e+55 
0.074  9.42738e+69 
0.075  1.89272e+58 
0.076  7.55856e+69 
0.077  1.56944e+54 
0.078  1.87598e+65 
0.079  3.35019e+63 
0.08  3.8487e+81 
0.081  5.36438e+62 
0.082  2.08399e+67 
0.083  5.49896e+62 
0.084  5.68164e+59 
0.085  7.99166e+64 
0.086  4.56457e+60 
0.087  1.58396e+73 
0.088  1.31958e+65 
0.089  1.51872e+73 
0.09  6.19979e+72 
0.091  2.49797e+67 
0.092  6.5331e+62 
0.093  5.7787e+58 
0.094  1.33895e+67 
0.095  4.41878e+77 
0.096  3.89403e+56 
0.097  6.89169e+65 
0.098  2.66622e+65 
0.099  5.00669e+62 
0.1  6.09437e+63 
0.101  3.73583e+66 
0.102  4.68583e+58 
0.103  1.12098e+61 
0.104  6.68576e+60 
0.105  2.52216e+75 
0.106  4.39054e+60 
0.107  4.41263e+74 
0.108  2.20115e+72 
0.109  1.72921e+72 
0.11  3.78194e+56 
0.111  1.9243e+66 
0.112  2.71501e+69 
0.113  2.35312e+61 
0.114  1.55549e+69 
0.115  1.98702e+56 
0.116  1.83847e+64 
0.117  2.50849e+59 
0.118  5.66681e+55 
0.119  2.85571e+61 
0.12  9.35244e+58 
0.121  6.3474e+60 
0.122  6.39403e+55 
0.123  3.88913e+61 
0.124  4.69228e+52 
0.125  2.7065e+58 
0.126  2.56943e+68 
0.127  3.273e+58 
0.128  1.40124e+60 
0.129  2.92445e+72 
0.13  6.88689e+75 
0.131  1.33421e+59 
0.132  5.28769e+62 
0.133  1.21783e+63 
0.134  2.70327e+67 
0.135  3.10124e+67 
0.136  2.64638e+62 
0.137  5.68056e+64 
0.138  1.75446e+67 
0.139  8.6154e+59 
0.14  7.08897e+61 
0.141  6.22219e+58 
0.142  8.78609e+60 
0.143  2.98655e+59 
0.144  2.38301e+65 
0.145  1.08439e+78 
0.146  5.30246e+77 
0.147  5.10033e+66 
0.148  1.05942e+72 
0.149  2.23223e+59 
0.15  2.45943e+59 
0.151  4.80529e+55 
0.152  1.93727e+68 
0.153  2.81898e+62 
0.154  1.99549e+61 
0.155  2.73961e+63 
0.156  1.47856e+64 
0.157  1.21431e+66 
0.158  5.95498e+62 
0.159  1.30362e+62 
0.16  2.27652e+59 
0.161  1.52104e+72 
0.162  1.39011e+64 
0.163  1.68643e+62 
0.164  3.74255e+66 
0.165  5.60689e+64 
0.166  1.29297e+63 
0.167  2.32835e+62 
0.168  5.60332e+59 
0.169  3.66587e+65 
0.17  2.29261e+61 
0.171  2.158e+58 
0.172  3.3271e+66 
0.173  3.76604e+59 
0.174  2.51879e+72 
0.175  5.2588e+73 
0.176  2.74976e+66 
0.177  3.17875e+63 
0.178  4.24475e+58 
0.179  7.06353e+62 
0.18  8.71345e+55 
0.181  2.31183e+66 
0.182  1.23464e+63 
0.183  1.7389e+71 
0.184  1.44248e+62 
0.185  2.03458e+57 
0.186  1.03101e+82 
0.187  6.08724e+71 
0.188  3.92616e+62 
0.189  4.30135e+66 
0.19  1.34225e+58 
0.191  1.87085e+59 
0.192  1.82351e+69 
0.193  2.35435e+64 
0.194  5.00232e+63 
0.195  7.09116e+85 
0.196  1.14413e+67 
0.197  1.4065e+58 
0.198  3.9346e+72 
0.199  9.43751e+75 
0.2  2.72057e+65 
0.201  1.54772e+68 
0.202  3.30866e+56 
0.203  2.13914e+56 
0.204  2.50424e+57 
0.205  1.19176e+59 
0.206  9.13007e+56 
0.207  4.3858e+68 
0.208  1.44557e+55 
0.209  3.28368e+59 
0.21  2.33814e+66 
0.211  7.19001e+64 
0.212  6.89838e+59 
0.213  2.39119e+70 
0.214  3.42828e+54 
0.215  2.50128e+57 
0.216  2.48492e+105 
0.217  4.07226e+64 
0.218  4.1236e+62 
0.219  2.21172e+93 
0.22  8.14038e+52 
0.221  1.58233e+59 
0.222  5.93389e+71 
0.223  1.27329e+60 
0.224  1.80378e+57 
0.225  6.2391e+69 
0.226  2.87222e+71 
0.227  4.96799e+54 
0.228  1.20436e+63 
0.229  5.35204e+65 
0.23  5.23468e+62 
0.231  4.67612e+66 
0.232  7.28774e+69 
0.233  1.82836e+66 
0.234  4.84324e+55 
0.235  1.48142e+69 
0.236  1.80507e+55 
0.237  9.42231e+60 
0.238  3.65482e+68 
0.239  5.12522e+59 
0.24  2.43768e+69 
0.241  6.1566e+68 
0.242  1.2422e+59 
0.243  5.54776e+58 
0.244  2.98867e+72 
0.245  1.02669e+64 
0.246  3.73006e+56 
0.247  1.25774e+60 
0.248  1.46586e+62 
0.249  4.58559e+72 
0.25  1.14938e+75 
0.251  1.99672e+64 
0.252  4.47773e+60 
0.253  1.34393e+58 
0.254  2.49683e+52 
0.255  3.0164e+56 
0.256  4.11494e+65 
0.257  1.41862e+69 
0.258  6.42647e+64 
0.259  1.08173e+62 
0.26  2.70609e+63 
0.261  1.0677e+71 
0.262  1.82702e+67 
0.263  1.95349e+57 
0.264  4.22702e+77 
0.265  1.42422e+65 
0.266  2.85761e+69 
0.267  2.76353e+92 
0.268  2.02868e+70 
0.269  6.08088e+68 
0.27  1.36432e+73 
0.271  2.00911e+65 
0.272  4.85844e+65 
0.273  3.50139e+64 
0.274  2.31353e+54 
0.275  3.91735e+62 
0.276  1.22987e+68 
0.277  1.14947e+58 
0.278  2.35203e+77 
0.279  7.75769e+58 
0.28  6.46269e+59 
0.281  7.37607e+62 
0.282  8.85273e+61 
0.283  4.58248e+69 
0.284  3.30907e+61 
0.285  1.44463e+70 
0.286  1.87426e+65 
0.287  9.47899e+58 
0.288  8.84306e+70 
0.289  5.2835e+55 
0.29  3.1794e+57 
0.291  1.90283e+81 
0.292  3.81368e+66 
0.293  2.92243e+55 
0.294  4.11684e+58 
0.295  8.67446e+63 
0.296  8.83822e+62 
0.297  1.50485e+58 
0.298  6.95694e+68 
0.299  4.61096e+67 
0.3  4.42685e+65 
0.301  3.39401e+78 
0.302  6.93373e+61 
0.303  3.33257e+61 
0.304  2.76375e+65 
0.305  9.39764e+61 
0.306  4.71337e+65 
0.307  3.43963e+70 
0.308  2.57899e+60 
0.309  2.13111e+59 
0.31  3.15416e+54 
0.311  1.40828e+55 
0.312  2.33971e+62 
0.313  1.68447e+59 
0.314  1.06257e+64 
0.315  9.1837e+58 
0.316  1.09648e+63 
0.317  3.56292e+59 
0.318  1.1259e+62 
0.319  2.72754e+61 
0.32  5.5261e+62 
0.321  9.38093e+66 
0.322  3.82924e+58 
0.323  1.87921e+56 
0.324  5.03487e+69 
0.325  8.75996e+59 
0.326  3.63127e+61 
0.327  1.48635e+59 
0.328  3.50332e+66 
0.329  3.34782e+55 
0.33  4.19322e+63 
0.331  1.08101e+62 
0.332  1.93748e+58 
0.333  1.69237e+61 
0.334  4.09047e+73 
0.335  6.26264e+58 
0.336  5.83206e+64 
0.337  2.06349e+79 
0.338  8.86542e+64 
0.339  1.64622e+62 
0.34  1.37739e+66 
0.341  4.06956e+65 
0.342  1.17046e+57 
0.343  1.41242e+59 
0.344  7.68847e+87 
0.345  7.56679e+63 
0.346  9.73704e+57 
0.347  1.08319e+61 
0.348  1.89653e+58 
0.349  8.02244e+71 
0.35  2.11942e+63 
0.351  4.99858e+65 
0.352  5.78929e+63 
0.353  1.88207e+71 
0.354  8.07129e+57 
0.355  1.03192e+67 
0.356  2.22371e+64 
0.357  1.10213e+71 
0.358  2.63744e+66 
0.359  4.67602e+61 
0.36  4.90169e+58 
0.361  1.03118e+61 
0.362  1.60575e+53 
0.363  9.8576e+57 
0.364  4.9361e+65 
0.365  4.63116e+55 
0.366  4.30841e+67 
0.367  3.30971e+55 
0.368  2.45875e+72 
0.369  1.81244e+62 
0.37  1.35557e+56 
0.371  1.0372e+86 
0.372  1.08284e+61 
0.373  4.86213e+61 
0.374  2.97387e+74 
0.375  2.2966e+64 
0.376  4.34584e+59 
0.377  2.51494e+58 
0.378  1.55853e+55 
0.379  6.6908e+58 
0.38  1.87181e+78 
0.381  1.29261e+58 
0.382  2.52623e+71 
0.383  1.19176e+63 
0.384  1.09356e+66 
0.385  5.79175e+66 
0.386  8.06994e+54 
0.387  2.62916e+53 
0.388  1.07311e+58 
0.389  5.98537e+59 
0.39  2.00625e+57 
0.391  6.56437e+66 
0.392  1.11532e+66 
0.393  1.35114e+56 
0.394  1.41878e+86 
0.395  1.27523e+67 
0.396  2.38107e+64 
0.397  2.92771e+76 
0.398  1.17683e+63 
0.399  8.1855e+60 
0.4  1.36293e+85 
0.401  6.62567e+65 
0.402  6.87066e+58 
0.403  1.58433e+64 
0.404  5.32923e+58 
0.405  9.3347e+62 
0.406  1.61925e+58 
0.407  4.48468e+63 
0.408  1.46742e+89 
0.409  8.45214e+67 
0.41  7.76827e+57 
0.411  3.34307e+62 
0.412  9.42675e+71 
0.413  1.78729e+81 
0.414  1.08087e+64 
0.415  5.36197e+65 
0.416  1.31532e+58 
0.417  8.66101e+70 
0.418  2.98041e+69 
0.419  7.49744e+58 
0.42  5.75263e+69 
0.421  4.56899e+62 
0.422  7.31221e+52 
0.423  2.1922e+64 
0.424  1.56966e+59 
0.425  2.83541e+70 
0.426  9.19593e+62 
0.427  2.08059e+68 
0.428  3.11168e+63 
0.429  4.62797e+64 
0.43  3.23012e+63 
0.431  2.01945e+68 
0.432  4.22675e+66 
0.433  3.58492e+59 
0.434  1.83931e+55 
0.435  2.70938e+70 
0.436  5.61344e+81 
0.437  3.06378e+56 
0.438  4.90782e+62 
0.439  8.48033e+61 
0.44  5.3229e+69 
0.441  6.95842e+56 
0.442  1.50754e+60 
0.443  1.67597e+60 
0.444  2.26901e+58 
0.445  2.75073e+58 
0.446  5.8822e+61 
0.447  7.50155e+65 
0.448  7.55841e+76 
0.449  8.86549e+56 
0.45  1.43343e+82 
0.451  2.30307e+72 
0.452  2.88664e+62 
0.453  7.90217e+55 
0.454  2.35272e+70 
0.455  1.11294e+63 
0.456  1.90757e+71 
0.457  6.99314e+70 
0.458  2.82012e+63 
0.459  3.04303e+57 
0.46  1.0034e+87 
0.461  3.18864e+62 
0.462  5.33303e+71 
0.463  1.32198e+73 
0.464  2.69602e+56 
0.465  5.06145e+62 
0.466  3.35955e+69 
0.467  3.24333e+73 
0.468  3.41521e+58 
0.469  7.28379e+57 
0.47  1.39689e+60 
0.471  9.724e+59 
0.472  1.18064e+58 
0.473  1.10378e+60 
0.474  3.06073e+68 
0.475  8.11594e+54 
0.476  9.80082e+54 
0.477  5.81995e+61 
0.478  8.8994e+60 
0.479  2.99384e+66 
0.48  1.0224e+73 
0.481  1.76391e+59 
0.482  1.85314e+69 
0.483  1.80544e+76 
0.484  4.96278e+55 
0.485  6.52458e+59 
0.486  4.62053e+69 
0.487  1.00143e+77 
0.488  9.51788e+60 
0.489  8.15767e+62 
0.49  1.04068e+65 
0.491  6.69306e+73 
0.492  4.83901e+65 
0.493  3.75102e+62 
0.494  9.26579e+59 
0.495  1.00497e+68 
0.496  4.70809e+61 
0.497  1.14055e+62 
0.498  1.07705e+55 
0.499  5.436e+61 
0.5  1.57615e+64 
0.501  3.09581e+59 
0.502  8.7034e+62 
0.503  4.41843e+56 
0.504  6.82917e+56 
0.505  1.11903e+67 
0.506  7.6747e+77 
0.507  1.89789e+67 
0.508  2.48036e+80 
0.509  5.37016e+79 
0.51  9.56432e+60 
0.511  6.22051e+55 
0.512  1.1644e+59 
0.513  1.46994e+62 
0.514  3.28724e+64 
0.515  2.37785e+57 
0.516  1.97021e+60 
0.517  2.44564e+89 
0.518  1.29148e+63 
0.519  7.35956e+71 
0.52  5.02327e+62 
0.521  1.80944e+55 
0.522  6.23357e+67 
0.523  4.92037e+62 
0.524  3.76528e+63 
0.525  3.39296e+74 
0.526  1.06591e+58 
0.527  8.14192e+61 
0.528  1.35746e+58 
0.529  2.32229e+61 
0.53  1.39869e+57 
0.531  1.38456e+62 
0.532  1.04971e+70 
0.533  1.07098e+70 
0.534  2.24925e+57 
0.535  9.08131e+56 
0.536  2.72231e+76 
0.537  1.30965e+55 
0.538  1.58843e+66 
0.539  2.58403e+67 
0.54  2.34561e+66 
0.541  2.75788e+76 
0.542  2.79784e+56 
0.543  2.96319e+74 
0.544  2.04605e+57 
0.545  7.55738e+59 
0.546  2.78778e+65 
0.547  2.32965e+65 
0.548  1.52626e+80 
0.549  8.1794e+78 
0.55  1.78561e+62 
0.551  6.1594e+59 
0.552  1.05572e+69 
0.553  1.78483e+62 
0.554  5.73425e+72 
0.555  7.8662e+65 
0.556  1.95697e+62 
0.557  1.17627e+68 
0.558  4.71201e+71 
0.559  3.74115e+71 
0.56  1.33426e+62 
0.561  1.70826e+62 
0.562  2.92066e+56 
0.563  4.08802e+59 
0.564  9.54208e+61 
0.565  7.98873e+64 
0.566  2.79849e+62 
0.567  3.10045e+82 
0.568  5.06634e+59 
0.569  2.28954e+68 
0.57  9.64909e+62 
0.571  7.33412e+57 
0.572  1.99521e+59 
0.573  5.07231e+59 
0.574  1.78035e+61 
0.575  1.36377e+67 
0.576  2.1405e+61 
0.577  1.08589e+61 
0.578  9.1242e+61 
0.579  6.67128e+69 
0.58  6.70423e+53 
0.581  5.74326e+56 
0.582  1.94508e+73 
0.583  1.99931e+68 
0.584  1.77855e+62 
0.585  6.05372e+60 
0.586  6.79176e+62 
0.587  2.22655e+62 
0.588  7.81896e+55 
0.589  1.66566e+56 
0.59  1.86596e+60 
0.591  4.41379e+63 
0.592  1.88748e+75 
0.593  5.64844e+62 
0.594  1.8547e+72 
0.595  4.56963e+60 
0.596  6.15057e+58 
0.597  3.26213e+60 
0.598  3.29144e+63 
0.599  1.53561e+64 
0.6  2.2301e+63 
0.601  2.04734e+69 
0.602  6.40992e+56 
0.603  9.01373e+63 
0.604  8.79451e+60 
0.605  1.11179e+64 
0.606  1.06437e+65 
0.607  2.26327e+71 
0.608  2.24514e+59 
0.609  2.74465e+63 
0.61  2.22975e+55 
0.611  8.95122e+59 
0.612  3.58981e+60 
0.613  1.65912e+58 
0.614  2.4771e+60 
0.615  1.35272e+71 
0.616  3.0876e+71 
0.617  1.25785e+57 
0.618  4.93376e+57 
0.619  9.91478e+68 
0.62  9.02107e+67 
0.621  3.41572e+54 
0.622  1.29342e+56 
0.623  2.39261e+64 
0.624  1.16899e+65 
0.625  9.39493e+64 
0.626  6.20758e+65 
0.627  1.64669e+66 
0.628  3.76049e+66 
0.629  9.26434e+73 
0.63  1.19007e+66 
0.631  1.02143e+60 
0.632  2.71392e+61 
0.633  4.32774e+67 
0.634  1.22597e+81 
0.635  4.03202e+58 
0.636  1.23059e+70 
0.637  8.21423e+61 
0.638  2.13492e+70 
0.639  2.07973e+58 
0.64  3.20515e+61 
0.641  3.54897e+65 
0.642  6.95665e+66 
0.643  1.65014e+54 
0.644  1.7938e+61 
0.645  2.70977e+66 
0.646  2.92555e+65 
0.647  1.21061e+78 
0.648  1.69897e+55 
0.649  2.97428e+55 
0.65  9.28973e+71 
0.651  1.08118e+63 
0.652  9.47324e+56 
0.653  1.11274e+58 
0.654  4.16363e+87 
0.655  1.9402e+67 
0.656  4.04103e+57 
0.657  4.64385e+62 
0.658  4.48581e+64 
0.659  6.43245e+57 
0.66  1.61343e+72 
0.661  3.39244e+85 
0.662  8.11885e+59 
0.663  5.07605e+57 
0.664  8.54866e+57 
0.665  1.02152e+58 
0.666  1.32404e+56 
0.667  1.91424e+65 
0.668  1.53799e+69 
0.669  2.4291e+58 
0.67  1.19543e+58 
0.671  7.36825e+62 
0.672  5.12672e+62 
0.673  2.29111e+56 
0.674  8.05011e+61 
0.675  3.01358e+61 
0.676  1.33371e+64 
0.677  1.11638e+72 
0.678  7.78304e+51 
0.679  3.47487e+60 
0.68  7.22782e+64 
0.681  2.53859e+61 
0.682  1.51459e+66 
0.683  9.49031e+68 
0.684  4.75677e+73 
0.685  1.06246e+72 
0.686  6.11485e+67 
0.687  1.93149e+65 
0.688  4.89665e+60 
0.689  2.80238e+64 
0.69  3.75081e+74 
0.691  4.02989e+62 
0.692  6.95365e+57 
0.693  1.47628e+68 
0.694  1.18468e+69 
0.695  2.17025e+74 
0.696  8.29748e+72 
0.697  1.457e+72 
0.698  1.60088e+80 
0.699  7.17332e+58 
0.7  1.15059e+77 
0.701  1.48015e+61 
0.702  1.10322e+58 
0.703  1.69815e+61 
0.704  7.76692e+63 
0.705  5.10513e+67 
0.706  4.13564e+68 
0.707  1.52635e+68 
0.708  2.83839e+59 
0.709  1.56564e+83 
0.71  1.67865e+57 
0.711  2.02821e+64 
0.712  9.92333e+59 
0.713  6.80383e+59 
0.714  4.17338e+84 
0.715  1.415e+61 
0.716  7.45291e+59 
0.717  3.47722e+81 
0.718  1.3123e+64 
0.719  2.21138e+69 
0.72  1.6404e+70 
0.721  5.0672e+57 
0.722  8.63826e+64 
0.723  1.06269e+67 
0.724  5.00872e+84 
0.725  9.74462e+63 
0.726  1.15309e+64 
0.727  1.01466e+56 
0.728  1.47495e+60 
0.729  4.53011e+59 
0.73  9.41891e+72 
0.731  1.83697e+63 
0.732  1.6141e+72 
0.733  3.11174e+59 
0.734  1.36673e+58 
0.735  2.86594e+83 
0.736  1.9296e+54 
0.737  1.89156e+60 
0.738  5.78659e+55 
0.739  1.3245e+57 
0.74  1.87182e+58 
0.741  1.55202e+70 
0.742  1.86313e+77 
0.743  3.93101e+66 
0.744  1.47552e+58 
0.745  3.27071e+64 
0.746  4.9411e+62 
0.747  1.40079e+62 
0.748  1.07469e+58 
0.749  5.97058e+59 
0.75  3.62921e+69 
0.751  2.92271e+58 
0.752  8.59211e+65 
0.753  1.34789e+64 
0.754  3.34409e+60 
0.755  4.13461e+59 
0.756  9.2199e+68 
0.757  2.75677e+70 
0.758  7.67544e+67 
0.759  1.88879e+71 
0.76  9.26275e+61 
0.761  2.35281e+59 
0.762  7.64407e+62 
0.763  3.307e+64 
0.764  9.34959e+61 
0.765  9.47838e+63 
0.766  9.03246e+51 
0.767  3.94598e+67 
0.768  5.34771e+59 
0.769  3.45286e+82 
0.77  7.56404e+57 
0.771  1.04064e+68 
0.772  1.78655e+60 
0.773  5.40979e+71 
0.774  7.91846e+61 
0.775  1.63076e+63 
0.776  2.59993e+76 
0.777  1.75687e+56 
0.778  4.01399e+56 
0.779  4.79361e+63 
0.78  1.39025e+62 
0.781  1.17224e+59 
0.782  1.19727e+58 
0.783  6.93013e+59 
0.784  5.35459e+65 
0.785  2.70421e+67 
0.786  1.96537e+53 
0.787  9.94275e+66 
0.788  6.7536e+61 
0.789  3.26391e+58 
0.79  4.57332e+59 
0.791  1.41624e+59 
0.792  1.77666e+63 
0.793  4.15895e+60 
0.794  1.13677e+60 
0.795  1.68287e+72 
0.796  3.14191e+56 
0.797  6.08967e+58 
0.798  8.33574e+66 
0.799  3.97982e+67 
0.8  1.54228e+61 
0.801  8.29385e+60 
0.802  1.62286e+74 
0.803  2.49185e+68 
0.804  5.00835e+60 
0.805  6.98881e+74 
0.806  1.79014e+79 
0.807  5.66787e+65 
0.808  4.43097e+64 
0.809  6.68848e+64 
0.81  9.84905e+59 
0.811  4.05918e+56 
0.812  2.15681e+68 
0.813  1.58946e+58 
0.814  3.35672e+63 
0.815  1.43767e+65 
0.816  2.22609e+55 
0.817  1.44527e+78 
0.818  3.46373e+61 
0.819  4.57917e+76 
0.82  7.82501e+61 
0.821  4.66243e+75 
0.822  4.60857e+59 
0.823  1.6387e+56 
0.824  2.58246e+70 
0.825  4.61996e+63 
0.826  5.49299e+78 
0.827  3.6122e+62 
0.828  1.1391e+63 
0.829  6.36422e+63 
0.83  2.51188e+60 
0.831  8.72907e+60 
0.832  1.51124e+62 
0.833  2.14481e+84 
0.834  2.18268e+64 
0.835  3.53256e+67 
0.836  6.09318e+64 
0.837  1.01238e+65 
0.838  1.17348e+62 
0.839  2.50001e+58 
0.84  1.41123e+57 
0.841  1.17933e+56 
0.842  3.88537e+67 
0.843  5.79675e+59 
0.844  3.67696e+75 
0.845  8.4422e+57 
0.846  4.36821e+67 
0.847  5.73432e+71 
0.848  9.06194e+63 
0.849  5.16806e+85 
0.85  9.11396e+64 
0.851  3.38653e+64 
0.852  4.97404e+63 
0.853  7.50838e+58 
0.854  7.81507e+58 
0.855  1.11824e+67 
0.856  1.15935e+80 
0.857  2.80997e+55 
0.858  1.1765e+60 
0.859  3.1304e+60 
0.86  2.53629e+83 
0.861  6.0827e+59 
0.862  4.67287e+53 
0.863  3.32726e+71 
0.864  4.86355e+76 
0.865  3.07741e+64 
0.866  2.98141e+71 
0.867  5.09653e+61 
0.868  4.11365e+54 
0.869  1.04082e+58 
0.87  1.57154e+84 
0.871  1.10507e+67 
0.872  2.11447e+60 
0.873  5.32788e+57 
0.874  1.52541e+59 
0.875  3.98969e+62 
0.876  1.38275e+80 
0.877  1.88562e+73 
0.878  1.77778e+56 
0.879  1.06605e+57 
0.88  1.26853e+85 
0.881  2.56732e+93 
0.882  6.04736e+76 
0.883  5.69651e+59 
0.884  2.85189e+67 
0.885  9.72398e+59 
0.886  1.63145e+67 
0.887  7.26504e+60 
0.888  5.24587e+76 
0.889  1.89459e+58 
0.89  7.82589e+55 
0.891  1.69864e+59 
0.892  3.95765e+56 
0.893  3.51258e+59 
0.894  7.59591e+76 
0.895  6.53179e+75 
0.896  2.60405e+61 
0.897  7.96935e+61 
0.898  5.31135e+93 
0.899  1.2465e+63 
0.9  4.80976e+57 
0.901  3.64933e+57 
0.902  3.22639e+58 
0.903  5.32915e+80 
0.904  1.56481e+70 
0.905  2.34684e+69 
0.906  2.24097e+63 
0.907  4.66073e+57 
0.908  1.49267e+69 
0.909  5.4598e+64 
0.91  2.17275e+67 
0.911  6.92119e+72 
0.912  1.43482e+63 
0.913  4.11359e+61 
0.914  1.86097e+83 
0.915  1.2781e+71 
0.916  2.71699e+68 
0.917  6.54943e+60 
0.918  3.36476e+86 
0.919  6.69996e+62 
0.92  6.63009e+67 
0.921  1.78577e+62 
0.922  7.61665e+61 
0.923  5.06421e+61 
0.924  1.25396e+59 
0.925  1.09436e+59 
0.926  1.9381e+56 
0.927  1.7388e+57 
0.928  2.09059e+73 
0.929  2.26289e+62 
0.93  4.25221e+64 
0.931  4.03614e+70 
0.932  8.31414e+66 
0.933  2.36886e+90 
0.934  9.79173e+56 
0.935  2.35124e+69 
0.936  6.54601e+64 
0.937  1.66173e+65 
0.938  5.71464e+65 
0.939  2.16795e+71 
0.94  4.7219e+77 
0.941  1.16504e+65 
0.942  4.49929e+61 
0.943  6.15691e+98 
0.944  1.56023e+64 
0.945  1.05318e+67 
0.946  8.14292e+58 
0.947  1.22077e+65 
0.948  1.2698e+60 
0.949  2.84126e+64 
0.95  1.09233e+59 
0.951  1.77642e+60 
0.952  1.5039e+60 
0.953  3.24311e+89 
0.954  1.32399e+58 
0.955  7.23756e+59 
0.956  4.00924e+67 
0.957  2.07223e+53 
0.958  8.24599e+60 
0.959  9.85088e+65 
0.96  2.99989e+70 
0.961  7.96306e+72 
0.962  1.11082e+64 
0.963  1.14949e+60 
0.964  1.17832e+59 
0.965  2.50294e+57 
0.966  4.25673e+61 
0.967  3.66541e+75 
0.968  8.92819e+67 
0.969  4.00124e+61 
0.97  6.0597e+67 
0.971  5.46796e+84 
0.972  1.40138e+69 
0.973  1.0617e+58 
0.974  1.01687e+65 
0.975  9.39628e+59 
0.976  9.24773e+63 
0.977  5.15769e+61 
0.978  4.13031e+63 
0.979  2.21586e+57 
0.98  6.18992e+67 
0.981  5.9653e+69 
0.982  1.83651e+60 
0.983  2.25521e+66 
0.984  2.45955e+65 
0.985  5.19607e+60 
0.986  1.30587e+61 
0.987  9.61499e+57 
0.988  1.44708e+60 
0.989  9.54452e+84 
0.99  7.37785e+57 
0.991  2.16826e+63 
0.992  8.38166e+61 
0.993  4.68756e+59 
0.994  6.12494e+65 
0.995  3.68037e+57 
0.996  1.61626e+69 
0.997  2.44298e+61 
0.998  6.97702e+55 
0.999  7.22119e+60 
1  3.48741e+54 
1.001  4.56342e+64 
1.002  5.75402e+61 
1.003  1.03898e+55 
1.004  1.04584e+66 
1.005  5.97084e+84 
1.006  6.3806e+68 
1.007  2.24225e+67 
1.008  3.73185e+66 
1.009  6.66293e+69 
1.01  9.83129e+68 
1.011  1.22769e+61 
1.012  1.03905e+70 
1.013  1.39482e+64 
1.014  7.31673e+63 
1.015  5.44894e+67 
1.016  4.64244e+74 
1.017  1.82361e+60 
1.018  6.04174e+69 
1.019  3.45016e+66 
1.02  1.45442e+68 
1.021  4.85183e+60 
1.022  1.1999e+57 
1.023  5.13315e+55 
1.024  2.79834e+79 
1.025  1.0049e+60 
1.026  4.2118e+57 
1.027  4.79536e+59 
1.028  8.29197e+75 
1.029  3.9748e+74 
1.03  5.32382e+64 
1.031  1.59579e+62 
1.032  1.17209e+58 
1.033  1.67926e+58 
1.034  9.94683e+61 
1.035  3.76789e+62 
1.036  1.27629e+62 
1.037  1.582e+63 
1.038  1.24623e+65 
1.039  2.48813e+62 
1.04  2.14447e+56 
1.041  6.04305e+69 
1.042  7.97972e+67 
1.043  1.63736e+66 
1.044  9.10035e+61 
1.045  1.06204e+59 
1.046  1.47434e+79 
1.047  7.79828e+84 
1.048  8.81408e+64 
1.049  9.61461e+60 
1.05  1.2862e+63 
1.051  8.80254e+64 
1.052  3.87314e+70 
1.053  1.178e+69 
1.054  2.07864e+62 
1.055  1.10206e+71 
1.056  3.231e+61 
1.057  2.78589e+90 
1.058  1.60087e+66 
1.059  4.40662e+68 
1.06  2.03966e+65 
1.061  1.98927e+76 
1.062  2.35968e+58 
1.063  1.15329e+78 
1.064  4.01016e+72 
1.065  6.66301e+59 
1.066  2.15796e+81 
1.067  1.43525e+70 
1.068  7.90093e+63 
1.069  5.32801e+69 
1.07  6.161e+59 
1.071  9.54982e+65 
1.072  1.95274e+59 
1.073  1.73975e+59 
1.074  2.95496e+57 
1.075  3.84365e+74 
1.076  2.51551e+69 
1.077  2.60894e+67 
1.078  5.36808e+58 
1.079  1.67079e+58 
1.08  1.86844e+65 
1.081  4.50205e+56 
1.082  3.70056e+61 
1.083  9.80948e+81 
1.084  1.84933e+64 
1.085  6.10076e+57 
1.086  1.84158e+97 
1.087  4.50776e+63 
1.088  1.11303e+68 
1.089  4.10583e+77 
1.09  8.08792e+69 
1.091  2.42937e+84 
1.092  9.08035e+75 
1.093  1.78222e+82 
1.094  1.9196e+102 
1.095  3.57983e+60 
1.096  3.34279e+83 
1.097  1.31568e+65 
1.098  2.30755e+65 
1.099  2.02033e+57 
1.1  7.59044e+65 
1.101  6.20991e+59 
1.102  2.92569e+60 
1.103  1.28837e+62 
1.104  7.55505e+91 
1.105  5.35905e+71 
1.106  1.16013e+73 
1.107  9.07822e+66 
1.108  1.20416e+82 
1.109  2.41097e+71 
1.11  5.4282e+64 
1.111  8.57456e+68 
1.112  1.52591e+71 
1.113  1.26878e+81 
1.114  2.78719e+69 
1.115  2.48454e+56 
1.116  1.00947e+71 
1.117  1.39761e+67 
1.118  1.0939e+74 
1.119  1.68396e+62 
1.12  3.8866e+63 
1.121  2.75072e+63 
1.122  2.72684e+75 
1.123  1.09776e+59 
1.124  2.08638e+66 
1.125  1.92652e+73 
1.126  2.40774e+64 
1.127  8.90424e+74 
1.128  5.76371e+68 
1.129  3.84364e+72 
1.13  5.13811e+58 
1.131  2.1717e+66 
1.132  7.91188e+66 
1.133  5.58248e+59 
1.134  4.89313e+70 
1.135  9.27442e+62 
1.136  1.41357e+60 
1.137  1.96873e+80 
1.138  4.01332e+57 
1.139  7.79085e+68 
1.14  2.27945e+67 
1.141  1.67743e+58 
1.142  4.51958e+64 
1.143  1.29554e+75 
1.144  1.83621e+62 
1.145  6.71014e+67 
1.146  9.08238e+61 
1.147  2.74899e+60 
1.148  9.16793e+62 
1.149  3.05238e+65 
1.15  1.56038e+72 
1.151  5.8181e+71 
1.152  1.39588e+70 
1.153  3.26029e+62 
1.154  1.16466e+61 
1.155  2.57728e+70 
1.156  9.33321e+67 
1.157  1.0457e+60 
1.158  1.31835e+77 
1.159  1.54125e+63 
1.16  6.75805e+66 
1.161  9.53762e+80 
1.162  2.38529e+65 
1.163  1.1707e+61 
1.164  3.70786e+64 
1.165  1.53934e+61 
1.166  1.6557e+73 
1.167  1.14824e+78 
1.168  1.91161e+64 
1.169  4.16742e+66 
1.17  1.80296e+63 
1.171  4.06908e+58 
1.172  5.07225e+64 
1.173  1.70451e+59 
1.174  1.88036e+87 
1.175  9.7026e+69 
1.176  6.7076e+74 
1.177  6.72403e+65 
1.178  1.1228e+81 
1.179  2.3296e+69 
1.18  6.4603e+69 
1.181  7.19952e+69 
1.182  2.80197e+63 
1.183  8.15383e+74 
1.184  1.23817e+78 
1.185  1.83807e+74 
1.186  2.0497e+67 
1.187  8.81687e+65 
1.188  3.20962e+84 
1.189  5.79992e+69 
1.19  1.96672e+78 
1.191  3.5393e+61 
1.192  6.49321e+62 
1.193  2.57549e+61 
1.194  5.77962e+58 
1.195  1.20121e+74 
1.196  7.02271e+64 
1.197  5.45805e+60 
1.198  4.85603e+64 
1.199  3.50856e+68 
1.2  1.18811e+65 
1.201  4.75602e+63 
1.202  2.24774e+66 
1.203  2.53895e+89 
1.204  3.58025e+69 
1.205  4.44912e+63 
1.206  1.66453e+63 
1.207  5.84406e+59 
1.208  2.23106e+61 
1.209  8.75381e+69 
1.21  2.25237e+61 
1.211  1.22467e+68 
1.212  1.69218e+63 
1.213  1.49181e+80 
1.214  5.0628e+61 
1.215  4.86184e+74 
1.216  2.6763e+66 
1.217  2.66116e+57 
1.218  1.77974e+68 
1.219  8.62665e+62 
1.22  1.05527e+79 
1.221  1.41844e+73 
1.222  5.36262e+70 
1.223  6.11093e+74 
1.224  1.3919e+67 
1.225  6.52236e+78 
1.226  4.54951e+92 
1.227  3.89149e+66 
1.228  1.30214e+63 
1.229  5.81581e+65 
1.23  1.11587e+80 
1.231  4.01312e+62 
1.232  3.45951e+72 
1.233  5.4128e+71 
1.234  8.68284e+69 
1.235  5.8468e+75 
1.236  1.39428e+71 
1.237  2.50273e+82 
1.238  1.89456e+90 
1.239  4.24541e+70 
1.24  2.55797e+75 
1.241  3.04335e+69 
1.242  1.78427e+66 
1.243  1.54757e+69 
1.244  3.84022e+62 
1.245  1.40015e+70 
1.246  4.04405e+71 
1.247  1.94952e+67 
1.248  8.31461e+70 
1.249  3.53455e+66 
1.25  5.86311e+69 
1.251  2.01793e+63 
1.252  2.06768e+80 
1.253  2.30497e+67 
1.254  4.59822e+81 
1.255  3.06285e+59 
1.256  1.64827e+77 
1.257  3.81582e+62 
1.258  1.8379e+65 
1.259  1.14884e+87 
1.26  2.16347e+78 
1.261  4.11142e+68 
1.262  1.30132e+67 
1.263  3.22039e+69 
1.264  3.43486e+62 
1.265  1.40101e+71 
1.266  5.33021e+70 
1.267  3.45557e+62 
1.268  2.51077e+93 
1.269  2.38618e+64 
1.27  5.36177e+70 
1.271  7.68396e+68 
1.272  9.7856e+77 
1.273  9.49627e+73 
1.274  1.72041e+69 
1.275  2.10295e+65 
1.276  2.78055e+65 
1.277  2.32403e+64 
1.278  9.21094e+73 
1.279  5.98405e+82 
1.28  8.13403e+57 
1.281  4.96109e+62 
1.282  1.56948e+61 
1.283  1.24634e+62 
1.284  6.09556e+68 
1.285  9.88088e+66 
1.286  1.02089e+64 
1.287  1.75632e+69 
1.288  1.59783e+74 
1.289  2.26694e+64 
1.29  5.97667e+66 
1.291  4.19762e+72 
1.292  1.54792e+67 
1.293  2.30752e+65 
1.294  6.61809e+89 
1.295  2.49294e+73 
1.296  2.58506e+62 
1.297  2.33207e+62 
1.298  2.50648e+61 
1.299  5.07161e+77 
1.3  1.67954e+87 
1.301  1.17701e+58 
1.302  1.7847e+67 
1.303  4.16618e+66 
1.304  1.06816e+64 
1.305  2.17552e+66 
1.306  3.06655e+64 
1.307  3.87144e+62 
1.308  1.61616e+63 
1.309  1.99463e+60 
1.31  2.34602e+58 
1.311  1.50821e+58 
1.312  1.33747e+58 
1.313  3.04225e+61 
1.314  1.61001e+63 
1.315  3.20501e+63 
1.316  5.37462e+60 
1.317  3.58948e+62 
1.318  1.58202e+66 
1.319  1.26266e+64 
1.32  9.72497e+77 
1.321  1.33205e+65 
1.322  6.79811e+63 
1.323  5.97525e+62 
1.324  8.22614e+73 
1.325  9.45926e+72 
1.326  4.2083e+69 
1.327  8.29261e+65 
1.328  8.90694e+62 
1.329  7.35339e+66 
1.33  5.15145e+57 
1.331  2.03366e+58 
1.332  1.10269e+66 
1.333  1.74469e+69 
1.334  4.42668e+69 
1.335  1.38295e+66 
1.336  6.92481e+67 
1.337  5.08796e+92 
1.338  2.61373e+66 
1.339  4.24259e+59 
1.34  1.31261e+66 
1.341  2.51627e+63 
1.342  1.02618e+73 
1.343  5.37493e+62 
1.344  5.43688e+62 
1.345  3.66641e+77 
1.346  1.42474e+63 
1.347  3.12224e+70 
1.348  2.31169e+80 
1.349  1.10498e+63 
1.35  7.01848e+56 
1.351  8.66985e+58 
1.352  1.24702e+62 
1.353  9.32296e+63 
1.354  1.30611e+62 
1.355  2.40597e+62 
1.356  1.57078e+60 
1.357  1.70006e+57 
1.358  1.39355e+71 
1.359  4.97669e+75 
1.36  6.00701e+79 
1.361  5.37319e+57 
1.362  5.0317e+69 
1.363  8.45602e+59 
1.364  2.02248e+66 
1.365  6.97514e+64 
1.366  1.44627e+64 
1.367  2.24661e+64 
1.368  3.67815e+64 
1.369  4.44658e+58 
1.37  1.05228e+65 
1.371  5.54275e+70 
1.372  1.25094e+66 
1.373  3.11925e+63 
1.374  1.21792e+64 
1.375  6.00669e+59 
1.376  1.29634e+54 
1.377  8.03026e+65 
1.378  4.02165e+76 
1.379  2.23677e+59 
1.38  7.60055e+65 
1.381  2.32938e+65 
1.382  3.52721e+70 
1.383  8.87149e+65 
1.384  4.11561e+67 
1.385  9.97177e+61 
1.386  1.00799e+63 
1.387  3.86213e+66 
1.388  3.02071e+65 
1.389  1.20731e+61 
1.39  8.66379e+87 
1.391  1.09798e+59 
1.392  1.79536e+61 
1.393  1.75522e+59 
1.394  9.6486e+61 
1.395  6.95865e+63 
1.396  1.21591e+56 
1.397  3.60746e+61 
1.398  3.97647e+67 
1.399  3.27176e+59 
1.4  1.31444e+65 
1.401  5.28899e+62 
1.402  3.22619e+68 
1.403  6.00234e+61 
1.404  3.50049e+55 
1.405  6.64468e+63 
1.406  7.49975e+70 
1.407  3.29668e+56 
1.408  7.59826e+61 
1.409  1.81964e+59 
1.41  9.0444e+59 
1.411  1.42075e+67 
1.412  9.98863e+69 
1.413  3.80421e+62 
1.414  2.02101e+61 
1.415  2.46457e+66 
1.416  3.47595e+68 
1.417  4.43645e+63 
1.418  6.50735e+80 
1.419  1.47979e+59 
1.42  3.79857e+64 
1.421  6.84333e+77 
1.422  2.3727e+67 
1.423  2.15884e+59 
1.424  2.70396e+60 
1.425  4.16321e+63 
1.426  1.22865e+67 
1.427  3.57584e+62 
1.428  3.34954e+56 
1.429  1.00524e+57 
1.43  1.30051e+65 
1.431  1.48405e+60 
1.432  2.1793e+73 
1.433  4.09234e+60 
1.434  5.80472e+59 
1.435  5.79864e+75 
1.436  1.03984e+63 
1.437  3.24225e+53 
1.438  5.21143e+79 
1.439  2.19739e+73 
1.44  1.57414e+60 
1.441  1.33111e+60 
1.442  4.89602e+83 
1.443  3.06599e+62 
1.444  4.63183e+60 
1.445  1.21547e+63 
1.446  1.22963e+61 
1.447  1.08722e+71 
1.448  5.29521e+60 
1.449  8.17982e+75 
1.45  1.80506e+62 
1.451  4.18268e+80 
1.452  8.47667e+63 
1.453  9.49616e+61 
1.454  1.60301e+61 
1.455  9.57026e+64 
1.456  6.44963e+61 
1.457  1.07358e+62 
1.458  3.74864e+68 
1.459  3.71084e+54 
1.46  2.17494e+61 
1.461  8.46289e+57 
1.462  2.53727e+73 
1.463  2.23595e+60 
1.464  1.00473e+56 
1.465  7.78527e+61 
1.466  4.55739e+69 
1.467  1.41832e+97 
1.468  1.46826e+57 
1.469  1.53216e+65 
1.47  1.99358e+61 
1.471  1.58458e+65 
1.472  3.49605e+80 
1.473  6.15134e+59 
1.474  2.20621e+63 
1.475  2.11514e+56 
1.476  1.76813e+55 
1.477  7.71112e+68 
1.478  2.14863e+60 
1.479  2.24091e+70 
1.48  8.23234e+58 
1.481  6.14813e+65 
1.482  5.00037e+91 
1.483  8.63352e+67 
1.484  1.32603e+60 
1.485  1.32999e+77 
1.486  2.02626e+62 
1.487  2.8177e+61 
1.488  3.1851e+62 
1.489  8.92813e+54 
1.49  1.13109e+76 
1.491  3.15111e+67 
1.492  1.61565e+56 
1.493  1.20444e+70 
1.494  1.46466e+59 
1.495  1.73585e+59 
1.496  7.8189e+75 
1.497  2.38269e+66 
1.498  8.66037e+56 
1.499  1.10925e+58 
1.5  1.84406e+68 
1.501  6.76217e+66 
1.502  1.98524e+55 
1.503  3.01618e+64 
1.504  8.57201e+93 
1.505  4.93753e+66 
1.506  3.87126e+83 
1.507  3.24449e+68 
1.508  1.73809e+61 
1.509  7.59461e+66 
1.51  1.78904e+84 
1.511  5.45068e+68 
1.512  6.96802e+58 
1.513  1.44903e+70 
1.514  2.4932e+60 
1.515  6.75643e+66 
1.516  5.40795e+64 
1.517  1.56906e+75 
1.518  1.53389e+62 
1.519  5.00232e+59 
1.52  7.56566e+62 
1.521  2.30694e+67 
1.522  7.83323e+61 
1.523  1.1317e+73 
1.524  3.62598e+79 
1.525  1.67273e+64 
1.526  4.83928e+57 
1.527  6.10271e+57 
1.528  3.06374e+64 
1.529  2.29194e+61 
1.53  3.53351e+54 
1.531  2.7847e+62 
1.532  1.37694e+70 
1.533  7.28415e+61 
1.534  1.23846e+85 
1.535  8.15259e+58 
1.536  1.18381e+61 
1.537  1.34944e+57 
1.538  9.65633e+84 
1.539  2.80402e+68 
1.54  4.96315e+56 
1.541  2.95434e+59 
1.542  1.32084e+61 
1.543  2.24411e+56 
1.544  6.55237e+79 
1.545  7.33735e+69 
1.546  3.71878e+70 
1.547  4.33511e+59 
1.548  1.42434e+61 
1.549  3.19354e+65 
1.55  8.06402e+58 
1.551  5.51544e+62 
1.552  1.19813e+67 
1.553  3.78968e+55 
1.554  1.2231e+57 
1.555  2.0899e+79 
1.556  7.00272e+67 
1.557  2.10254e+55 
1.558  2.32429e+65 
1.559  7.08134e+57 
1.56  1.7972e+61 
1.561  1.24078e+54 
1.562  2.58992e+62 
1.563  6.01352e+63 
1.564  3.54869e+66 
1.565  4.28199e+53 
1.566  1.82943e+58 
1.567  3.75397e+79 
1.568  1.78643e+62 
1.569  1.25086e+55 
1.57  1.06573e+53 
1.571  1.02291e+58 
1.572  1.02498e+71 
1.573  4.19267e+71 
1.574  3.20162e+58 
1.575  1.33573e+64 
1.576  9.91121e+60 
1.577  9.57458e+88 
1.578  1.87663e+63 
1.579  8.73935e+64 
1.58  4.58059e+66 
1.581  5.01742e+65 
1.582  1.11019e+62 
1.583  1.70052e+96 
1.584  4.45749e+54 
1.585  5.76147e+61 
1.586  3.10575e+61 
1.587  3.01572e+69 
1.588  2.95781e+65 
1.589  3.42723e+65 
1.59  5.65517e+65 
1.591  9.53527e+58 
1.592  2.63585e+59 
1.593  5.35017e+55 
1.594  1.93022e+60 
1.595  3.79422e+81 
1.596  6.79776e+71 
1.597  6.33164e+65 
1.598  3.56843e+60 
1.599  1.35556e+56 
1.6  3.22329e+56 
1.601  3.4096e+66 
1.602  1.90464e+60 
1.603  4.07202e+60 
1.604  4.49016e+56 
1.605  8.2468e+52 
1.606  1.03342e+63 
1.607  1.10986e+64 
1.608  2.0997e+55 
1.609  6.08543e+61 
1.61  2.68992e+67 
1.611  1.06868e+65 
1.612  4.58277e+66 
1.613  3.99805e+69 
1.614  1.34795e+65 
1.615  1.71592e+63 
1.616  2.79126e+65 
1.617  3.66878e+60 
1.618  1.01412e+61 
1.619  1.88283e+76 
1.62  2.05135e+70 
1.621  7.5213e+74 
1.622  7.42024e+66 
1.623  1.85336e+59 
1.624  5.88941e+63 
1.625  5.23009e+62 
1.626  1.43687e+65 
1.627  5.00033e+61 
1.628  8.24736e+59 
1.629  7.25187e+63 
1.63  1.24226e+59 
1.631  4.09444e+65 
1.632  4.95276e+67 
1.633  1.83159e+60 
1.634  6.23502e+58 
1.635  1.97566e+65 
1.636  1.10081e+59 
1.637  7.11465e+59 
1.638  1.7941e+61 
1.639  1.05112e+59 
1.64  3.79851e+62 
1.641  9.34555e+54 
1.642  2.4697e+66 
1.643  1.16543e+56 
1.644  1.2118e+58 
1.645  5.78306e+67 
1.646  8.62282e+62 
1.647  1.06934e+68 
1.648  1.02686e+57 
1.649  1.2194e+60 
1.65  2.11494e+58 
1.651  3.62582e+56 
1.652  2.97264e+60 
1.653  5.23349e+63 
1.654  4.16295e+59 
1.655  5.32197e+71 
1.656  4.36286e+51 
1.657  5.86862e+56 
1.658  1.01446e+54 
1.659  1.99557e+62 
1.66  4.73903e+52 
1.661  1.13158e+76 
1.662  5.1165e+75 
1.663  5.99657e+63 
1.664  1.00633e+55 
1.665  8.02153e+64 
1.666  6.90844e+63 
1.667  2.836e+59 
1.668  8.22354e+61 
1.669  5.24271e+54 
1.67  1.82751e+62 
1.671  2.39372e+60 
1.672  3.96168e+62 
1.673  1.26118e+74 
1.674  1.8715e+61 
1.675  1.05211e+63 
1.676  3.86369e+60 
1.677  6.88373e+77 
1.678  1.03898e+62 
1.679  1.38596e+57 
1.68  3.07874e+55 
1.681  1.82965e+80 
1.682  1.29788e+60 
1.683  4.48115e+69 
1.684  2.86184e+59 
1.685  1.29607e+59 
1.686  5.09248e+63 
1.687  4.21809e+58 
1.688  7.6563e+68 
1.689  4.25395e+74 
1.69  9.56481e+57 
1.691  3.73985e+56 
1.692  1.79123e+64 
1.693  7.86821e+54 
1.694  1.69449e+55 
1.695  1.95213e+58 
1.696  1.04825e+63 
1.697  4.89685e+62 
1.698  1.45147e+72 
1.699  1.4634e+60 
1.7  3.49929e+74 
1.701  1.87908e+58 
1.702  3.89903e+57 
1.703  2.61903e+58 
1.704  1.4505e+57 
1.705  2.26208e+62 
1.706  8.89805e+79 
1.707  1.74377e+66 
1.708  1.71059e+54 
1.709  8.01854e+61 
1.71  4.12609e+56 
1.711  4.71543e+59 
1.712  4.57429e+65 
1.713  5.5071e+56 
1.714  3.05362e+61 
1.715  5.9915e+56 
1.716  1.66965e+65 
1.717  8.07357e+76 
1.718  1.94011e+57 
1.719  6.81664e+67 
1.72  6.80602e+67 
1.721  5.35356e+62 
1.722  6.78174e+67 
1.723  1.78855e+64 
1.724  2.17114e+58 
1.725  2.37277e+75 
1.726  5.8392e+56 
1.727  7.07031e+58 
1.728  2.90655e+60 
1.729  4.72004e+58 
1.73  3.48958e+54 
1.731  8.3998e+76 
1.732  2.55677e+54 
1.733  2.52615e+61 
1.734  3.37438e+60 
1.735  1.53663e+61 
1.736  2.0332e+62 
1.737  1.56977e+57 
1.738  8.51966e+81 
1.739  1.59003e+60 
1.74  1.29676e+53 
1.741  2.76323e+57 
1.742  9.08473e+63 
1.743  1.3365e+61 
1.744  2.85346e+53 
1.745  1.12958e+77 
1.746  4.10686e+59 
1.747  1.96876e+62 
1.748  7.52191e+55 
1.749  1.46657e+56 
1.75  7.10699e+58 
1.751  6.81849e+62 
1.752  3.61083e+60 
1.753  2.77164e+57 
1.754  3.72967e+59 
1.755  3.1414e+52 
1.756  1.60119e+62 
1.757  2.5698e+55 
1.758  1.06122e+52 
1.759  5.50974e+61 
1.76  3.06124e+53 
1.761  1.29075e+58 
1.762  9.13865e+65 
1.763  4.18579e+65 
1.764  3.03007e+78 
1.765  8.39529e+59 
1.766  7.87768e+62 
1.767  2.94453e+54 
1.768  5.00047e+54 
1.769  1.35177e+66 
1.77  3.14178e+58 
1.771  1.82435e+68 
1.772  2.68135e+56 
1.773  1.85505e+74 
1.774  6.25276e+57 
1.775  1.85928e+56 
1.776  1.38178e+56 
1.777  8.59334e+63 
1.778  1.24939e+76 
1.779  4.73822e+55 
1.78  1.44161e+62 
1.781  9.18456e+52 
1.782  6.01459e+76 
1.783  2.4607e+75 
1.784  5.73315e+52 
1.785  2.6174e+71 
1.786  1.37627e+56 
1.787  4.76329e+63 
1.788  3.96192e+62 
1.789  5.61065e+56 
1.79  6.09905e+47 
1.791  1.94048e+54 
1.792  6.67168e+65 
1.793  3.56854e+63 
1.794  9.4255e+57 
1.795  7.32522e+61 
1.796  1.23627e+56 
1.797  1.56036e+78 
1.798  2.20156e+60 
1.799  7.37143e+57 
1.8  3.18925e+62 
1.801  5.73806e+57 
1.802  3.42422e+51 
1.803  8.67647e+70 
1.804  1.04071e+62 
1.805  1.63417e+62 
1.806  1.33094e+67 
1.807  1.02306e+56 
1.808  1.72259e+51 
1.809  9.25601e+66 
1.81  1.35316e+65 
1.811  1.75865e+58 
1.812  1.91724e+53 
1.813  4.59335e+52 
1.814  2.37302e+68 
1.815  2.26402e+53 
1.816  2.6063e+70 
1.817  3.55526e+79 
1.818  9.63798e+51 
1.819  1.19155e+74 
1.82  6.55e+53 
1.821  5.6153e+59 
1.822  9.10407e+56 
1.823  4.15982e+65 
1.824  1.1201e+60 
1.825  2.13212e+57 
1.826  4.18594e+54 
1.827  1.1431e+61 
1.828  2.01636e+66 
1.829  2.9384e+59 
1.83  1.21486e+75 
1.831  1.12495e+55 
1.832  1.51691e+84 
1.833  1.0477e+52 
1.834  7.96647e+54 
1.835  2.58603e+59 
1.836  9.41181e+53 
1.837  7.68527e+51 
1.838  1.16443e+52 
1.839  2.80213e+50 
1.84  4.40367e+54 
1.841  5.91378e+59 
1.842  1.31771e+69 
1.843  3.35936e+53 
1.844  1.53808e+65 
1.845  5.92734e+58 
1.846  6.21539e+55 
1.847  7.66317e+65 
1.848  3.47863e+56 
1.849  3.18732e+55 
1.85  3.51184e+74 
1.851  6.76958e+64 
1.852  2.24291e+55 
1.853  1.62056e+52 
1.854  6.25068e+52 
1.855  3.95175e+60 
1.856  7.16555e+59 
1.857  8.30056e+51 
1.858  1.29856e+55 
1.859  3.17217e+59 
1.86  1.0128e+63 
1.861  5.09374e+63 
1.862  1.9826e+63 
1.863  1.15774e+57 
1.864  3.47572e+62 
1.865  1.16521e+55 
1.866  1.05967e+51 
1.867  3.58887e+98 
1.868  8.57273e+54 
1.869  1.74423e+58 
1.87  6.12934e+55 
1.871  1.8481e+71 
1.872  5.72445e+56 
1.873  6.22778e+53 
1.874  3.86066e+63 
1.875  9.26138e+57 
1.876  8.86624e+62 
1.877  7.52727e+58 
1.878  1.2471e+64 
1.879  8.94923e+59 
1.88  1.16357e+53 
1.881  3.06543e+59 
1.882  2.29604e+59 
1.883  1.67859e+77 
1.884  8.7388e+47 
1.885  6.52949e+62 
1.886  6.20907e+50 
1.887  7.44345e+57 
1.888  8.09856e+60 
1.889  6.39349e+56 
1.89  6.00913e+51 
1.891  6.93723e+58 
1.892  8.13818e+55 
1.893  9.73514e+63 
1.894  2.52671e+55 
1.895  7.46404e+59 
1.896  2.0877e+57 
1.897  1.88918e+52 
1.898  2.95478e+55 
1.899  5.01737e+81 
1.9  8.01738e+51 
1.901  9.21309e+54 
1.902  8.90934e+54 
1.903  2.14166e+60 
1.904  9.94128e+56 
1.905  1.44565e+65 
1.906  4.14642e+53 
1.907  2.1543e+56 
1.908  6.70158e+55 
1.909  2.64528e+68 
1.91  3.30899e+57 
1.911  4.07451e+54 
1.912  5.90053e+53 
1.913  1.57268e+56 
1.914  2.46587e+55 
1.915  6.18865e+56 
1.916  4.91401e+51 
1.917  1.6351e+69 
1.918  2.21001e+55 
1.919  1.41603e+53 
1.92  1.25203e+64 
1.921  7.75113e+60 
1.922  8.30124e+53 
1.923  1.60947e+55 
1.924  3.82259e+74 
1.925  4.32363e+52 
1.926  8.20508e+61 
1.927  5.78706e+84 
1.928  6.97758e+64 
1.929  3.28242e+58 
1.93  6.31967e+59 
1.931  4.233e+69 
1.932  1.553e+68 
1.933  8.22612e+48 
1.934  1.77832e+54 
1.935  6.51633e+52 
1.936  3.18984e+53 
1.937  2.04554e+60 
1.938  1.98192e+65 
1.939  1.50382e+56 
1.94  7.57847e+54 
1.941  2.42614e+57 
1.942  4.93599e+48 
1.943  2.18993e+77 
1.944  2.46801e+53 
1.945  1.02408e+56 
1.946  2.57574e+60 
1.947  2.60717e+51 
1.948  5.79977e+56 
1.949  6.17103e+54 
1.95  1.42524e+50 
1.951  1.15532e+60 
1.952  1.68669e+57 
1.953  1.21839e+64 
1.954  4.22579e+53 
1.955  1.64128e+57 
1.956  3.06379e+57 
1.957  9.76231e+60 
1.958  2.99055e+50 
1.959  9.82264e+54 
1.96  1.27322e+48 
1.961  3.83816e+60 
1.962  2.4575e+66 
1.963  8.83076e+54 
1.964  3.91575e+69 
1.965  1.67861e+59 
1.966  3.79269e+59 
1.967  7.40722e+65 
1.968  2.72253e+58 
1.969  2.12657e+52 
1.97  1.02306e+65 
1.971  5.10548e+59 
1.972  2.24754e+55 
1.973  1.32333e+55 
1.974  1.29108e+53 
1.975  5.4664e+55 
1.976  9.67057e+61 
1.977  4.11136e+52 
1.978  3.30329e+58 
1.979  1.95669e+56 
1.98  1.30684e+56 
1.981  1.1201e+53 
1.982  3.19035e+54 
1.983  2.22188e+52 
1.984  1.09768e+65 
1.985  8.55036e+58 
1.986  3.55891e+61 
1.987  7.83091e+61 
1.988  2.78349e+58 
1.989  3.08061e+57 
1.99  3.65144e+69 
1.991  2.03658e+56 
1.992  2.85055e+62 
1.993  4.88028e+52 
1.994  4.29921e+55 
1.995  1.50739e+53 
1.996  2.8667e+51 
1.997  6.27261e+55 
1.998  5.16253e+56 
1.999  6.43053e+58 
2  1.70762e+174 
2.001  1.93781e+31 
2.002  9.44098e+27 
2.003  1.09081e+26 
2.004  4.60607e+24 
2.005  3.95638e+23 
2.006  5.32495e+22 
2.007  9.77081e+21 
2.008  2.24937e+21 
2.009  6.15788e+20 
2.01  1.93265e+20 
2.011  6.7747e+19 
2.012  2.60181e+19 
2.013  1.07883e+19 
2.014  4.77514e+18 
2.015  2.23591e+18 
2.016  1.09952e+18 
2.017  5.64484e+17 
2.018  3.01064e+17 
2.019  1.66124e+17 
2.02  9.45063e+16 
2.021  5.52645e+16 
2.022  3.31342e+16 
2.023  2.0323e+16 
2.024  1.27274e+16 
2.025  8.12441e+15 
2.026  5.2783e+15 
2.027  3.48553e+15 
2.028  2.33669e+15 
2.029  1.58866e+15 
2.03  1.09432e+15 
2.031  7.63078e+14 
2.032  5.38229e+14 
2.033  3.83737e+14 
2.034  2.76368e+14 
2.035  2.00945e+14 
2.036  1.47424e+14 
2.037  1.09081e+14 
2.038  8.13611e+13 
2.039  6.11499e+13 
2.04  4.62931e+13 
2.041  3.52878e+13 
2.042  2.70754e+13 
2.043  2.09042e+13 
2.044  1.6236e+13 
2.045  1.26821e+13 
2.046  9.96007e+12 
2.047  7.86308e+12 
2.048  6.23858e+12 
2.049  4.9734e+12 
2.05  3.983e+12 
2.051  3.2039e+12 
2.052  2.58812e+12 
2.053  2.09922e+12 
2.054  1.70935e+12 
2.055  1.39716e+12 
2.056  1.14614e+12 
2.057  9.43523e+11 
2.058  7.79361e+11 
2.059  6.45871e+11 
2.06  5.36939e+11 
2.061  4.47746e+11 
2.062  3.74474e+11 
2.063  3.14091e+11 
2.064  2.64176e+11 
2.065  2.22791e+11 
2.066  1.88379e+11 
2.067  1.59685e+11 
2.068  1.35694e+11 
2.069  1.15582e+11 
2.07  9.86783e+10 
2.071  8.44364e+10 
2.072  7.24078e+10 
2.073  6.22247e+10 
2.074  5.35842e+10 
2.075  4.62363e+10 
2.076  3.99741e+10 
2.077  3.4626e+10 
2.078  3.0049e+10 
2.079  2.61243e+10 
2.08  2.27523e+10 
2.081  1.98496e+10 
2.082  1.73462e+10 
2.083  1.51834e+10 
2.084  1.33116e+10 
2.085  1.16887e+10 
2.086  1.02792e+10 
2.087  9.05325e+09 
2.088  7.98507e+09 
2.089  7.05293e+09 
2.09  6.23827e+09 
2.091  5.5252e+09 
2.092  4.90015e+09 
2.093  4.35146e+09 
2.094  3.86913e+09 
2.095  3.44454e+09 
2.096  3.07029e+09 
2.097  2.73997e+09 
2.098  2.44805e+09 
2.099  2.18974e+09 
2.1  1.96088e+09 
2.101  1.75788e+09 
2.102  1.57759e+09 
2.103  1.41729e+09 
2.104  1.2746e+09 
2.105  1.14744e+09 
2.106  1.034e+09 
2.107  9.32686e+08 
2.108  8.42108e+08 
2.109  7.61045e+08 
2.11  6.88422e+08 
2.111  6.23295e+08 
2.112  5.64834e+08 
2.113  5.12305e+08 
2.114  4.65061e+08 
2.115  4.22532e+08 
2.116  3.84212e+08 
2.117  3.49653e+08 
2.118  3.18458e+08 
2.119  2.90275e+08 
2.12  2.64792e+08 
2.121  2.41731e+08 
2.122  2.20844e+08 
2.123  2.01911e+08 
2.124  1.84736e+08 
2.125  1.69142e+08 
2.126  1.54974e+08 
2.127  1.42091e+08 
2.128  1.30368e+08 
2.129  1.19692e+08 
2.13  1.09964e+08 
2.131  1.01092e+08 
2.132  9.29949e+07 
2.133  8.56006e+07 
2.134  7.88434e+07 
2.135  7.2664e+07 
2.136  6.70094e+07 
2.137  6.18316e+07 
2.138  5.70874e+07 
2.139  5.27376e+07 
2.14  4.8747e+07 
2.141  4.50836e+07 
2.142  4.17187e+07 
2.143  3.86259e+07 
2.144  3.57817e+07 
2.145  3.31645e+07 
2.146  3.07548e+07 
2.147  2.85349e+07 
2.148  2.64888e+07 
2.149  2.46017e+07 
2.15  2.28604e+07 
2.151  2.12527e+07 
2.152  1.97676e+07 
2.153  1.83951e+07 
2.154  1.71259e+07 
2.155  1.59516e+07 
2.156  1.48647e+07 
2.157  1.38581e+07 
2.158  1.29254e+07 
2.159  1.20609e+07 
2.16  1.1259e+07 
2.161  1.0515e+07 
2.162  9.8243e+06 
2.163  9.18283e+06 
2.164  8.5868e+06 
2.165  8.03274e+06 
2.166  7.51746e+06 
2.167  7.03805e+06 
2.168  6.59182e+06 
2.169  6.17628e+06 
2.17  5.78916e+06 
2.171  5.42838e+06 
2.172  5.09199e+06 
2.173  4.77823e+06 
2.174  4.48545e+06 
2.175  4.21214e+06 
2.176  3.9569e+06 
2.177  3.71845e+06 
2.178  3.4956e+06 
2.179  3.28724e+06 
2.18  3.09237e+06 
2.181  2.91003e+06 
2.182  2.73937e+06 
2.183  2.57957e+06 
2.184  2.42989e+06 
2.185  2.28964e+06 
2.186  2.15818e+06 
2.187  2.03491e+06 
2.188  1.91929e+06 
2.189  1.8108e+06 
2.19  1.70897e+06 
2.191  1.61335e+06 
2.192  1.52355e+06 
2.193  1.43917e+06 
2.194  1.35987e+06 
2.195  1.28531e+06 
2.196  1.2152e+06 
2.197  1.14923e+06 
2.198  1.08716e+06 
2.199  1.02872e+06 
2.2  973703 
2.201  921877 
2.202  873047 
2.203  827027 
2.204  783642 
2.205  742728 
2.206  704136 
2.207  667721 
2.208  633352 
2.209  600905 
2.21  570264 
2.211  541320 
2.212  513972 
2.213  488126 
2.214  463691 
2.215  440585 
2.216  418731 
2.217  398054 
2.218  378486 
2.219  359964 
2.22  342427 
2.221  325818 
2.222  310084 
2.223  295176 
2.224  281047 
2.225  267653 
2.226  254953 
2.227  242907 
2.228  231480 
2.229  220638 
2.23  210347 
2.231  200578 
2.232  191302 
2.233  182492 
2.234  174123 
2.235  166171 
2.236  158614 
2.237  151431 
2.238  144601 
2.239  138106 
2.24  131928 
2.241  126051 
2.242  120458 
2.243  115135 
2.244  110067 
2.245  105243 
2.246  100648 
2.247  96270.7 
2.248  92100.7 
2.249  88127.1 
2.25  84339.9 
2.251  80729.7 
2.252  77287.4 
2.253  74004.7 
2.254  70873.7 
2.255  67886.6 
2.256  65036.4 
2.257  62316.4 
2.258  59720 
2.259  57241.2 
2.26  54874.4 
2.261  52613.9 
2.262  50454.7 
2.263  48391.8 
2.264  46420.7 
2.265  44536.8 
2.266  42736.1 
2.267  41014.5 
2.268  39368.4 
2.269  37794.1 
2.27  36288.3 
2.271  34847.7 
2.272  33469.3 
2.273  32150.2 
2.274  30887.6 
2.275  29679 
2.276  28521.8 
2.277  27413.6 
2.278  26352.3 
2.279  25335.7 
2.28  24361.7 
2.281  23428.4 
2.282  22534 
2.283  21676.8 
2.284  20855 
2.285  20067.1 
2.286  19311.6 
2.287  18587 
2.288  17892 
2.289  17225.2 
2.29  16585.5 
2.291  15971.6 
2.292  15382.4 
2.293  14816.9 
2.294  14274 
2.295  13752.7 
2.296  13252.1 
2.297  12771.4 
2.298  12309.6 
2.299  11865.9 
2.3  11439.7 
2.301  11030.1 
2.302  10636.5 
2.303  10258.1 
2.304  9894.39 
2.305  9544.69 
2.306  9208.44 
2.307  8885.08 
2.308  8574.06 
2.309  8274.89 
2.31  7987.07 
2.311  7710.14 
2.312  7443.65 
2.313  7187.18 
2.314  6940.32 
2.315  6702.68 
2.316  6473.9 
2.317  6253.61 
2.318  6041.47 
2.319  5837.15 
2.32  5640.36 
2.321  5450.78 
2.322  5268.13 
2.323  5092.13 
2.324  4922.53 
2.325  4759.08 
2.326  4601.53 
2.327  4449.65 
2.328  4303.22 
2.329  4162.03 
2.33  4025.89 
2.331  3894.58 
2.332  3767.93 
2.333  3645.77 
2.334  3527.91 
2.335  3414.19 
2.336  3304.46 
2.337  3198.57 
2.338  3096.36 
2.339  2997.71 
2.34  2902.47 
2.341  2810.53 
2.342  2721.75 
2.343  2636.03 
2.344  2553.23 
2.345  2473.27 
2.346  2396.03 
2.347  2321.41 
2.348  2249.32 
2.349  2179.67 
2.35  2112.36 
2.351  2047.31 
2.352  1984.43 
2.353  1923.66 
2.354  1864.91 
2.355  1808.11 
2.356  1753.2 
2.357  1700.09 
2.358  1648.74 
2.359  1599.07 
2.36  1551.03 
2.361  1504.55 
2.362  1459.59 
2.363  1416.1 
2.364  1374.01 
2.365  1333.28 
2.366  1293.86 
2.367  1255.71 
2.368  1218.78 
2.369  1183.03 
2.37  1148.43 
2.371  1114.92 
2.372  1082.47 
2.373  1051.06 
2.374  1020.63 
2.375  991.158 
2.376  962.613 
2.377  934.961 
2.378  908.172 
2.379  882.217 
2.38  857.068 
2.381  832.698 
2.382  809.081 
2.383  786.192 
2.384  764.007 
2.385  742.501 
2.386  721.654 
2.387  701.442 
2.388  681.845 
2.389  662.843 
2.39  644.416 
2.391  626.545 
2.392  609.213 
2.393  592.402 
2.394  576.094 
2.395  560.274 
2.396  544.926 
2.397  530.034 
2.398  515.584 
2.399  501.562 
2.4  487.954 
2.401  474.747 
2.402  461.928 
2.403  449.485 
2.404  437.405 
2.405  425.678 
2.406  414.293 
2.407  403.237 
2.408  392.502 
2.409  382.078 
2.41  371.953 
2.411  362.12 
2.412  352.569 
2.413  343.291 
2.414  334.279 
2.415  325.522 
2.416  317.015 
2.417  308.749 
2.418  300.717 
2.419  292.911 
2.42  285.325 
2.421  277.952 
2.422  270.786 
2.423  263.82 
2.424  257.049 
2.425  250.466 
2.426  244.065 
2.427  237.842 
2.428  231.792 
2.429  225.907 
2.43  220.185 
2.431  214.62 
2.432  209.207 
2.433  203.943 
2.434  198.821 
2.435  193.84 
2.436  188.993 
2.437  184.278 
2.438  179.69 
2.439  175.225 
2.44  170.881 
2.441  166.654 
2.442  162.54 
2.443  158.535 
2.444  154.638 
2.445  150.844 
2.446  147.151 
2.447  143.556 
2.448  140.056 
2.449  136.648 
2.45  133.33 
2.451  130.1 
2.452  126.954 
2.453  123.89 
2.454  120.906 
2.455  118 
2.456  115.169 
2.457  112.412 
2.458  109.726 
2.459  107.11 
2.46  104.561 
2.461  102.077 
2.462  99.6575 
2.463  97.2997 
2.464  95.0023 
2.465  92.7634 
2.466  90.5815 
2.467  88.4551 
2.468  86.3825 
2.469  84.3624 
2.47  82.3933 
2.471  80.4738 
2.472  78.6026 
2.473  76.7784 
2.474  74.9998 
2.475  73.2656 
2.476  71.5748 
2.477  69.926 
2.478  68.3181 
2.479  66.7502 
2.48  65.221 
2.481  63.7296 
2.482  62.2749 
2.483  60.8561 
2.484  59.472 
2.485  58.1219 
2.486  56.8048 
2.487  55.5198 
2.488  54.2662 
2.489  53.043 
2.49  51.8495 
2.491  50.6849 
2.492  49.5484 
2.493  48.4394 
2.494  47.357 
2.495  46.3007 
2.496  45.2697 
2.497  44.2634 
2.498  43.2811 
2.499  42.3223 
2.5  41.3863 
2.501  40.4725 
2.502  39.5804 
2.503  38.7094 
2.504  37.859 
2.505  37.0286 
2.506  36.2178 
2.507  35.4261 
2.508  34.6529 
2.509  33.8978 
2.51  33.1604 
2.511  32.4401 
2.512  31.7367 
2.513  31.0495 
2.514  30.3784 
2.515  29.7227 
2.516  29.0822 
2.517  28.4565 
2.518  27.8452 
2.519  27.248 
2.52  26.6644 
2.521  26.0943 
2.522  25.5371 
2.523  24.9927 
2.524  24.4607 
2.525  23.9408 
2.526  23.4327 
2.527  22.9361 
2.528  22.4508 
2.529  21.9764 
2.53  21.5127 
2.531  21.0595 
2.532  20.6164 
2.533  20.1833 
2.534  19.7598 
2.535  19.3459 
2.536  18.9412 
2.537  18.5455 
2.538  18.1586 
2.539  17.7803 
2.54  17.4104 
2.541  17.0486 
2.542  16.6949 
2.543  16.349 
2.544  16.0106 
2.545  15.6798 
2.546  15.3561 
2.547  15.0396 
2.548  14.73 
2.549  14.4272 
2.55  14.131 
2.551  13.8412 
2.552  13.5577 
2.553  13.2804 
2.554  13.009 
2.555  12.7436 
2.556  12.4839 
2.557  12.2297 
2.558  11.9811 
2.559  11.7378 
2.56  11.4997 
2.561  11.2667 
2.562  11.0387 
2.563  10.8156 
2.564  10.5972 
2.565  10.3835 
2.566  10.1743 
2.567  9.96958 
2.568  9.76919 
2.569  9.57304 
2.57  9.38103 
2.571  9.19307 
2.572  9.00907 
2.573  8.82895 
2.574  8.65261 
2.575  8.47996 
2.576  8.31093 
2.577  8.14544 
2.578  7.9834 
2.579  7.82474 
2.58  7.66938 
2.581  7.51726 
2.582  7.36829 
2.583  7.22241 
2.584  7.07955 
2.585  6.93964 
2.586  6.80262 
2.587  6.66842 
2.588  6.53699 
2.589  6.40825 
2.59  6.28216 
2.591  6.15865 
2.592  6.03767 
2.593  5.91917 
2.594  5.80308 
2.595  5.68935 
2.596  5.57795 
2.597  5.4688 
2.598  5.36187 
2.599  5.25711 
2.6  5.15447 
2.601  5.05391 
2.602  4.95537 
2.603  4.85882 
2.604  4.76422 
2.605  4.67151 
2.606  4.58067 
2.607  4.49165 
2.608  4.40442 
2.609  4.31892 
2.61  4.23514 
2.611  4.15303 
2.612  4.07255 
2.613  3.99368 
2.614  3.91637 
2.615  3.8406 
2.616  3.76633 
2.617  3.69353 
2.618  3.62217 
2.619  3.55222 
2.62  3.48365 
2.621  3.41643 
2.622  3.35053 
2.623  3.28593 
2.624  3.2226 
2.625  3.16051 
2.626  3.09963 
2.627  3.03995 
2.628  2.98143 
2.629  2.92405 
2.63  2.86779 
2.631  2.81263 
2.632  2.75854 
2.633  2.7055 
2.634  2.65349 
2.635  2.60249 
2.636  2.55248 
2.637  2.50343 
2.638  2.45533 
2.639  2.40816 
2.64  2.36189 
2.641  2.31652 
2.642  2.27202 
2.643  2.22838 
2.644  2.18557 
2.645  2.14359 
2.646  2.1024 
2.647  2.06201 
2.648  2.02239 
2.649  1.98352 
2.65  1.9454 
2.651  1.908 
2.652  1.87131 
2.653  1.83532 
2.654  1.80002 
2.655  1.76538 
2.656  1.73141 
2.657  1.69807 
2.658  1.66537 
2.659  1.63328 
2.66  1.6018 
2.661  1.57091 
2.662  1.54061 
2.663  1.51087 
2.664  1.4817 
2.665  1.45307 
2.666  1.42499 
2.667  1.39743 
2.668  1.37038 
2.669  1.34384 
2.67  1.3178 
2.671  1.29225 
2.672  1.26717 
2.673  1.24256 
2.674  1.21841 
2.675  1.19471 
2.676  1.17145 
2.677  1.14863 
2.678  1.12623 
2.679  1.10424 
2.68  1.08266 
2.681  1.06149 
2.682  1.0407 
2.683  1.0203 
2.684  1.00028 
2.685  0.980629 
2.686  0.96134 
2.687  0.942408 
2.688  0.923824 
2.689  0.905583 
2.69  0.887679 
2.691  0.870104 
2.692  0.852852 
2.693  0.835918 
2.694  0.819295 
2.695  0.802977 
2.696  0.786958 
2.697  0.771234 
2.698  0.755797 
2.699  0.740644 
2.7  0.725767 
2.701  0.711163 
2.702  0.696826 
2.703  0.682752 
2.704  0.668934 
2.705  0.655368 
2.706  0.64205 
2.707  0.628975 
2.708  0.616138 
2.709  0.603535 
2.71  0.591162 
2.711  0.579014 
2.712  0.567087 
2.713  0.555376 
2.714  0.543879 
2.715  0.532591 
2.716  0.521507 
2.717  0.510625 
2.718  0.49994 
2.719  0.489449 
2.72  0.479148 
2.721  0.469035 
2.722  0.459104 
2.723  0.449353 
2.724  0.439779 
2.725  0.430378 
2.726  0.421147 
2.727  0.412083 
2.728  0.403184 
2.729  0.394445 
2.73  0.385864 
2.731  0.377438 
2.732  0.369165 
2.733  0.361041 
2.734  0.353064 
2.735  0.345231 
2.736  0.337539 
2.737  0.329986 
2.738  0.32257 
2.739  0.315287 
2.74  0.308136 
2.741  0.301114 
2.742  0.294219 
2.743  0.287448 
2.744  0.280799 
2.745  0.274271 
2.746  0.26786 
2.747  0.261565 
2.748  0.255383 
2.749  0.249313 
2.75  0.243352 
2.751  0.2375 
2.752  0.231752 
2.753  0.226109 
2.754  0.220567 
2.755  0.215126 
2.756  0.209782 
2.757  0.204536 
2.758  0.199384 
2.759  0.194325 
2.76  0.189358 
2.761  0.18448 
2.762  0.179691 
2.763  0.174988 
2.764  0.17037 
2.765  0.165836 
2.766  0.161384 
2.767  0.157013 
2.768  0.152721 
2.769  0.148506 
2.77  0.144369 
2.771  0.140306 
2.772  0.136317 
2.773  0.1324 
2.774  0.128555 
2.775  0.124779 
2.776  0.121072 
2.777  0.117433 
2.778  0.11386 
2.779  0.110352 
2.78  0.106908 
2.781  0.103527 
2.782  0.100208 
2.783  0.0969488 
2.784  0.0937496 
2.785  0.090609 
2.786  0.0875259 
2.787  0.0844994 
2.788  0.0815283 
2.789  0.0786119 
2.79  0.075749 
2.791  0.0729388 
2.792  0.0701803 
2.793  0.0674727 
2.794  0.064815 
2.795  0.0622064 
2.796  0.0596461 
2.797  0.0571331 
2.798  0.0546668 
2.799  0.0522461 
2.8  0.0498704 
2.801  0.047539 
2.802  0.0452509 
2.803  0.0430055 
2.804  0.040802 
2.805  0.0386396 
2.806  0.0365178 
2.807  0.0344358 
2.808  0.0323928 
2.809  0.0303882 
2.81  0.0284214 
2.811  0.0264917 
2.812  0.0245984 
2.813  0.022741 
2.814  0.0209188 
2.815  0.0191311 
2.816  0.0173775 
2.817  0.0156572 
2.818  0.0139698 
2.819  0.0123147 
2.82  0.0106913 
2.821  0.00909901 
2.822  0.00753738 
2.823  0.00600585 
2.824  0.00450391 
2.825  0.00303104 
2.826  0.00158674 
2.827  0.000170524 
2.828  -0.00121809 
2.829  -0.00257959 
2.83  -0.00391442 
2.831  -0.00522306 
2.832  -0.00650595 
2.833  -0.00776353 
2.834  -0.00899624 
2.835  -0.0102045 
2.836  -0.0113887 
2.837  -0.0125494 
2.838  -0.0136868 
2.839  -0.0148014 
2.84  -0.0158936 
2.841  -0.0169638 
2.842  -0.0180123 
2.843  -0.0190395 
2.844  -0.0200458 
2.845  -0.0210316 
2.846  -0.0219971 
2.847  -0.0229428 
2.848  -0.0238689 
2.849  -0.0247759 
2.85  -0.025664 
2.851  -0.0265336 
2.852  -0.027385 
2.853  -0.0282185 
2.854  -0.0290344 
2.855  -0.029833 
2.856  -0.0306146 
2.857  -0.0313795 
2.858  -0.032128 
2.859  -0.0328603 
2.86  -0.0335768 
2.861  -0.0342777 
2.862  -0.0349633 
2.863  -0.0356338 
2.864  -0.0362895 
2.865  -0.0369307 
2.866  -0.0375576 
2.867  -0.0381704 
2.868  -0.0387695 
2.869  -0.0393549 
2.87  -0.0399271 
2.871  -0.0404861 
2.872  -0.0410322 
2.873  -0.0415657 
2.874  -0.0420868 
2.875  -0.0425956 
2.876  -0.0430924 
2.877  -0.0435774 
2.878  -0.0440508 
2.879  -0.0445128 
2.88  -0.0449636 
2.881  -0.0454034 
2.882  -0.0458324 
2.883  -0.0462507 
2.884  -0.0466585 
2.885  -0.0470561 
2.886  -0.0474436 
2.887  -0.0478212 
2.888  -0.0481891 
2.889  -0.0485473 
2.89  -0.0488962 
2.891  -0.0492358 
2.892  -0.0495663 
2.893  -0.0498879 
2.894  -0.0502007 
2.895  -0.0505049 
2.896  -0.0508006 
2.897  -0.051088 
2.898  -0.0513672 
2.899  -0.0516384 
2.9  -0.0519017 
2.901  -0.0521572 
2.902  -0.0524052 
2.903  -0.0526456 
2.904  -0.0528787 
2.905  -0.0531045 
2.906  -0.0533233 
2.907  -0.053535 
2.908  -0.05374 
2.909  -0.0539382 
2.91  -0.0541297 
2.911  -0.0543148 
2.912  -0.0544935 
2.913  -0.054666 
2.914  -0.0548323 
2.915  -0.0549925 
2.916  -0.0551468 
2.917  -0.0552953 
2.918  -0.055438 
2.919  -0.0555751 
2.92  -0.0557067 
2.921  -0.0558329 
2.922  -0.0559537 
2.923  -0.0560693 
2.924  -0.0561798 
2.925  -0.0562852 
2.926  -0.0563856 
2.927  -0.0564812 
2.928  -0.056572 
2.929  -0.0566581 
2.93  -0.0567396 
2.931  -0.0568166 
2.932  -0.0568891 
2.933  -0.0569573 
2.934  -0.0570212 
2.935  -0.0570809 
2.936  -0.0571365 
2.937  -0.057188 
2.938  -0.0572355 
2.939  -0.0572791 
2.94  -0.0573189 
2.941  -0.057355 
2.942  -0.0573874 
2.943  -0.0574161 
2.944  -0.0574413 
2.945  -0.057463 
2.946  -0.0574812 
2.947  -0.0574962 
2.948  -0.0575078 
2.949  -0.0575162 
2.95  -0.0575214 
2.951  -0.0575235 
2.952  -0.0575225 
2.953  -0.0575186 
2.954  -0.0575117 
2.955  -0.057502 
2.956  -0.0574894 
2.957  -0.057474 
2.958  -0.057456 
2.959  -0.0574352 
2.96  -0.0574119 
2.961  -0.057386 
2.962  -0.0573575 
2.963  -0.0573267 
2.964  -0.0572934 
2.965  -0.0572577 
2.966  -0.0572197 
2.967  -0.0571794 
2.968  -0.0571369 
2.969  -0.0570923 
2.97  -0.0570455 
2.971  -0.0569965 
2.972  -0.0569456 
2.973  -0.0568926 
2.974  -0.0568376 
2.975  -0.0567808 
2.976  -0.056722 
2.977  -0.0566613 
2.978  -0.0565989 
2.979  -0.0565347 
2.98  -0.0564687 
2.981  -0.0564011 
2.982  -0.0563317 
2.983  -0.0562608 
2.984  -0.0561882 
2.985  -0.0561141 
2.986  -0.0560384 
2.987  -0.0559613 
2.988  -0.0558826 
2.989  -0.0558026 
2.99  -0.0557211 
2.991  -0.0556383 
2.992  -0.0555542 
2.993  -0.0554687 
2.994  -0.0553819 
2.995  -0.0552939 
2.996  -0.0552047 
2.997  -0.0551143 
2.998  -0.0550227 
2.999  -0.05493 
3  -0.0548361 
3.001  -0.0547412 
3.002  -0.0546452 
3.003  -0.0545482 
3.004  -0.0544501 
3.005  -0.0543511 
3.006  -0.0542511 
3.007  -0.0541502 
3.008  -0.0540483 
3.009  -0.0539456 
3.01  -0.053842 
3.011  -0.0537375 
3.012  -0.0536322 
3.013  -0.0535261 
3.014  -0.0534192 
3.015  -0.0533116 
3.016  -0.0532032 
3.017  -0.0530941 
3.018  -0.0529842 
3.019  -0.0528737 
3.02  -0.0527625 
3.021  -0.0526507 
3.022  -0.0525383 
3.023  -0.0524252 
3.024  -0.0523115 
3.025  -0.0521973 
3.026  -0.0520825 
3.027  -0.0519672 
3.028  -0.0518513 
3.029  -0.0517349 
3.03  -0.051618 
3.031  -0.0515007 
3.032  -0.0513829 
3.033  -0.0512646 
3.034  -0.0511459 
3.035  -0.0510268 
3.036  -0.0509073 
3.037  -0.0507874 
3.038  -0.0506671 
3.039  -0.0505464 
3.04  -0.0504254 
3.041  -0.0503041 
3.042  -0.0501824 
3.043  -0.0500605 
3.044  -0.0499382 
3.045  -0.0498156 
3.046  -0.0496928 
3.047  -0.0495697 
3.048  -0.0494464 
3.049  -0.0493228 
3.05  -0.049199 
3.051  -0.049075 
3.052  -0.0489508 
3.053  -0.0488264 
3.054  -0.0487018 
3.055  -0.048577 
3.056  -0.048452 
3.057  -0.0483269 
3.058  -0.0482017 
3.059  -0.0480763 
3.06  -0.0479508 
3.061  -0.0478252 
3.062  -0.0476995 
3.063  -0.0475737 
3.064  -0.0474478 
3.065  -0.0473218 
3.066  -0.0471957 
3.067  -0.0470696 
3.068  -0.0469434 
3.069  -0.0468172 
3.07  -0.0466909 
3.071  -0.0465646 
3.072  -0.0464383 
3.073  -0.0463119 
3.074  -0.0461855 
3.075  -0.0460592 
3.076  -0.0459328 
3.077  -0.0458065 
3.078  -0.0456801 
3.079  -0.0455538 
3.08  -0.0454276 
3.081  -0.0453013 
3.082  -0.0451751 
3.083  -0.045049 
3.084  -0.0449229 
3.085  -0.0447969 
3.086  -0.0446709 
3.087  -0.044545 
3.088  -0.0444192 
3.089  -0.0442935 
3.09  -0.0441678 
3.091  -0.0440423 
3.092  -0.0439168 
3.093  -0.0437915 
3.094  -0.0436662 
3.095  -0.0435411 
3.096  -0.0434161 
3.097  -0.0432912 
3.098  -0.0431665 
3.099  -0.0430419 
3.1  -0.0429174 
3.101  -0.042793 
3.102  -0.0426688 
3.103  -0.0425448 
3.104  -0.0424209 
3.105  -0.0422972 
3.106  -0.0421736 
3.107  -0.0420502 
3.108  -0.0419269 
3.109  -0.0418039 
3.11  -0.041681 
3.111  -0.0415583 
3.112  -0.0414357 
3.113  -0.0413134 
3.114  -0.0411912 
3.115  -0.0410692 
3.116  -0.0409475 
3.117  -0.0408259 
3.118  -0.0407045 
3.119  -0.0405834 
3.12  -0.0404624 
3.121  -0.0403416 
3.122  -0.0402211 
3.123  -0.0401008 
3.124  -0.0399807 
3.125  -0.0398608 
3.126  -0.0397411 
3.127  -0.0396217 
3.128  -0.0395025 
3.129  -0.0393835 
3.13  -0.0392647 
3.131  -0.0391462 
3.132  -0.0390279 
3.133  -0.0389099 
3.134  -0.0387921 
3.135  -0.0386745 
3.136  -0.0385572 
3.137  -0.0384402 
3.138  -0.0383233 
3.139  -0.0382068 
3.14  -0.0380904 
3.141  -0.0379744 
3.142  -0.0378586 
3.143  -0.037743 
3.144  -0.0376277 
3.145  -0.0375127 
3.146  -0.0373979 
3.147  -0.0372834 
3.148  -0.0371691 
3.149  -0.0370552 
3.15  -0.0369414 
3.151  -0.036828 
3.152  -0.0367148 
3.153  -0.0366019 
3.154  -0.0364892 
3.155  -0.0363769 
3.156  -0.0362648 
3.157  -0.036153 
3.158  -0.0360414 
3.159  -0.0359301 
3.16  -0.0358191 
3.161  -0.0357084 
3.162  -0.035598 
3.163  -0.0354878 
3.164  -0.035378 
3.165  -0.0352684 
3.166  -0.035159 
3.167  -0.03505 
3.168  -0.0349413 
3.169  -0.0348328 
3.17  -0.0347246 
3.171  -0.0346167 
3.172  -0.0345091 
3.173  -0.0344018 
3.174  -0.0342948 
3.175  -0.034188 
3.176  -0.0340816 
3.177  -0.0339754 
3.178  -0.0338695 
3.179  -0.0337639 
3.18  -0.0336586 
3.181  -0.0335536 
3.182  -0.0334489 
3.183  -0.0333445 
3.184  -0.0332403 
3.185  -0.0331365 
3.186  -0.0330329 
3.187  -0.0329297 
3.188  -0.0328267 
3.189  -0.032724 
3.19  -0.0326216 
3.191  -0.0325195 
3.192  -0.0324177 
3.193  -0.0323162 
3.194  -0.032215 
3.195  -0.0321141 
3.196  -0.0320135 
3.197  -0.0319131 
3.198  -0.0318131 
3.199  -0.0317133 
3.2  -0.0316139 
3.201  -0.0315147 
3.202  -0.0314158 
3.203  -0.0313172 
3.204  -0.0312189 
3.205  -0.0311209 
3.206  -0.0310232 
3.207  -0.0309258 
3.208  -0.0308287 
3.209  -0.0307319 
3.21  -0.0306353 
3.211  -0.0305391 
3.212  -0.0304431 
3.213  -0.0303475 
3.214  -0.0302521 
3.215  -0.030157 
3.216  -0.0300622 
3.217  -0.0299677 
3.218  -0.0298735 
3.219  -0.0297796 
3.22  -0.029686 
3.221  -0.0295926 
3.222  -0.0294996 
3.223  -0.0294068 
3.224  -0.0293143 
3.225  -0.0292221 
3.226  -0.0291302 
3.227  -0.0290386 
3.228  -0.0289473 
3.229  -0.0288562 
3.23  -0.0287655 
3.231  -0.028675 
3.232  -0.0285848 
3.233  -0.0284949 
3.234  -0.0284053 
3.235  -0.0283159 
3.236  -0.0282269 
3.237  -0.0281381 
3.238  -0.0280496 
3.239  -0.0279614 
3.24  -0.0278735 
3.241  -0.0277859 
3.242  -0.0276985 
3.243  -0.0276114 
3.244  -0.0275246 
3.245  -0.0274381 
3.246  -0.0273518 
3.247  -0.0272659 
3.248  -0.0271802 
3.249  -0.0270948 
3.25  -0.0270096 
3.251  -0.0269248 
3.252  -0.0268402 
3.253  -0.0267559 
3.254  -0.0266718 
3.255  -0.0265881 
3.256  -0.0265046 
3.257  -0.0264213 
3.258  -0.0263384 
3.259  -0.0262557 
3.26  -0.0261733 
3.261  -0.0260912 
3.262  -0.0260093 
3.263  -0.0259277 
3.264  -0.0258464 
3.265  -0.0257653 
3.266  -0.0256845 
3.267  -0.025604 
3.268  -0.0255237 
3.269  -0.0254437 
3.27  -0.025364 
3.271  -0.0252845 
3.272  -0.0252053 
3.273  -0.0251264 
3.274  -0.0250477 
3.275  -0.0249693 
3.276  -0.0248911 
3.277  -0.0248132 
3.278  -0.0247356 
3.279  -0.0246582 
3.28  -0.024581 
3.281  -0.0245042 
3.282  -0.0244276 
3.283  -0.0243512 
3.284  -0.0242751 
3.285  -0.0241993 
3.286  -0.0241237 
3.287  -0.0240483 
3.288  -0.0239732 
3.289  -0.0238984 
3.29  -0.0238238 
3.291  -0.0237495 
3.292  -0.0236754 
3.293  -0.0236016 
3.294  -0.023528 
3.295  -0.0234546 
3.296  -0.0233816 
3.297  -0.0233087 
3.298  -0.0232361 
3.299  -0.0231638 
3.3  -0.0230917 
3.301  -0.0230198 
3.302  -0.0229482 
3.303  -0.0228768 
3.304  -0.0228056 
3.305  -0.0227347 
3.306  -0.0226641 
3.307  -0.0225937 
3.308  -0.0225235 
3.309  -0.0224535 
3.31  -0.0223838 
3.311  -0.0223144 
3.312  -0.0222451 
3.313  -0.0221761 
3.314  -0.0221074 
3.315  -0.0220388 
3.316  -0.0219705 
3.317  -0.0219025 
3.318  -0.0218347 
3.319  -0.0217671 
3.32  -0.0216997 
3.321  -0.0216325 
3.322  -0.0215656 
3.323  -0.0214989 
3.324  -0.0214325 
3.325  -0.0213663 
3.326  -0.0213002 
3.327  -0.0212345 
3.328  -0.0211689 
3.329  -0.0211036 
3.33  -0.0210385 
3.331  -0.0209736 
3.332  -0.0209089 
3.333  -0.0208445 
3.334  -0.0207803 
3.335  -0.0207163 
3.336  -0.0206525 
3.337  -0.0205889 
3.338  -0.0205256 
3.339  -0.0204624 
3.34  -0.0203995 
3.341  -0.0203368 
3.342  -0.0202743 
3.343  -0.0202121 
3.344  -0.02015 
3.345  -0.0200882 
3.346  -0.0200265 
3.347  -0.0199651 
3.348  -0.0199039 
3.349  -0.0198429 
3.35  -0.0197821 
3.351  -0.0197215 
3.352  -0.0196612 
3.353  -0.019601 
3.354  -0.019541 
3.355  -0.0194813 
3.356  -0.0194217 
3.357  -0.0193624 
3.358  -0.0193032 
3.359  -0.0192443 
3.36  -0.0191856 
3.361  -0.019127 
3.362  -0.0190687 
3.363  -0.0190106 
3.364  -0.0189526 
3.365  -0.0188949 
3.366  -0.0188374 
3.367  -0.01878 
3.368  -0.0187229 
3.369  -0.0186659 
3.37  -0.0186092 
3.371  -0.0185526 
3.372  -0.0184963 
3.373  -0.0184401 
3.374  -0.0183841 
3.375  -0.0183283 
3.376  -0.0182727 
3.377  -0.0182173 
3.378  -0.0181621 
3.379  -0.0181071 
3.38  -0.0180523 
3.381  -0.0179976 
3.382  -0.0179432 
3.383  -0.0178889 
3.384  -0.0178348 
3.385  -0.017781 
3.386  -0.0177272 
3.387  -0.0176737 
3.388  -0.0176204 
3.389  -0.0175672 
3.39  -0.0175142 
3.391  -0.0174614 
3.392  -0.0174088 
3.393  -0.0173564 
3.394  -0.0173042 
3.395  -0.0172521 
3.396  -0.0172002 
3.397  -0.0171485 
3.398  -0.0170969 
3.399  -0.0170456 
3.4  -0.0169944 
3.401  -0.0169434 
3.402  -0.0168925 
3.403  -0.0168419 
3.404  -0.0167914 
3.405  -0.0167411 
3.406  -0.0166909 
3.407  -0.016641 
3.408  -0.0165912 
3.409  -0.0165415 
3.41  -0.0164921 
3.411  -0.0164428 
3.412  -0.0163937 
3.413  -0.0163447 
3.414  -0.016296 
3.415  -0.0162473 
3.416  -0.0161989 
3.417  -0.0161506 
3.418  -0.0161025 
3.419  -0.0160545 
3.42  -0.0160067 
3.421  -0.0159591 
3.422  -0.0159117 
3.423  -0.0158644 
3.424  -0.0158172 
3.425  -0.0157702 
3.426  -0.0157234 
3.427  -0.0156768 
3.428  -0.0156303 
3.429  -0.0155839 
3.43  -0.0155378 
3.431  -0.0154917 
3.432  -0.0154459 
3.433  -0.0154002 
3.434  -0.0153546 
3.435  -0.0153092 
3.436  -0.015264 
3.437  -0.0152189 
3.438  -0.015174 
3.439  -0.0151292 
3.44  -0.0150845 
3.441  -0.0150401 
3.442  -0.0149957 
3.443  -0.0149516 
3.444  -0.0149075 
3.445  -0.0148637 
3.446  -0.01482 
3.447  -0.0147764 
3.448  -0.014733 
3.449  -0.0146897 
3.45  -0.0146465 
3.451  -0.0146036 
3.452  -0.0145607 
3.453  -0.014518 
3.454  -0.0144755 
3.455  -0.0144331 
3.456  -0.0143908 
3.457  -0.0143487 
3.458  -0.0143067 
3.459  -0.0142649 
3.46  -0.0142232 
3.461  -0.0141817 
3.462  -0.0141403 
3.463  -0.014099 
3.464  -0.0140579 
3.465  -0.0140169 
3.466  -0.013976 
3.467  -0.0139353 
3.468  -0.0138948 
3.469  -0.0138543 
3.47  -0.013814 
3.471  -0.0137739 
3.472  -0.0137338 
3.473  -0.0136939 
3.474  -0.0136542 
3.475  -0.0136146 
3.476  -0.0135751 
3.477  -0.0135357 
3.478  -0.0134965 
3.479  -0.0134574 
3.48  -0.0134185 
3.481  -0.0133796 
3.482  -0.013341 
3.483  -0.0133024 
3.484  -0.013264 
3.485  -0.0132257 
3.486  -0.0131875 
3.487  -0.0131494 
3.488  -0.0131115 
3.489  -0.0130737 
3.49  -0.0130361 
3.491  -0.0129985 
3.492  -0.0129611 
3.493  -0.0129238 
3.494  -0.0128867 
3.495  -0.0128496 
3.496  -0.0128127 
3.497  -0.0127759 
3.498  -0.0127393 
3.499  -0.0127027 
3.5  -0.0126663 
3.501  -0.01263 
3.502  -0.0125938 
3.503  -0.0125578 
3.504  -0.0125219 
3.505  -0.0124861 
3.506  -0.0124504 
3.507  -0.0124148 
3.508  -0.0123793 
3.509  -0.012344 
3.51  -0.0123088 
3.511  -0.0122737 
3.512  -0.0122387 
3.513  -0.0122038 
3.514  -0.0121691 
3.515  -0.0121345 
3.516  -0.0120999 
3.517  -0.0120655 
3.518  -0.0120312 
3.519  -0.0119971 
3.52  -0.011963 
3.521  -0.0119291 
3.522  -0.0118952 
3.523  -0.0118615 
3.524  -0.0118279 
3.525  -0.0117944 
3.526  -0.011761 
3.527  -0.0117278 
3.528  -0.0116946 
3.529  -0.0116615 
3.53  -0.0116286 
3.531  -0.0115958 
3.532  -0.011563 
3.533  -0.0115304 
3.534  -0.0114979 
3.535  -0.0114655 
3.536  -0.0114332 
3.537  -0.011401 
3.538  -0.0113689 
3.539  -0.011337 
3.54  -0.0113051 
3.541  -0.0112733 
3.542  -0.0112417 
3.543  -0.0112101 
3.544  -0.0111787 
3.545  -0.0111473 
3.546  -0.0111161 
3.547  -0.0110849 
3.548  -0.0110539 
3.549  -0.011023 
3.55  -0.0109921 
3.551  -0.0109614 
3.552  -0.0109308 
3.553  -0.0109002 
3.554  -0.0108698 
3.555  -0.0108395 
3.556  -0.0108093 
3.557  -0.0107791 
3.558  -0.0107491 
3.559  -0.0107192 
3.56  -0.0106893 
3.561  -0.0106596 
3.562  -0.0106299 
3.563  -0.0106004 
3.564  -0.010571 
3.565  -0.0105416 
3.566  -0.0105124 
3.567  -0.0104832 
3.568  -0.0104541 
3.569  -0.0104252 
3.57  -0.0103963 
3.571  -0.0103675 
3.572  -0.0103388 
3.573  -0.0103102 
3.574  -0.0102818 
3.575  -0.0102533 
3.576  -0.010225 
3.577  -0.0101968 
3.578  -0.0101687 
3.579  -0.0101407 
3.58  -0.0101127 
3.581  -0.0100849 
3.582  -0.0100571 
3.583  -0.0100294 
3.584  -0.0100018 
3.585  -0.00997435 
3.586  -0.00994694 
3.587  -0.00991963 
3.588  -0.0098924 
3.589  -0.00986526 
3.59  -0.00983821 
3.591  -0.00981125 
3.592  -0.00978438 
3.593  -0.00975759 
3.594  -0.00973089 
3.595  -0.00970427 
3.596  -0.00967774 
3.597  -0.0096513 
3.598  -0.00962494 
3.599  -0.00959867 
3.6  -0.00957248 
3.601  -0.00954638 
3.602  -0.00952036 
3.603  -0.00949442 
3.604  -0.00946857 
3.605  -0.00944281 
3.606  -0.00941712 
3.607  -0.00939152 
3.608  -0.009366 
3.609  -0.00934056 
3.61  -0.0093152 
3.611  -0.00928993 
3.612  -0.00926473 
3.613  -0.00923962 
3.614  -0.00921459 
3.615  -0.00918964 
3.616  -0.00916476 
3.617  -0.00913997 
3.618  -0.00911526 
3.619  -0.00909063 
3.62  -0.00906607 
3.621  -0.00904159 
3.622  -0.0090172 
3.623  -0.00899288 
3.624  -0.00896863 
3.625  -0.00894447 
3.626  -0.00892038 
3.627  -0.00889637 
3.628  -0.00887244 
3.629  -0.00884858 
3.63  -0.0088248 
3.631  -0.00880109 
3.632  -0.00877746 
3.633  -0.0087539 
3.634  -0.00873042 
3.635  -0.00870702 
3.636  -0.00868369 
3.637  -0.00866043 
3.638  -0.00863724 
3.639  -0.00861413 
3.64  -0.0085911 
3.641  -0.00856813 
3.642  -0.00854524 
3.643  -0.00852243 
3.644  -0.00849968 
3.645  -0.00847701 
3.646  -0.0084544 
3.647  -0.00843187 
3.648  -0.00840941 
3.649  -0.00838703 
3.65  -0.00836471 
3.651  -0.00834246 
3.652  -0.00832028 
3.653  -0.00829818 
3.654  -0.00827614 
3.655  -0.00825417 
3.656  -0.00823227 
3.657  -0.00821044 
3.658  -0.00818868 
3.659  -0.00816699 
3.66  -0.00814537 
3.661  -0.00812381 
3.662  -0.00810232 
3.663  -0.0080809 
3.664  -0.00805955 
3.665  -0.00803826 
3.666  -0.00801704 
3.667  -0.00799589 
3.668  -0.0079748 
3.669  -0.00795378 
3.67  -0.00793282 
3.671  -0.00791193 
3.672  -0.00789111 
3.673  -0.00787035 
3.674  -0.00784966 
3.675  -0.00782903 
3.676  -0.00780846 
3.677  -0.00778796 
3.678  -0.00776752 
3.679  -0.00774715 
3.68  -0.00772684 
3.681  -0.0077066 
3.682  -0.00768641 
3.683  -0.00766629 
3.684  -0.00764623 
3.685  -0.00762624 
3.686  -0.0076063 
3.687  -0.00758643 
3.688  -0.00756662 
3.689  -0.00754688 
3.69  -0.00752719 
3.691  -0.00750756 
3.692  -0.007488 
3.693  -0.00746849 
3.694  -0.00744905 
3.695  -0.00742967 
3.696  -0.00741034 
3.697  -0.00739108 
3.698  -0.00737187 
3.699  -0.00735273 
3.7  -0.00733364 
3.701  -0.00731462 
3.702  -0.00729565 
3.703  -0.00727674 
3.704  -0.00725789 
3.705  -0.00723909 
3.706  -0.00722036 
3.707  -0.00720168 
3.708  -0.00718306 
3.709  -0.0071645 
3.71  -0.00714599 
3.711  -0.00712754 
3.712  -0.00710915 
3.713  -0.00709081 
3.714  -0.00707253 
3.715  -0.00705431 
3.716  -0.00703614 
3.717  -0.00701803 
3.718  -0.00699998 
3.719  -0.00698198 
3.72  -0.00696403 
3.721  -0.00694614 
3.722  -0.0069283 
3.723  -0.00691052 
3.724  -0.00689279 
3.725  -0.00687512 
3.726  -0.0068575 
3.727  -0.00683994 
3.728  -0.00682242 
3.729  -0.00680496 
3.73  -0.00678756 
3.731  -0.00677021 
3.732  -0.00675291 
3.733  -0.00673566 
3.734  -0.00671847 
3.735  -0.00670132 
3.736  -0.00668423 
3.737  -0.0066672 
3.738  -0.00665021 
3.739  -0.00663328 
3.74  -0.00661639 
3.741  -0.00659956 
3.742  -0.00658278 
3.743  -0.00656605 
3.744  -0.00654937 
3.745  -0.00653274 
3.746  -0.00651616 
3.747  -0.00649963 
3.748  -0.00648315 
3.749  -0.00646672 
3.75  -0.00645034 
3.751  -0.00643402 
3.752  -0.00641773 
3.753  -0.0064015 
3.754  -0.00638532 
3.755  -0.00636919 
3.756  -0.0063531 
3.757  -0.00633706 
3.758  -0.00632108 
3.759  -0.00630513 
3.76  -0.00628924 
3.761  -0.0062734 
3.762  -0.0062576 
3.763  -0.00624185 
3.764  -0.00622615 
3.765  -0.00621049 
3.766  -0.00619488 
3.767  -0.00617932 
3.768  -0.00616381 
3.769  -0.00614834 
3.77  -0.00613292 
3.771  -0.00611754 
3.772  -0.00610221 
3.773  -0.00608692 
3.774  -0.00607168 
3.775  -0.00605649 
3.776  -0.00604134 
3.777  -0.00602624 
3.778  -0.00601118 
3.779  -0.00599617 
3.78  -0.0059812 
3.781  -0.00596628 
3.782  -0.0059514 
3.783  -0.00593656 
3.784  -0.00592177 
3.785  -0.00590702 
3.786  -0.00589232 
3.787  -0.00587766 
3.788  -0.00586305 
3.789  -0.00584847 
3.79  -0.00583394 
3.791  -0.00581946 
3.792  -0.00580501 
3.793  -0.00579061 
3.794  -0.00577626 
3.795  -0.00576194 
3.796  -0.00574767 
3.797  -0.00573343 
3.798  -0.00571925 
3.799  -0.0057051 
3.8  -0.00569099 
3.801  -0.00567693 
3.802  -0.00566291 
3.803  -0.00564893 
3.804  -0.00563499 
3.805  -0.00562109 
3.806  -0.00560723 
3.807  -0.00559341 
3.808  -0.00557964 
3.809  -0.0055659 
3.81  -0.0055522 
3.811  -0.00553855 
3.812  -0.00552493 
3.813  -0.00551136 
3.814  -0.00549782 
3.815  -0.00548433 
3.816  -0.00547087 
3.817  -0.00545745 
3.818  -0.00544407 
3.819  -0.00543074 
3.82  -0.00541744 
3.821  -0.00540418 
3.822  -0.00539095 
3.823  -0.00537777 
3.824  -0.00536462 
3.825  -0.00535152 
3.826  -0.00533845 
3.827  -0.00532542 
3.828  -0.00531243 
3.829  -0.00529947 
3.83  -0.00528656 
3.831  -0.00527368 
3.832  -0.00526084 
3.833  -0.00524803 
3.834  -0.00523526 
3.835  -0.00522253 
3.836  -0.00520984 
3.837  -0.00519718 
3.838  -0.00518456 
3.839  -0.00517198 
3.84  -0.00515944 
3.841  -0.00514692 
3.842  -0.00513445 
3.843  -0.00512201 
3.844  -0.00510961 
3.845  -0.00509724 
3.846  -0.00508491 
3.847  -0.00507262 
3.848  -0.00506036 
3.849  -0.00504814 
3.85  -0.00503595 
3.851  -0.00502379 
3.852  -0.00501168 
3.853  -0.00499959 
3.854  -0.00498754 
3.855  -0.00497553 
3.856  -0.00496355 
3.857  -0.00495161 
3.858  -0.00493969 
3.859  -0.00492782 
3.86  -0.00491598 
3.861  -0.00490417 
3.862  -0.00489239 
3.863  -0.00488065 
3.864  -0.00486894 
3.865  -0.00485727 
3.866  -0.00484563 
3.867  -0.00483402 
3.868  -0.00482245 
3.869  -0.00481091 
3.87  -0.0047994 
3.871  -0.00478793 
3.872  -0.00477649 
3.873  -0.00476508 
3.874  -0.0047537 
3.875  -0.00474236 
3.876  -0.00473104 
3.877  -0.00471976 
3.878  -0.00470852 
3.879  -0.0046973 
3.88  -0.00468612 
3.881  -0.00467496 
3.882  -0.00466384 
3.883  -0.00465276 
3.884  -0.0046417 
3.885  -0.00463067 
3.886  -0.00461968 
3.887  -0.00460872 
3.888  -0.00459778 
3.889  -0.00458688 
3.89  -0.00457601 
3.891  -0.00456517 
3.892  -0.00455436 
3.893  -0.00454358 
3.894  -0.00453284 
3.895  -0.00452212 
3.896  -0.00451143 
3.897  -0.00450078 
3.898  -0.00449015 
3.899  -0.00447955 
3.9  -0.00446898 
3.901  -0.00445845 
3.902  -0.00444794 
3.903  -0.00443746 
3.904  -0.00442701 
3.905  -0.00441659 
3.906  -0.0044062 
3.907  -0.00439584 
3.908  -0.00438551 
3.909  -0.00437521 
3.91  -0.00436494 
3.911  -0.00435469 
3.912  -0.00434447 
3.913  -0.00433429 
3.914  -0.00432413 
3.915  -0.004314 
3.916  -0.0043039 
3.917  -0.00429382 
3.918  -0.00428378 
3.919  -0.00427376 
3.92  -0.00426377 
3.921  -0.00425381 
3.922  -0.00424387 
3.923  -0.00423397 
3.924  -0.00422409 
3.925  -0.00421424 
3.926  -0.00420441 
3.927  -0.00419462 
3.928  -0.00418485 
3.929  -0.00417511 
3.93  -0.00416539 
3.931  -0.0041557 
3.932  -0.00414604 
3.933  -0.00413641 
3.934  -0.0041268 
3.935  -0.00411722 
3.936  -0.00410767 
3.937  -0.00409814 
3.938  -0.00408864 
3.939  -0.00407917 
3.94  -0.00406972 
3.941  -0.0040603 
3.942  -0.0040509 
3.943  -0.00404153 
3.944  -0.00403218 
3.945  -0.00402287 
3.946  -0.00401357 
3.947  -0.00400431 
3.948  -0.00399506 
3.949  -0.00398585 
3.95  -0.00397666 
3.951  -0.00396749 
3.952  -0.00395835 
3.953  -0.00394924 
3.954  -0.00394015 
3.955  -0.00393108 
3.956  -0.00392204 
3.957  -0.00391303 
3.958  -0.00390404 
3.959  -0.00389507 
3.96  -0.00388613 
3.961  -0.00387721 
3.962  -0.00386832 
3.963  -0.00385945 
3.964  -0.00385061 
3.965  -0.00384179 
3.966  -0.003833 
3.967  -0.00382423 
3.968  -0.00381548 
3.969  -0.00380676 
3.97  -0.00379806 
3.971  -0.00378938 
3.972  -0.00378073 
3.973  -0.0037721 
3.974  -0.0037635 
3.975  -0.00375491 
3.976  -0.00374636 
3.977  -0.00373782 
3.978  -0.00372931 
3.979  -0.00372082 
3.98  -0.00371236 
3.981  -0.00370392 
3.982  -0.0036955 
3.983  -0.0036871 
3.984  -0.00367873 
3.985  -0.00367038 
3.986  -0.00366205 
3.987  -0.00365374 
3.988  -0.00364546 
3.989  -0.0036372 
3.99  -0.00362896 
3.991  -0.00362075 
3.992  -0.00361255 
3.993  -0.00360438 
3.994  -0.00359623 
3.995  -0.0035881 
3.996  -0.00358 
3.997  -0.00357191 
3.998  -0.00356385 
3.999  -0.00355581 
4  -0.00354779 
4.001  -0.0035398 
4.002  -0.00353182 
4.003  -0.00352387 
4.004  -0.00351594 
4.005  -0.00350803 
4.006  -0.00350014 
4.007  -0.00349227 
4.008  -0.00348442 
4.009  -0.00347659 
4.01  -0.00346879 
4.011  -0.003461 
4.012  -0.00345324 
4.013  -0.0034455 
4.014  -0.00343778 
4.015  -0.00343008 
4.016  -0.0034224 
4.017  -0.00341474 
4.018  -0.0034071 
4.019  -0.00339948 
4.02  -0.00339188 
4.021  -0.0033843 
4.022  -0.00337674 
4.023  -0.0033692 
4.024  -0.00336169 
4.025  -0.00335419 
4.026  -0.00334671 
4.027  -0.00333925 
4.028  -0.00333181 
4.029  -0.0033244 
4.03  -0.003317 
4.031  -0.00330962 
4.032  -0.00330226 
4.033  -0.00329492 
4.034  -0.0032876 
4.035  -0.0032803 
4.036  -0.00327302 
4.037  -0.00326575 
4.038  -0.00325851 
4.039  -0.00325129 
4.04  -0.00324408 
4.041  -0.0032369 
4.042  -0.00322973 
4.043  -0.00322258 
4.044  -0.00321546 
4.045  -0.00320835 
4.046  -0.00320126 
4.047  -0.00319418 
4.048  -0.00318713 
4.049  -0.00318009 
4.05  -0.00317308 
4.051  -0.00316608 
4.052  -0.0031591 
4.053  -0.00315214 
4.054  -0.0031452 
4.055  -0.00313827 
4.056  -0.00313137 
4.057  -0.00312448 
4.058  -0.00311761 
4.059  -0.00311076 
4.06  -0.00310392 
4.061  -0.00309711 
4.062  -0.00309031 
4.063  -0.00308353 
4.064  -0.00307677 
4.065  -0.00307002 
4.066  -0.0030633 
4.067  -0.00305659 
4.068  -0.00304989 
4.069  -0.00304322 
4.07  -0.00303656 
4.071  -0.00302992 
4.072  -0.0030233 
4.073  -0.0030167 
4.074  -0.00301011 
4.075  -0.00300354 
4.076  -0.00299698 
4.077  -0.00299045 
4.078  -0.00298393 
4.079  -0.00297743 
4.08  -0.00297094 
4.081  -0.00296447 
4.082  -0.00295802 
4.083  -0.00295159 
4.084  -0.00294517 
4.085  -0.00293877 
4.086  -0.00293238 
4.087  -0.00292601 
4.088  -0.00291966 
4.089  -0.00291333 
4.09  -0.00290701 
4.091  -0.00290071 
4.092  -0.00289442 
4.093  -0.00288815 
4.094  -0.0028819 
4.095  -0.00287566 
4.096  -0.00286944 
4.097  -0.00286323 
4.098  -0.00285704 
4.099  -0.00285087 
4.1  -0.00284471 
4.101  -0.00283857 
4.102  -0.00283245 
4.103  -0.00282634 
4.104  -0.00282024 
4.105  -0.00281417 
4.106  -0.0028081 
4.107  -0.00280206 
4.108  -0.00279603 
4.109  -0.00279001 
4.11  -0.00278401 
4.111  -0.00277802 
4.112  -0.00277205 
4.113  -0.0027661 
4.114  -0.00276016 
4.115  -0.00275424 
4.116  -0.00274833 
4.117  -0.00274243 
4.118  -0.00273656 
4.119  -0.00273069 
4.12  -0.00272484 
4.121  -0.00271901 
4.122  -0.00271319 
4.123  -0.00270739 
4.124  -0.0027016 
4.125  -0.00269583 
4.126  -0.00269007 
4.127  -0.00268432 
4.128  -0.00267859 
4.129  -0.00267288 
4.13  -0.00266718 
4.131  -0.00266149 
4.132  -0.00265582 
4.133  -0.00265016 
4.134  -0.00264452 
4.135  -0.00263889 
4.136  -0.00263328 
4.137  -0.00262768 
4.138  -0.00262209 
4.139  -0.00261652 
4.14  -0.00261096 
4.141  -0.00260542 
4.142  -0.00259989 
4.143  -0.00259438 
4.144  -0.00258887 
4.145  -0.00258339 
4.146  -0.00257791 
4.147  -0.00257245 
4.148  -0.00256701 
4.149  -0.00256158 
4.15  -0.00255616 
4.151  -0.00255075 
4.152  -0.00254536 
4.153  -0.00253999 
4.154  -0.00253462 
4.155  -0.00252927 
4.156  -0.00252394 
4.157  -0.00251861 
4.158  -0.0025133 
4.159  -0.00250801 
4.16  -0.00250272 
4.161  -0.00249745 
4.162  -0.0024922 
4.163  -0.00248695 
4.164  -0.00248172 
4.165  -0.00247651 
4.166  -0.0024713 
4.167  -0.00246611 
4.168  -0.00246093 
4.169  -0.00245577 
4.17  -0.00245062 
4.171  -0.00244548 
4.172  -0.00244035 
4.173  -0.00243524 
4.174  -0.00243014 
4.175  -0.00242505 
4.176  -0.00241998 
4.177  -0.00241491 
4.178  -0.00240986 
4.179  -0.00240483 
4.18  -0.0023998 
4.181  -0.00239479 
4.182  -0.00238979 
4.183  -0.0023848 
4.184  -0.00237983 
4.185  -0.00237487 
4.186  -0.00236992 
4.187  -0.00236498 
4.188  -0.00236006 
4.189  -0.00235514 
4.19  -0.00235024 
4.191  -0.00234535 
4.192  -0.00234048 
4.193  -0.00233561 
4.194  -0.00233076 
4.195  -0.00232592 
4.196  -0.00232109 
4.197  -0.00231628 
4.198  -0.00231147 
4.199  -0.00230668 
4.2  -0.0023019 
4.201  -0.00229713 
4.202  -0.00229237 
4.203  -0.00228763 
4.204  -0.0022829 
4.205  -0.00227817 
4.206  -0.00227346 
4.207  -0.00226877 
4.208  -0.00226408 
4.209  -0.0022594 
4.21  -0.00225474 
4.211  -0.00225009 
4.212  -0.00224545 
4.213  -0.00224082 
4.214  -0.0022362 
4.215  -0.00223159 
4.216  -0.002227 
4.217  -0.00222241 
4.218  -0.00221784 
4.219  -0.00221328 
4.22  -0.00220873 
4.221  -0.00220419 
4.222  -0.00219966 
4.223  -0.00219515 
4.224  -0.00219064 
4.225  -0.00218615 
4.226  -0.00218166 
4.227  -0.00217719 
4.228  -0.00217273 
4.229  -0.00216828 
4.23  -0.00216384 
4.231  -0.00215941 
4.232  -0.00215499 
4.233  -0.00215058 
4.234  -0.00214619 
4.235  -0.0021418 
4.236  -0.00213742 
4.237  -0.00213306 
4.238  -0.00212871 
4.239  -0.00212436 
4.24  -0.00212003 
4.241  -0.00211571 
4.242  -0.0021114 
4.243  -0.00210709 
4.244  -0.0021028 
4.245  -0.00209852 
4.246  -0.00209425 
4.247  -0.00208999 
4.248  -0.00208574 
4.249  -0.00208151 
4.25  -0.00207728 
4.251  -0.00207306 
4.252  -0.00206885 
4.253  -0.00206465 
4.254  -0.00206047 
4.255  -0.00205629 
4.256  -0.00205212 
4.257  -0.00204796 
4.258  -0.00204382 
4.259  -0.00203968 
4.26  -0.00203555 
4.261  -0.00203143 
4.262  -0.00202733 
4.263  -0.00202323 
4.264  -0.00201914 
4.265  -0.00201506 
4.266  -0.002011 
4.267  -0.00200694 
4.268  -0.00200289 
4.269  -0.00199885 
4.27  -0.00199482 
4.271  -0.0019908 
4.272  -0.00198679 
4.273  -0.00198279 
4.274  -0.0019788 
4.275  -0.00197482 
4.276  -0.00197085 
4.277  -0.00196689 
4.278  -0.00196294 
4.279  -0.00195899 
4.28  -0.00195506 
4.281  -0.00195114 
4.282  -0.00194722 
4.283  -0.00194332 
4.284  -0.00193942 
4.285  -0.00193554 
4.286  -0.00193166 
4.287  -0.00192779 
4.288  -0.00192393 
4.289  -0.00192008 
4.29  -0.00191624 
4.291  -0.00191241 
4.292  -0.00190859 
4.293  -0.00190478 
4.294  -0.00190098 
4.295  -0.00189718 
4.296  -0.0018934 
4.297  -0.00188962 
4.298  -0.00188585 
4.299  -0.00188209 
4.3  -0.00187834 
4.301  -0.0018746 
4.302  -0.00187087 
4.303  -0.00186715 
4.304  -0.00186343 
4.305  -0.00185973 
4.306  -0.00185603 
4.307  -0.00185234 
4.308  -0.00184867 
4.309  -0.001845 
4.31  -0.00184133 
4.311  -0.00183768 
4.312  -0.00183404 
4.313  -0.0018304 
4.314  -0.00182677 
4.315  -0.00182316 
4.316  -0.00181955 
4.317  -0.00181595 
4.318  -0.00181235 
4.319  -0.00180877 
4.32  -0.00180519 
4.321  -0.00180162 
4.322  -0.00179807 
4.323  -0.00179452 
4.324  -0.00179097 
4.325  -0.00178744 
4.326  -0.00178391 
4.327  -0.0017804 
4.328  -0.00177689 
4.329  -0.00177339 
4.33  -0.00176989 
4.331  -0.00176641 
4.332  -0.00176293 
4.333  -0.00175947 
4.334  -0.00175601 
4.335  -0.00175255 
4.336  -0.00174911 
4.337  -0.00174567 
4.338  -0.00174225 
4.339  -0.00173883 
4.34  -0.00173542 
4.341  -0.00173201 
4.342  -0.00172862 
4.343  -0.00172523 
4.344  -0.00172185 
4.345  -0.00171848 
4.346  -0.00171511 
4.347  -0.00171176 
4.348  -0.00170841 
4.349  -0.00170507 
4.35  -0.00170174 
4.351  -0.00169841 
4.352  -0.00169509 
4.353  -0.00169179 
4.354  -0.00168848 
4.355  -0.00168519 
4.356  -0.0016819 
4.357  -0.00167863 
4.358  -0.00167535 
4.359  -0.00167209 
4.36  -0.00166883 
4.361  -0.00166559 
4.362  -0.00166235 
4.363  -0.00165911 
4.364  -0.00165589 
4.365  -0.00165267 
4.366  -0.00164946 
4.367  -0.00164625 
4.368  -0.00164306 
4.369  -0.00163987 
4.37  -0.00163669 
4.371  -0.00163352 
4.372  -0.00163035 
4.373  -0.00162719 
4.374  -0.00162404 
4.375  -0.00162089 
4.376  -0.00161776 
4.377  -0.00161463 
4.378  -0.0016115 
4.379  -0.00160839 
4.38  -0.00160528 
4.381  -0.00160218 
4.382  -0.00159908 
4.383  -0.001596 
4.384  -0.00159292 
4.385  -0.00158984 
4.386  -0.00158678 
4.387  -0.00158372 
4.388  -0.00158067 
4.389  -0.00157762 
4.39  -0.00157459 
4.391  -0.00157156 
4.392  -0.00156853 
4.393  -0.00156552 
4.394  -0.00156251 
4.395  -0.0015595 
4.396  -0.00155651 
4.397  -0.00155352 
4.398  -0.00155053 
4.399  -0.00154756 
4.4  -0.00154459 
4.401  -0.00154163 
4.402  -0.00153867 
4.403  -0.00153573 
4.404  -0.00153278 
4.405  -0.00152985 
4.406  -0.00152692 
4.407  -0.001524 
4.408  -0.00152108 
4.409  -0.00151818 
4.41  -0.00151527 
4.411  -0.00151238 
4.412  -0.00150949 
4.413  -0.00150661 
4.414  -0.00150373 
4.415  -0.00150086 
4.416  -0.001498 
4.417  -0.00149515 
4.418  -0.0014923 
4.419  -0.00148946 
4.42  -0.00148662 
4.421  -0.00148379 
4.422  -0.00148097 
4.423  -0.00147815 
4.424  -0.00147534 
4.425  -0.00147253 
4.426  -0.00146974 
4.427  -0.00146694 
4.428  -0.00146416 
4.429  -0.00146138 
4.43  -0.00145861 
4.431  -0.00145584 
4.432  -0.00145308 
4.433  -0.00145033 
4.434  -0.00144758 
4.435  -0.00144484 
4.436  -0.0014421 
4.437  -0.00143937 
4.438  -0.00143665 
4.439  -0.00143393 
4.44  -0.00143122 
4.441  -0.00142852 
4.442  -0.00142582 
4.443  -0.00142313 
4.444  -0.00142044 
4.445  -0.00141776 
4.446  -0.00141509 
4.447  -0.00141242 
4.448  -0.00140976 
4.449  -0.0014071 
4.45  -0.00140445 
4.451  -0.00140181 
4.452  -0.00139917 
4.453  -0.00139653 
4.454  -0.00139391 
4.455  -0.00139129 
4.456  -0.00138867 
4.457  -0.00138606 
4.458  -0.00138346 
4.459  -0.00138086 
4.46  -0.00137827 
4.461  -0.00137569 
4.462  -0.00137311 
4.463  -0.00137053 
4.464  -0.00136796 
4.465  -0.0013654 
4.466  -0.00136284 
4.467  -0.00136029 
4.468  -0.00135775 
4.469  -0.00135521 
4.47  -0.00135267 
4.471  -0.00135015 
4.472  -0.00134762 
4.473  -0.0013451 
4.474  -0.00134259 
4.475  -0.00134009 
4.476  -0.00133759 
4.477  -0.00133509 
4.478  -0.0013326 
4.479  -0.00133012 
4.48  -0.00132764 
4.481  -0.00132517 
4.482  -0.0013227 
4.483  -0.00132024 
4.484  -0.00131778 
4.485  -0.00131533 
4.486  -0.00131288 
4.487  -0.00131044 
4.488  -0.00130801 
4.489  -0.00130558 
4.49  -0.00130316 
4.491  -0.00130074 
4.492  -0.00129832 
4.493  -0.00129592 
4.494  -0.00129351 
4.495  -0.00129112 
4.496  -0.00128872 
4.497  -0.00128634 
4.498  -0.00128396 
4.499  -0.00128158 
4.5  -0.00127921 
4.501  -0.00127684 
4.502  -0.00127448 
4.503  -0.00127213 
4.504  -0.00126978 
4.505  -0.00126743 
4.506  -0.00126509 
4.507  -0.00126276 
4.508  -0.00126043 
4.509  -0.0012581 
4.51  -0.00125579 
4.511  -0.00125347 
4.512  -0.00125116 
4.513  -0.00124886 
4.514  -0.00124656 
4.515  -0.00124426 
4.516  -0.00124198 
4.517  -0.00123969 
4.518  -0.00123741 
4.519  -0.00123514 
4.52  -0.00123287 
4.521  -0.00123061 
4.522  -0.00122835 
4.523  -0.00122609 
4.524  -0.00122384 
4.525  -0.0012216 
4.526  -0.00121936 
4.527  -0.00121713 
4.528  -0.0012149 
4.529  -0.00121267 
4.53  -0.00121045 
4.531  -0.00120824 
4.532  -0.00120603 
4.533  -0.00120382 
4.534  -0.00120162 
4.535  -0.00119942 
4.536  -0.00119723 
4.537  -0.00119505 
4.538  -0.00119287 
4.539  -0.00119069 
4.54  -0.00118852 
4.541  -0.00118635 
4.542  -0.00118419 
4.543  -0.00118203 
4.544  -0.00117988 
4.545  -0.00117773 
4.546  -0.00117558 
4.547  -0.00117344 
4.548  -0.00117131 
4.549  -0.00116918 
4.55  -0.00116705 
4.551  -0.00116493 
4.552  -0.00116282 
4.553  -0.00116071 
4.554  -0.0011586 
4.555  -0.0011565 
4.556  -0.0011544 
4.557  -0.00115231 
4.558  -0.00115022 
4.559  -0.00114813 
4.56  -0.00114605 
4.561  -0.00114398 
4.562  -0.00114191 
4.563  -0.00113984 
4.564  -0.00113778 
4.565  -0.00113572 
4.566  -0.00113367 
4.567  -0.00113162 
4.568  -0.00112957 
4.569  -0.00112753 
4.57  -0.0011255 
4.571  -0.00112347 
4.572  -0.00112144 
4.573  -0.00111942 
4.574  -0.0011174 
4.575  -0.00111539 
4.576  -0.00111338 
4.577  -0.00111137 
4.578  -0.00110937 
4.579  -0.00110737 
4.58  -0.00110538 
4.581  -0.00110339 
4.582  -0.00110141 
4.583  -0.00109943 
4.584  -0.00109746 
4.585  -0.00109549 
4.586  -0.00109352 
4.587  -0.00109156 
4.588  -0.0010896 
4.589  -0.00108764 
4.59  -0.00108569 
4.591  -0.00108375 
4.592  -0.00108181 
4.593  -0.00107987 
4.594  -0.00107793 
4.595  -0.00107601 
4.596  -0.00107408 
4.597  -0.00107216 
4.598  -0.00107024 
4.599  -0.00106833 
4.6  -0.00106642 
4.601  -0.00106452 
4.602  -0.00106261 
4.603  -0.00106072 
4.604  -0.00105883 
4.605  -0.00105694 
4.606  -0.00105505 
4.607  -0.00105317 
4.608  -0.00105129 
4.609  -0.00104942 
4.61  -0.00104755 
4.611  -0.00104569 
4.612  -0.00104383 
4.613  -0.00104197 
4.614  -0.00104012 
4.615  -0.00103827 
4.616  -0.00103642 
4.617  -0.00103458 
4.618  -0.00103275 
4.619  -0.00103091 
4.62  -0.00102908 
4.621  -0.00102726 
4.622  -0.00102544 
4.623  -0.00102362 
4.624  -0.0010218 
4.625  -0.00101999 
4.626  -0.00101819 
4.627  -0.00101638 
4.628  -0.00101458 
4.629  -0.00101279 
4.63  -0.001011 
4.631  -0.00100921 
4.632  -0.00100743 
4.633  -0.00100565 
4.634  -0.00100387 
4.635  -0.0010021 
4.636  -0.00100033 
4.637  -0.000998564 
4.638  -0.000996803 
4.639  -0.000995045 
4.64  -0.000993291 
4.641  -0.000991541 
4.642  -0.000989794 
4.643  -0.000988051 
4.644  -0.000986312 
4.645  -0.000984576 
4.646  -0.000982844 
4.647  -0.000981115 
4.648  -0.00097939 
4.649  -0.000977669 
4.65  -0.000975952 
4.651  -0.000974238 
4.652  -0.000972527 
4.653  -0.00097082 
4.654  -0.000969117 
4.655  -0.000967417 
4.656  -0.000965721 
4.657  -0.000964028 
4.658  -0.000962339 
4.659  -0.000960654 
4.66  -0.000958971 
4.661  -0.000957293 
4.662  -0.000955618 
4.663  -0.000953946 
4.664  -0.000952278 
4.665  -0.000950613 
4.666  -0.000948952 
4.667  -0.000947294 
4.668  -0.00094564 
4.669  -0.000943989 
4.67  -0.000942342 
4.671  -0.000940698 
4.672  -0.000939057 
4.673  -0.00093742 
4.674  -0.000935786 
4.675  -0.000934156 
4.676  -0.000932529 
4.677  -0.000930905 
4.678  -0.000929285 
4.679  -0.000927668 
4.68  -0.000926054 
4.681  -0.000924444 
4.682  -0.000922837 
4.683  -0.000921233 
4.684  -0.000919633 
4.685  -0.000918036 
4.686  -0.000916442 
4.687  -0.000914852 
4.688  -0.000913265 
4.689  -0.000911681 
4.69  -0.0009101 
4.691  -0.000908523 
4.692  -0.000906949 
4.693  -0.000905378 
4.694  -0.00090381 
4.695  -0.000902246 
4.696  -0.000900685 
4.697  -0.000899127 
4.698  -0.000897572 
4.699  -0.000896021 
4.7  -0.000894472 
4.701  -0.000892927 
4.702  -0.000891385 
4.703  -0.000889847 
4.704  -0.000888311 
4.705  -0.000886778 
4.706  -0.000885249 
4.707  -0.000883723 
4.708  -0.0008822 
4.709  -0.00088068 
4.71  -0.000879163 
4.711  -0.000877649 
4.712  -0.000876139 
4.713  -0.000874631 
4.714  -0.000873127 
4.715  -0.000871625 
4.716  -0.000870127 
4.717  -0.000868632 
4.718  -0.000867139 
4.719  -0.00086565 
4.72  -0.000864164 
4.721  -0.000862681 
4.722  -0.000861201 
4.723  -0.000859724 
4.724  -0.00085825 
4.725  -0.000856779 
4.726  -0.000855311 
4.727  -0.000853846 
4.728  -0.000852384 
4.729  -0.000850925 
4.73  -0.000849469 
4.731  -0.000848016 
4.732  -0.000846566 
4.733  -0.000845118 
4.734  -0.000843674 
4.735  -0.000842233 
4.736  -0.000840794 
4.737  -0.000839359 
4.738  -0.000837926 
4.739  -0.000836497 
4.74  -0.00083507 
4.741  -0.000833646 
4.742  -0.000832225 
4.743  -0.000830807 
4.744  -0.000829392 
4.745  -0.000827979 
4.746  -0.00082657 
4.747  -0.000825163 
4.748  -0.000823759 
4.749  -0.000822358 
4.75  -0.00082096 
4.751  -0.000819565 
4.752  -0.000818172 
4.753  -0.000816783 
4.754  -0.000815396 
4.755  -0.000814012 
4.756  -0.00081263 
4.757  -0.000811252 
4.758  -0.000809876 
4.759  -0.000808503 
4.76  -0.000807133 
4.761  -0.000805766 
4.762  -0.000804401 
4.763  -0.000803039 
4.764  -0.00080168 
4.765  -0.000800324 
4.766  -0.00079897 
4.767  -0.000797619 
4.768  -0.000796271 
4.769  -0.000794925 
4.77  -0.000793582 
4.771  -0.000792242 
4.772  -0.000790905 
4.773  -0.00078957 
4.774  -0.000788238 
4.775  -0.000786908 
4.776  -0.000785581 
4.777  -0.000784257 
4.778  -0.000782936 
4.779  -0.000781617 
4.78  -0.000780301 
4.781  -0.000778987 
4.782  -0.000777676 
4.783  -0.000776368 
4.784  -0.000775062 
4.785  -0.000773759 
4.786  -0.000772459 
4.787  -0.000771161 
4.788  -0.000769866 
4.789  -0.000768573 
4.79  -0.000767283 
4.791  -0.000765996 
4.792  -0.000764711 
4.793  -0.000763428 
4.794  -0.000762148 
4.795  -0.000760871 
4.796  -0.000759596 
4.797  -0.000758324 
4.798  -0.000757054 
4.799  -0.000755787 
4.8  -0.000754523 
4.801  -0.000753261 
4.802  -0.000752001 
4.803  -0.000750744 
4.804  -0.000749489 
4.805  -0.000748237 
4.806  -0.000746987 
4.807  -0.00074574 
4.808  -0.000744496 
4.809  -0.000743253 
4.81  -0.000742014 
4.811  -0.000740776 
4.812  -0.000739542 
4.813  -0.000738309 
4.814  -0.000737079 
4.815  -0.000735852 
4.816  -0.000734627 
4.817  -0.000733404 
4.818  -0.000732184 
4.819  -0.000730966 
4.82  -0.000729751 
4.821  -0.000728538 
4.822  -0.000727327 
4.823  -0.000726119 
4.824  -0.000724913 
4.825  -0.000723709 
4.826  -0.000722508 
4.827  -0.00072131 
4.828  -0.000720113 
4.829  -0.000718919 
4.83  -0.000717728 
4.831  -0.000716538 
4.832  -0.000715351 
4.833  -0.000714167 
4.834  -0.000712984 
4.835  -0.000711804 
4.836  -0.000710627 
4.837  -0.000709451 
4.838  -0.000708278 
4.839  -0.000707108 
4.84  -0.000705939 
4.841  -0.000704773 
4.842  -0.000703609 
4.843  -0.000702448 
4.844  -0.000701288 
4.845  -0.000700131 
4.846  -0.000698977 
4.847  -0.000697824 
4.848  -0.000696674 
4.849  -0.000695526 
4.85  -0.00069438 
4.851  -0.000693237 
4.852  -0.000692096 
4.853  -0.000690957 
4.854  -0.00068982 
4.855  -0.000688685 
4.856  -0.000687553 
4.857  -0.000686423 
4.858  -0.000685295 
4.859  -0.000684169 
4.86  -0.000683046 
4.861  -0.000681924 
4.862  -0.000680805 
4.863  -0.000679688 
4.864  -0.000678573 
4.865  -0.000677461 
4.866  -0.00067635 
4.867  -0.000675242 
4.868  -0.000674136 
4.869  -0.000673032 
4.87  -0.00067193 
4.871  -0.00067083 
4.872  -0.000669733 
4.873  -0.000668637 
4.874  -0.000667544 
4.875  -0.000666453 
4.876  -0.000665364 
4.877  -0.000664277 
4.878  -0.000663192 
4.879  -0.000662109 
4.88  -0.000661029 
4.881  -0.00065995 
4.882  -0.000658874 
4.883  -0.000657799 
4.884  -0.000656727 
4.885  -0.000655657 
4.886  -0.000654589 
4.887  -0.000653523 
4.888  -0.000652459 
4.889  -0.000651397 
4.89  -0.000650337 
4.891  -0.000649279 
4.892  -0.000648223 
4.893  -0.00064717 
4.894  -0.000646118 
4.895  -0.000645068 
4.896  -0.000644021 
4.897  -0.000642975 
4.898  -0.000641931 
4.899  -0.00064089 
4.9  -0.00063985 
4.901  -0.000638812 
4.902  -0.000637777 
4.903  -0.000636743 
4.904  -0.000635712 
4.905  -0.000634682 
4.906  -0.000633654 
4.907  -0.000632629 
4.908  -0.000631605 
4.909  -0.000630583 
4.91  -0.000629563 
4.911  -0.000628546 
4.912  -0.00062753 
4.913  -0.000626516 
4.914  -0.000625504 
4.915  -0.000624494 
4.916  -0.000623486 
4.917  -0.000622479 
4.918  -0.000621475 
4.919  -0.000620473 
4.92  -0.000619473 
4.921  -0.000618474 
4.922  -0.000617477 
4.923  -0.000616483 
4.924  -0.00061549 
4.925  -0.000614499 
4.926  -0.00061351 
4.927  -0.000612523 
4.928  -0.000611538 
4.929  -0.000610555 
4.93  -0.000609573 
4.931  -0.000608594 
4.932  -0.000607616 
4.933  -0.00060664 
4.934  -0.000605666 
4.935  -0.000604694 
4.936  -0.000603724 
4.937  -0.000602755 
4.938  -0.000601789 
4.939  -0.000600824 
4.94  -0.000599861 
4.941  -0.0005989 
4.942  -0.000597941 
4.943  -0.000596983 
4.944  -0.000596028 
4.945  -0.000595074 
4.946  -0.000594122 
4.947  -0.000593172 
4.948  -0.000592224 
4.949  -0.000591277 
4.95  -0.000590332 
4.951  -0.000589389 
4.952  -0.000588448 
4.953  -0.000587509 
4.954  -0.000586571 
4.955  -0.000585635 
4.956  -0.000584701 
4.957  -0.000583769 
4.958  -0.000582839 
4.959  -0.00058191 
4.96  -0.000580983 
4.961  -0.000580057 
4.962  -0.000579134 
4.963  -0.000578212 
4.964  -0.000577292 
4.965  -0.000576374 
4.966  -0.000575457 
4.967  -0.000574543 
4.968  -0.000573629 
4.969  -0.000572718 
4.97  -0.000571808 
4.971  -0.000570901 
4.972  -0.000569994 
4.973  -0.00056909 
4.974  -0.000568187 
4.975  -0.000567286 
4.976  -0.000566386 
4.977  -0.000565489 
4.978  -0.000564593 
4.979  -0.000563698 
4.98  -0.000562806 
4.981  -0.000561915 
4.982  -0.000561025 
4.983  -0.000560138 
4.984  -0.000559252 
4.985  -0.000558367 
4.986  -0.000557485 
4.987  -0.000556604 
4.988  -0.000555724 
4.989  -0.000554847 
4.99  -0.000553971 
4.991  -0.000553096 
4.992  -0.000552223 
4.993  -0.000551352 
4.994  -0.000550483 
4.995  -0.000549615 
4.996  -0.000548749 
4.997  -0.000547884 
4.998  -0.000547021 
4.999  -0.000546159 
5  -0.0005453 
