0.001  7.40741e+33 
0.002  1.80845e+30 
0.003  1.39391e+28 
0.004  4.45295e+26 
0.005  5.39886e+25 
0.006  2.09541e+26 
0.007  2.90055e+27 
0.008  8.65554e+28 
0.009  1.00458e+31 
0.01  2.96329e+34 
0.011  4.85022e+49 
0.012  1.16699e+35 
0.013  1.99246e+31 
0.014  1.36626e+29 
0.015  4.08388e+27 
0.016  2.71093e+26 
0.017  2.9759e+25 
0.018  4.76716e+24 
0.019  1.60312e+24 
0.02  3.55279e+24 
0.021  2.05385e+25 
0.022  1.74082e+26 
0.023  2.35875e+27 
0.024  6.61876e+28 
0.025  6.80797e+30 
0.026  1.42568e+34 
0.027  5.21415e+45 
0.028  2.70473e+35 
0.029  2.949e+31 
0.03  1.75761e+29 
0.031  4.90583e+27 
0.032  3.12681e+26 
0.033  3.33627e+25 
0.034  5.06665e+24 
0.035  1.00239e+24 
0.036  2.67565e+23 
0.037  1.84188e+23 
0.038  5.63033e+23 
0.039  3.12499e+24 
0.04  2.42939e+25 
0.041  2.90595e+26 
0.042  6.67915e+27 
0.043  4.71056e+29 
0.044  3.66079e+32 
0.045  4.07544e+39 
0.046  2.29276e+36 
0.047  3.25549e+31 
0.048  2.5506e+31 
0.049  2.09081e+35 
0.05  2.39074e+46 
0.051  1.5881e+34 
0.052  7.02507e+30 
0.053  6.64543e+28 
0.054  2.33523e+27 
0.055  1.70872e+26 
0.056  1.99897e+25 
0.057  3.24082e+24 
0.058  6.68031e+23 
0.059  1.65552e+23 
0.06  4.74659e+22 
0.061  1.53176e+22 
0.062  5.4514e+21 
0.063  2.10664e+21 
0.064  8.7339e+20 
0.065  3.84823e+20 
0.066  1.78909e+20 
0.067  8.73656e+19 
0.068  4.48139e+19 
0.069  2.44087e+19 
0.07  1.46348e+19 
0.071  1.04691e+19 
0.072  9.9015e+18 
0.073  1.26425e+19 
0.074  1.99363e+19 
0.075  3.53248e+19 
0.076  6.69806e+19 
0.077  1.33632e+20 
0.078  2.79794e+20 
0.079  6.16875e+20 
0.08  1.44129e+21 
0.081  3.59945e+21 
0.082  9.71457e+21 
0.083  2.87351e+22 
0.084  9.4871e+22 
0.085  3.58214e+23 
0.086  1.59936e+24 
0.087  8.85642e+24 
0.088  6.53416e+25 
0.089  7.2053e+26 
0.09  1.45375e+28 
0.091  8.07985e+29 
0.092  3.54476e+32 
0.093  1.50032e+38 
0.094  3.01001e+38 
0.095  4.47321e+32 
0.096  6.37656e+31 
0.097  1.79776e+36 
0.098  5.02467e+41 
0.099  3.01381e+33 
0.1  2.72014e+30 
0.101  3.42878e+28 
0.102  1.92554e+28 
0.103  1.40091e+30 
0.104  1.51191e+33 
0.105  2.19002e+41 
0.106  3.05684e+38 
0.107  1.21315e+38 
0.108  3.0803e+32 
0.109  7.15576e+29 
0.11  1.30917e+28 
0.111  6.60999e+26 
0.112  6.11189e+25 
0.113  8.44305e+24 
0.114  1.55185e+24 
0.115  3.53096e+23 
0.116  9.4804e+22 
0.117  2.90509e+22 
0.118  9.91847e+21 
0.119  3.70771e+21 
0.12  1.50055e+21 
0.121  6.57016e+20 
0.122  3.20136e+20 
0.123  1.9254e+20 
0.124  1.72519e+20 
0.125  2.43458e+20 
0.126  4.55708e+20 
0.127  9.752e+20 
0.128  2.26122e+21 
0.129  5.62913e+21 
0.13  1.5135e+22 
0.131  4.44979e+22 
0.132  1.45556e+23 
0.133  5.42237e+23 
0.134  2.37542e+24 
0.135  1.28086e+25 
0.136  9.10045e+25 
0.137  9.49456e+26 
0.138  1.75572e+28 
0.139  8.35427e+29 
0.14  2.57496e+32 
0.141  2.22225e+37 
0.142  1.58806e+40 
0.143  2.19538e+33 
0.144  3.01581e+30 
0.145  4.39015e+28 
0.146  1.93638e+27 
0.147  1.63034e+26 
0.148  2.09773e+25 
0.149  3.64262e+24 
0.15  7.90706e+23 
0.151  2.0399e+23 
0.152  6.03884e+22 
0.153  2.0001e+22 
0.154  7.27411e+21 
0.155  2.86607e+21 
0.156  1.21478e+21 
0.157  5.58315e+20 
0.158  2.93778e+20 
0.159  2.07749e+20 
0.16  2.3922e+20 
0.161  4.20134e+20 
0.162  9.1575e+20 
0.163  2.2298e+21 
0.164  5.91613e+21 
0.165  1.71734e+22 
0.166  5.53562e+22 
0.167  2.02553e+23 
0.168  8.67549e+23 
0.169  4.54294e+24 
0.17  3.10251e+25 
0.171  3.05929e+26 
0.172  5.18602e+27 
0.173  2.12079e+29 
0.174  4.69826e+31 
0.175  1.12409e+36 
0.176  1.09622e+42 
0.177  3.10798e+33 
0.178  2.5808e+30 
0.179  3.08068e+28 
0.18  1.2219e+27 
0.181  9.62943e+25 
0.182  1.1843e+25 
0.183  1.9902e+24 
0.184  4.21457e+23 
0.185  1.06753e+23 
0.186  3.13755e+22 
0.187  1.08472e+22 
0.188  5.28895e+21 
0.189  5.56835e+21 
0.19  1.19509e+22 
0.191  3.44159e+22 
0.192  1.14996e+23 
0.193  4.43238e+23 
0.194  2.03062e+24 
0.195  1.16169e+25 
0.196  8.95113e+25 
0.197  1.05033e+27 
0.198  2.33707e+28 
0.199  1.55308e+30 
0.2  1.05022e+33 
0.201  6.51773e+39 
0.202  2.29931e+37 
0.203  1.82816e+32 
0.204  2.15068e+30 
0.205  2.32744e+33 
0.206  5.4505e+42 
0.207  2.91188e+35 
0.208  1.75083e+31 
0.209  8.75243e+28 
0.21  2.2459e+27 
0.211  1.36311e+26 
0.212  1.40967e+25 
0.213  2.09711e+24 
0.214  4.08711e+23 
0.215  1.04179e+23 
0.216  5.11217e+22 
0.217  9.03053e+22 
0.218  3.16084e+23 
0.219  1.41814e+24 
0.22  7.97114e+24 
0.221  5.99838e+25 
0.222  6.79848e+26 
0.223  1.43104e+28 
0.224  8.58197e+29 
0.225  4.49937e+32 
0.226  4.73569e+38 
0.227  6.78264e+37 
0.228  2.35705e+32 
0.229  5.82295e+29 
0.23  1.08477e+28 
0.231  5.48072e+26 
0.232  5.0289e+25 
0.233  6.86617e+24 
0.234  1.24518e+24 
0.235  2.79401e+23 
0.236  7.3989e+22 
0.237  2.23708e+22 
0.238  7.53905e+21 
0.239  2.7812e+21 
0.24  1.10763e+21 
0.241  4.71045e+20 
0.242  2.12054e+20 
0.243  1.0034e+20 
0.244  4.96173e+19 
0.245  2.55201e+19 
0.246  1.36029e+19 
0.247  7.49646e+18 
0.248  4.2705e+18 
0.249  2.52555e+18 
0.25  1.57204e+18 
0.251  1.06336e+18 
0.252  8.27147e+17 
0.253  7.87397e+17 
0.254  9.32138e+17 
0.255  1.30861e+18 
0.256  2.04361e+18 
0.257  3.40012e+18 
0.258  5.90316e+18 
0.259  1.06129e+19 
0.26  1.97312e+19 
0.261  3.7998e+19 
0.262  7.60444e+19 
0.263  1.58849e+20 
0.264  3.48249e+20 
0.265  8.06678e+20 
0.266  1.9907e+21 
0.267  5.28787e+21 
0.268  1.53177e+22 
0.269  4.92122e+22 
0.27  1.79317e+23 
0.271  7.6396e+23 
0.272  3.97307e+24 
0.273  2.68831e+25 
0.274  2.61626e+26 
0.275  4.34677e+27 
0.276  1.71715e+29 
0.277  3.53423e+31 
0.278  6.49638e+35 
0.279  5.05114e+42 
0.28  3.85343e+33 
0.281  2.80184e+30 
0.282  3.17997e+28 
0.283  1.22824e+27 
0.284  9.53471e+25 
0.285  1.21237e+25 
0.286  4.66445e+24 
0.287  1.81241e+25 
0.288  1.62345e+26 
0.289  2.45761e+27 
0.29  8.29733e+28 
0.291  1.23271e+31 
0.292  7.65225e+34 
0.293  5.0667e+48 
0.294  1.57131e+34 
0.295  5.59075e+30 
0.296  4.89845e+28 
0.297  1.65562e+27 
0.298  1.19936e+26 
0.299  2.2566e+25 
0.3  6.51616e+25 
0.301  6.48322e+26 
0.302  1.17218e+28 
0.303  5.36791e+29 
0.304  1.52001e+32 
0.305  9.27982e+36 
0.306  3.37315e+40 
0.307  2.13394e+33 
0.308  2.60875e+30 
0.309  3.6232e+28 
0.31  1.55801e+27 
0.311  1.29107e+26 
0.312  1.6432e+25 
0.313  2.83086e+24 
0.314  6.10938e+23 
0.315  1.57185e+23 
0.316  4.71698e+22 
0.317  1.78501e+22 
0.318  1.35197e+22 
0.319  2.99484e+22 
0.32  1.12621e+23 
0.321  5.39884e+23 
0.322  3.3068e+24 
0.323  2.80105e+25 
0.324  3.77629e+26 
0.325  1.05077e+28 
0.326  1.06329e+30 
0.327  2.12798e+33 
0.328  3.63133e+44 
0.329  5.03436e+34 
0.33  5.13652e+30 
0.331  3.00023e+28 
0.332  8.29567e+26 
0.333  5.36615e+25 
0.334  1.08987e+25 
0.335  3.31519e+25 
0.336  2.71912e+26 
0.337  3.65139e+27 
0.338  1.02441e+29 
0.339  1.08459e+31 
0.34  2.63827e+34 
0.341  3.0806e+47 
0.342  6.71858e+39 
0.343  8.10936e+32 
0.344  1.24022e+30 
0.345  2.07149e+28 
0.346  1.02913e+27 
0.347  9.53245e+25 
0.348  1.32331e+25 
0.349  2.44301e+24 
0.35  5.585e+23 
0.351  1.52976e+23 
0.352  5.47365e+22 
0.353  4.28578e+22 
0.354  1.00097e+23 
0.355  3.7955e+23 
0.356  1.81085e+24 
0.357  1.09977e+25 
0.358  9.20411e+25 
0.359  1.21886e+27 
0.36  3.29365e+28 
0.361  3.14965e+30 
0.362  5.39736e+33 
0.363  9.45171e+43 
0.364  2.78876e+35 
0.365  2.23424e+31 
0.366  1.21401e+29 
0.367  3.241e+27 
0.368  2.01231e+26 
0.369  2.11052e+25 
0.37  3.1698e+24 
0.371  6.32928e+23 
0.372  2.09545e+23 
0.373  3.05247e+23 
0.374  1.34138e+24 
0.375  8.56462e+24 
0.376  7.77346e+25 
0.377  1.16269e+27 
0.378  3.84313e+28 
0.379  5.46922e+30 
0.38  2.969e+34 
0.381  2.25183e+50 
0.382  9.99195e+33 
0.383  3.17371e+30 
0.384  2.67379e+28 
0.385  8.85726e+26 
0.386  6.25281e+25 
0.387  7.14024e+24 
0.388  1.13747e+24 
0.389  2.31329e+23 
0.39  5.67109e+22 
0.391  1.61136e+22 
0.392  5.15968e+21 
0.393  1.82369e+21 
0.394  7.00369e+20 
0.395  2.88684e+20 
0.396  1.26477e+20 
0.397  5.8437e+19 
0.398  2.82917e+19 
0.399  1.42763e+19 
0.4  7.47525e+18 
0.401  4.04628e+18 
0.402  2.25695e+18 
0.403  1.29374e+18 
0.404  7.60416e+17 
0.405  4.57454e+17 
0.406  2.81313e+17 
0.407  1.76758e+17 
0.408  1.13578e+17 
0.409  7.48712e+16 
0.41  5.09999e+16 
0.411  3.63882e+16 
0.412  2.7797e+16 
0.413  2.33802e+16 
0.414  2.21711e+16 
0.415  2.38178e+16 
0.416  2.84753e+16 
0.417  3.68181e+16 
0.418  5.01701e+16 
0.419  7.07837e+16 
0.42  1.02347e+17 
0.421  1.5086e+17 
0.422  2.26158e+17 
0.423  3.44572e+17 
0.424  5.33662e+17 
0.425  8.40802e+17 
0.426  1.34908e+18 
0.427  2.20748e+18 
0.428  3.68948e+18 
0.429  6.31039e+18 
0.43  1.10688e+19 
0.431  1.99603e+19 
0.432  3.71105e+19 
0.433  7.13736e+19 
0.434  1.42555e+20 
0.435  2.97056e+20 
0.436  6.4939e+20 
0.437  1.49931e+21 
0.438  3.68598e+21 
0.439  9.74811e+21 
0.44  2.8093e+22 
0.441  8.97067e+22 
0.442  3.24473e+23 
0.443  1.36996e+24 
0.444  7.04432e+24 
0.445  4.69702e+25 
0.446  4.48186e+26 
0.447  7.24116e+27 
0.448  2.74075e+29 
0.449  5.23401e+31 
0.45  7.96164e+35 
0.451  7.36363e+48 
0.452  3.6282e+34 
0.453  9.79793e+30 
0.454  8.74888e+28 
0.455  3.05334e+27 
0.456  2.24391e+26 
0.457  2.83239e+25 
0.458  1.71285e+25 
0.459  1.1649e+26 
0.46  1.7065e+27 
0.461  5.51562e+28 
0.462  7.50425e+30 
0.463  3.54828e+34 
0.464  9.37941e+53 
0.465  2.01823e+34 
0.466  5.6598e+30 
0.467  4.57009e+28 
0.468  1.48195e+27 
0.469  1.03779e+26 
0.47  1.4267e+25 
0.471  1.86399e+25 
0.472  1.55371e+26 
0.473  2.377e+27 
0.474  8.19312e+28 
0.475  1.26981e+31 
0.476  9.01134e+34 
0.477  1.95973e+47 
0.478  1.14644e+34 
0.479  4.53779e+30 
0.48  4.12695e+28 
0.481  1.42566e+27 
0.482  1.34999e+26 
0.483  3.62353e+26 
0.484  6.89649e+27 
0.485  3.6615e+29 
0.486  1.44613e+32 
0.487  3.70965e+37 
0.488  3.82377e+38 
0.489  3.14039e+32 
0.49  5.83015e+29 
0.491  9.61168e+27 
0.492  4.53774e+26 
0.493  3.98937e+25 
0.494  5.33726e+24 
0.495  1.13718e+24 
0.496  1.0985e+24 
0.497  4.98637e+24 
0.498  3.62998e+25 
0.499  3.97944e+26 
0.5  7.95449e+27 
0.501  4.34609e+29 
0.502  1.83242e+32 
0.503  6.39853e+37 
0.504  2.36388e+38 
0.505  2.83166e+32 
0.506  5.64287e+29 
0.507  9.58543e+27 
0.508  4.60061e+26 
0.509  4.08559e+25 
0.51  5.45335e+24 
0.511  9.7268e+23 
0.512  2.155e+23 
0.513  5.64979e+22 
0.514  1.69443e+22 
0.515  5.67217e+21 
0.516  2.08078e+21 
0.517  8.24745e+20 
0.518  3.49323e+20 
0.519  1.56724e+20 
0.52  7.39667e+19 
0.521  3.65355e+19 
0.522  1.88414e+19 
0.523  1.01776e+19 
0.524  5.8608e+18 
0.525  3.78675e+18 
0.526  3.04008e+18 
0.527  3.3483e+18 
0.528  4.95116e+18 
0.529  8.80591e+18 
0.53  1.73402e+19 
0.531  3.65227e+19 
0.532  8.15933e+19 
0.533  1.93836e+20 
0.534  4.93385e+20 
0.535  1.36036e+21 
0.536  4.12207e+21 
0.537  1.39909e+22 
0.538  5.4572e+22 
0.539  2.53472e+23 
0.54  1.47575e+24 
0.541  1.16439e+25 
0.542  1.41385e+26 
0.543  3.32067e+27 
0.544  2.43536e+29 
0.545  2.08611e+32 
0.546  4.56818e+39 
0.547  6.58456e+35 
0.548  1.22524e+31 
0.549  4.4678e+28 
0.55  9.95509e+26 
0.551  1.02999e+26 
0.552  6.69961e+26 
0.553  1.97207e+28 
0.554  2.28751e+30 
0.555  6.7761e+33 
0.556  1.30325e+49 
0.557  2.67078e+34 
0.558  2.37641e+39 
0.559  9.73731e+36 
0.56  8.79171e+31 
0.561  2.68888e+29 
0.562  5.50834e+27 
0.563  2.94109e+26 
0.564  2.80261e+25 
0.565  3.93891e+24 
0.566  7.31626e+23 
0.567  1.67617e+23 
0.568  4.52237e+22 
0.569  1.3909e+22 
0.57  4.76213e+21 
0.571  1.78288e+21 
0.572  7.1993e+20 
0.573  3.10173e+20 
0.574  1.41353e+20 
0.575  6.76605e+19 
0.576  3.38205e+19 
0.577  1.75688e+19 
0.578  9.44627e+18 
0.579  5.23885e+18 
0.58  2.98806e+18 
0.581  1.74833e+18 
0.582  1.04711e+18 
0.583  6.40767e+17 
0.584  4.00028e+17 
0.585  2.54497e+17 
0.586  1.64908e+17 
0.587  1.08876e+17 
0.588  7.3388e+16 
0.589  5.07498e+16 
0.59  3.63581e+16 
0.591  2.74515e+16 
0.592  2.2406e+16 
0.593  2.03427e+16 
0.594  2.09247e+16 
0.595  2.42845e+16 
0.596  3.10596e+16 
0.597  4.25497e+16 
0.598  6.10442e+16 
0.599  9.04247e+16 
0.6  1.37247e+17 
0.601  2.12691e+17 
0.602  3.36131e+17 
0.603  5.41801e+17 
0.604  8.91537e+17 
0.605  1.49978e+18 
0.606  2.58398e+18 
0.607  4.56954e+18 
0.608  8.31538e+18 
0.609  1.56174e+19 
0.61  3.03785e+19 
0.611  6.14517e+19 
0.612  1.29906e+20 
0.613  2.88666e+20 
0.614  6.79073e+20 
0.615  1.70605e+21 
0.616  4.62773e+21 
0.617  1.37433e+22 
0.618  4.5501e+22 
0.619  1.72042e+23 
0.62  7.6797e+23 
0.621  4.24371e+24 
0.622  3.11716e+25 
0.623  3.4114e+26 
0.624  6.79619e+27 
0.625  3.69091e+29 
0.626  1.53468e+32 
0.627  5.01426e+37 
0.628  2.2992e+38 
0.629  2.54807e+32 
0.63  5.00308e+29 
0.631  8.44548e+27 
0.632  4.04043e+26 
0.633  3.6247e+25 
0.634  7.33614e+24 
0.635  2.03681e+25 
0.636  2.25374e+26 
0.637  4.88191e+27 
0.638  3.09107e+29 
0.639  1.84548e+32 
0.64  3.99231e+38 
0.641  8.95028e+36 
0.642  5.26454e+31 
0.643  2.66941e+31 
0.644  6.07735e+35 
0.645  8.21866e+41 
0.646  1.90552e+33 
0.647  1.54879e+30 
0.648  1.83374e+28 
0.649  7.24289e+26 
0.65  5.70655e+25 
0.651  7.50154e+24 
0.652  3.61256e+24 
0.653  1.50863e+25 
0.654  1.24601e+26 
0.655  1.65689e+27 
0.656  4.51226e+28 
0.657  4.38061e+30 
0.658  7.82235e+33 
0.659  2.39951e+44 
0.66  3.27195e+35 
0.661  2.81121e+31 
0.662  1.97478e+31 
0.663  3.38461e+35 
0.664  4.50866e+42 
0.665  2.41436e+33 
0.666  1.69825e+30 
0.667  1.90361e+28 
0.668  7.30609e+26 
0.669  5.64724e+25 
0.67  6.9313e+24 
0.671  1.41985e+24 
0.672  1.4496e+24 
0.673  6.56906e+24 
0.674  4.61875e+25 
0.675  4.8066e+26 
0.676  8.85856e+27 
0.677  4.1905e+29 
0.678  1.27485e+32 
0.679  1.04226e+37 
0.68  9.49849e+39 
0.681  1.17237e+33 
0.682  1.58262e+30 
0.683  2.2876e+28 
0.684  1.00513e+27 
0.685  8.44244e+25 
0.686  1.08449e+25 
0.687  1.88095e+24 
0.688  4.08018e+23 
0.689  1.05375e+23 
0.69  3.15893e+22 
0.691  1.1416e+22 
0.692  6.53809e+21 
0.693  9.02233e+21 
0.694  2.29371e+22 
0.695  7.37634e+22 
0.696  2.76185e+23 
0.697  1.22245e+24 
0.698  6.68512e+24 
0.699  4.84214e+25 
0.7  5.19376e+26 
0.701  1.00273e+28 
0.702  5.14932e+29 
0.703  1.88376e+32 
0.704  3.40623e+37 
0.705  1.21846e+39 
0.706  6.15869e+32 
0.707  1.04813e+30 
0.708  2.43604e+28 
0.709  4.80392e+29 
0.71  2.74711e+32 
0.711  4.69493e+38 
0.712  1.89443e+37 
0.713  9.47562e+31 
0.714  2.53311e+29 
0.715  4.88466e+27 
0.716  2.51621e+26 
0.717  2.33777e+25 
0.718  3.22026e+24 
0.719  5.88005e+23 
0.72  1.32699e+23 
0.721  3.53246e+22 
0.722  1.07352e+22 
0.723  3.63703e+21 
0.724  1.34963e+21 
0.725  5.41474e+20 
0.726  2.33077e+20 
0.727  1.08e+20 
0.728  5.5816e+19 
0.729  3.6142e+19 
0.73  3.54216e+19 
0.731  5.40401e+19 
0.732  1.07349e+20 
0.733  2.42585e+20 
0.734  5.96336e+20 
0.735  1.58705e+21 
0.736  4.61493e+21 
0.737  1.49007e+22 
0.738  5.46315e+22 
0.739  2.34572e+23 
0.74  1.2323e+24 
0.741  8.4523e+24 
0.742  8.38604e+25 
0.743  1.43507e+27 
0.744  5.9651e+28 
0.745  1.36842e+31 
0.746  3.72012e+35 
0.747  1.46917e+41 
0.748  7.18476e+32 
0.749  6.33529e+29 
0.75  7.73886e+27 
0.751  3.1072e+26 
0.752  2.46726e+25 
0.753  3.05031e+24 
0.754  5.15094e+23 
0.755  1.10862e+23 
0.756  3.21715e+22 
0.757  2.15969e+22 
0.758  4.82874e+22 
0.759  1.77855e+23 
0.76  8.15271e+23 
0.761  4.69262e+24 
0.762  3.64652e+25 
0.763  4.33026e+26 
0.764  9.81485e+27 
0.765  6.73883e+29 
0.766  4.8994e+32 
0.767  3.5153e+39 
0.768  5.00637e+36 
0.769  5.77813e+31 
0.77  1.87289e+29 
0.771  3.93436e+27 
0.772  2.1271e+26 
0.773  2.03852e+25 
0.774  2.86948e+24 
0.775  5.33725e+23 
0.776  1.26225e+23 
0.777  4.7142e+22 
0.778  5.93833e+22 
0.779  1.96291e+23 
0.78  8.97849e+23 
0.781  5.22448e+24 
0.782  4.12576e+25 
0.783  5.01642e+26 
0.784  1.18074e+28 
0.785  8.69428e+29 
0.786  7.52294e+32 
0.787  1.77151e+40 
0.788  2.21599e+36 
0.789  4.23728e+31 
0.79  1.55577e+29 
0.791  3.45799e+27 
0.792  1.93074e+26 
0.793  1.88924e+25 
0.794  2.69779e+24 
0.795  5.05761e+23 
0.796  1.16559e+23 
0.797  3.18515e+22 
0.798  1.06603e+22 
0.799  5.93037e+21 
0.8  8.78854e+21 
0.801  2.45445e+22 
0.802  8.6827e+22 
0.803  3.63749e+23 
0.804  1.85583e+24 
0.805  1.22419e+25 
0.806  1.14934e+26 
0.807  1.80795e+27 
0.808  6.50592e+28 
0.809  1.10158e+31 
0.81  1.04097e+35 
0.811  1.27728e+45 
0.812  4.96624e+33 
0.813  2.42077e+30 
0.814  2.37096e+28 
0.815  8.4817e+26 
0.816  6.27359e+25 
0.817  7.39184e+24 
0.818  1.20431e+24 
0.819  2.49102e+23 
0.82  6.18803e+22 
0.821  1.77717e+22 
0.822  5.74435e+21 
0.823  2.05236e+21 
0.824  8.0608e+20 
0.825  3.58161e+20 
0.826  2.0404e+20 
0.827  1.87617e+20 
0.828  2.8631e+20 
0.829  5.76745e+20 
0.83  1.31713e+21 
0.831  3.26616e+21 
0.832  8.77511e+21 
0.833  2.5824e+22 
0.834  8.47282e+22 
0.835  3.1765e+23 
0.836  1.40849e+24 
0.837  7.76686e+24 
0.838  5.75462e+25 
0.839  6.5143e+26 
0.84  1.428e+28 
0.841  1.00909e+30 
0.842  9.55513e+32 
0.843  7.34607e+40 
0.844  1.8231e+68 
0.845  3.83112e+34 
0.846  9.55214e+30 
0.847  7.56467e+28 
0.848  2.46866e+27 
0.849  1.74575e+26 
0.85  2.02469e+25 
0.851  3.99167e+24 
0.852  5.04774e+24 
0.853  3.42096e+25 
0.854  4.03905e+26 
0.855  9.13808e+27 
0.856  6.25438e+29 
0.857  4.51196e+32 
0.858  3.07925e+39 
0.859  4.88698e+36 
0.86  5.50435e+31 
0.861  1.77372e+29 
0.862  3.71623e+27 
0.863  2.00617e+26 
0.864  1.92074e+25 
0.865  2.70127e+24 
0.866  5.00676e+23 
0.867  1.1424e+23 
0.868  3.0656e+22 
0.869  9.36939e+21 
0.87  3.18594e+21 
0.871  1.18427e+21 
0.872  4.74745e+20 
0.873  2.03068e+20 
0.874  9.18981e+19 
0.875  4.37039e+19 
0.876  2.17285e+19 
0.877  1.12569e+19 
0.878  6.07755e+18 
0.879  3.44494e+18 
0.88  2.09935e+18 
0.881  1.45143e+18 
0.882  1.23549e+18 
0.883  1.36443e+18 
0.884  1.88369e+18 
0.885  2.99276e+18 
0.886  5.14775e+18 
0.887  9.31359e+18 
0.888  1.75489e+19 
0.889  3.43904e+19 
0.89  7.02736e+19 
0.891  1.50427e+20 
0.892  3.3942e+20 
0.893  8.1365e+20 
0.894  2.09277e+21 
0.895  5.84884e+21 
0.896  1.80558e+22 
0.897  6.29342e+22 
0.898  2.55273e+23 
0.899  1.25821e+24 
0.9  8.04125e+24 
0.901  7.38988e+25 
0.902  1.16736e+27 
0.903  4.47606e+28 
0.904  9.36069e+30 
0.905  1.99586e+35 
0.906  4.45307e+41 
0.907  1.52818e+46 
0.908  5.56692e+33 
0.909  2.39716e+30 
0.91  2.26454e+28 
0.911  8.03264e+26 
0.912  5.96347e+25 
0.913  7.0925e+24 
0.914  1.16934e+24 
0.915  2.45084e+23 
0.916  6.19621e+22 
0.917  1.87268e+22 
0.918  7.89967e+21 
0.919  7.64864e+21 
0.92  1.72662e+22 
0.921  5.48542e+22 
0.922  2.07285e+23 
0.923  9.35107e+23 
0.924  5.28138e+24 
0.925  4.0409e+25 
0.926  4.77065e+26 
0.927  1.09943e+28 
0.928  8.09336e+29 
0.929  7.37628e+32 
0.93  2.74941e+40 
0.931  6.66762e+39 
0.932  2.70977e+36 
0.933  4.11059e+31 
0.934  1.44682e+29 
0.935  3.24311e+27 
0.936  3.92725e+26 
0.937  6.07056e+27 
0.938  6.6581e+29 
0.939  1.68463e+33 
0.94  2.98649e+46 
0.941  1.31517e+34 
0.942  1.85682e+30 
0.943  1.19935e+28 
0.944  3.88491e+26 
0.945  4.58893e+26 
0.946  8.46408e+27 
0.947  4.39148e+29 
0.948  1.6481e+32 
0.949  3.34675e+37 
0.95  7.84067e+38 
0.951  1.04449e+36 
0.952  5.20828e+39 
0.953  2.81193e+32 
0.954  3.36675e+29 
0.955  4.67912e+27 
0.956  2.05009e+26 
0.957  1.76027e+25 
0.958  2.35198e+24 
0.959  4.29061e+23 
0.96  9.86546e+22 
0.961  2.75328e+22 
0.962  1.01799e+22 
0.963  8.17224e+21 
0.964  1.85508e+22 
0.965  6.71011e+22 
0.966  3.02616e+23 
0.967  1.7106e+24 
0.968  1.29884e+25 
0.969  1.49285e+26 
0.97  3.21478e+27 
0.971  2.01007e+29 
0.972  1.1642e+32 
0.973  2.11862e+38 
0.974  7.29757e+36 
0.975  3.81531e+31 
0.976  4.44012e+30 
0.977  3.82023e+34 
0.978  1.39439e+45 
0.979  2.30695e+33 
0.98  1.07093e+30 
0.981  1.03069e+28 
0.982  3.65443e+26 
0.983  2.68926e+25 
0.984  3.15959e+24 
0.985  5.14175e+23 
0.986  1.06382e+23 
0.987  2.64674e+22 
0.988  7.62118e+21 
0.989  2.471e+21 
0.99  8.83921e+20 
0.991  3.43474e+20 
0.992  1.4324e+20 
0.993  6.35063e+19 
0.994  2.97183e+19 
0.995  1.46113e+19 
0.996  7.54563e+18 
0.997  4.13052e+18 
0.998  2.46873e+18 
0.999  1.71813e+18 
1  1.51641e+18 
1.001  1.75106e+18 
1.002  2.48502e+18 
1.003  3.97754e+18 
1.004  6.80781e+18 
1.005  1.21786e+19 
1.006  2.26089e+19 
1.007  4.35421e+19 
1.008  8.72271e+19 
1.009  1.82556e+20 
1.01  4.0142e+20 
1.011  9.33935e+20 
1.012  2.3192e+21 
1.013  6.21458e+21 
1.014  1.82217e+22 
1.015  5.95303e+22 
1.016  2.21999e+23 
1.017  9.76878e+23 
1.018  5.31819e+24 
1.019  3.84494e+25 
1.02  4.13349e+26 
1.021  8.05046e+27 
1.022  4.21927e+29 
1.023  1.62248e+32 
1.024  3.68575e+37 
1.025  5.79319e+38 
1.026  7.50624e+36 
1.027  9.75021e+38 
1.028  2.88395e+32 
1.029  4.48203e+29 
1.03  6.89904e+27 
1.031  3.1691e+26 
1.032  2.77307e+25 
1.033  3.71293e+24 
1.034  6.71847e+23 
1.035  1.5206e+23 
1.036  4.08894e+22 
1.037  1.26039e+22 
1.038  4.33983e+21 
1.039  1.6376e+21 
1.04  6.67623e+20 
1.041  2.91205e+20 
1.042  1.35475e+20 
1.043  6.81264e+19 
1.044  3.92583e+19 
1.045  2.98728e+19 
1.046  3.45845e+19 
1.047  5.73233e+19 
1.048  1.15385e+20 
1.049  2.57111e+20 
1.05  6.17146e+20 
1.051  1.59449e+21 
1.052  4.47527e+21 
1.053  1.38469e+22 
1.054  4.8187e+22 
1.055  1.93818e+23 
1.056  9.36007e+23 
1.057  5.73669e+24 
1.058  4.859e+25 
1.059  6.54953e+26 
1.06  1.82186e+28 
1.061  1.84246e+30 
1.062  3.68116e+33 
1.063  6.11367e+44 
1.064  8.78089e+34 
1.065  8.93676e+30 
1.066  5.21599e+28 
1.067  1.44122e+27 
1.068  9.13119e+25 
1.069  9.70426e+24 
1.07  1.46879e+24 
1.071  2.87491e+23 
1.072  6.84326e+22 
1.073  1.90294e+22 
1.074  6.0686e+21 
1.075  2.32616e+21 
1.076  1.42141e+21 
1.077  2.05127e+21 
1.078  5.31926e+21 
1.079  1.74338e+22 
1.08  6.69817e+22 
1.081  3.07265e+23 
1.082  1.76579e+24 
1.083  1.37186e+25 
1.084  1.63144e+26 
1.085  3.71033e+27 
1.086  2.56479e+29 
1.087  1.89637e+32 
1.088  1.51778e+39 
1.089  1.70952e+36 
1.09  2.08318e+31 
1.091  6.74566e+30 
1.092  4.97769e+34 
1.093  3.77421e+46 
1.094  5.32875e+33 
1.095  2.19007e+30 
1.096  2.01838e+28 
1.097  7.00565e+26 
1.098  5.49592e+25 
1.099  3.9396e+25 
1.1  4.19665e+26 
1.101  1.03099e+28 
1.102  8.25971e+29 
1.103  8.85883e+32 
1.104  1.11752e+41 
1.105  6.45496e+35 
1.106  2.09767e+31 
1.107  8.84342e+28 
1.108  2.09471e+27 
1.109  1.21313e+26 
1.11  1.21559e+25 
1.111  1.76507e+24 
1.112  3.35142e+23 
1.113  7.82791e+22 
1.114  2.23304e+22 
1.115  9.68014e+21 
1.116  1.16538e+22 
1.117  3.24644e+22 
1.118  1.22275e+23 
1.119  5.5837e+23 
1.12  3.18927e+24 
1.121  2.45205e+25 
1.122  2.86717e+26 
1.123  6.341e+27 
1.124  4.16143e+29 
1.125  2.7089e+32 
1.126  9.74994e+38 
1.127  6.48952e+36 
1.128  5.20521e+31 
1.129  1.54864e+29 
1.13  3.4567e+27 
1.131  6.33984e+27 
1.132  3.0536e+29 
1.133  1.02599e+32 
1.134  1.27629e+37 
1.135  1.93479e+39 
1.136  5.35522e+32 
1.137  7.32756e+30 
1.138  4.96299e+34 
1.139  2.3603e+46 
1.14  4.9019e+33 
1.141  2.05049e+30 
1.142  3.13387e+28 
1.143  1.09076e+30 
1.144  1.51344e+33 
1.145  2.19148e+42 
1.146  2.42041e+35 
1.147  1.34044e+31 
1.148  6.54564e+28 
1.149  1.66096e+27 
1.15  1.00313e+26 
1.151  1.12958e+25 
1.152  7.81675e+24 
1.153  5.57326e+25 
1.154  7.92447e+26 
1.155  2.42793e+28 
1.156  2.96833e+30 
1.157  1.019e+34 
1.158  2.64023e+52 
1.159  2.09884e+34 
1.16  4.25974e+30 
1.161  3.12868e+28 
1.162  8.51321e+27 
1.163  3.91641e+29 
1.164  1.52412e+32 
1.165  3.84274e+37 
1.166  4.22176e+38 
1.167  1.33648e+40 
1.168  8.83052e+32 
1.169  1.09568e+30 
1.17  1.55955e+28 
1.171  6.93148e+26 
1.172  5.95886e+25 
1.173  7.86967e+24 
1.174  1.40446e+24 
1.175  3.13143e+23 
1.176  8.28605e+22 
1.177  2.51173e+22 
1.178  8.50623e+21 
1.179  3.16418e+21 
1.18  1.28577e+21 
1.181  5.87285e+20 
1.182  3.45919e+20 
1.183  3.46751e+20 
1.184  6.14948e+20 
1.185  1.47579e+21 
1.186  4.09171e+21 
1.187  1.26814e+22 
1.188  4.43669e+22 
1.189  1.79753e+23 
1.19  8.76298e+23 
1.191  5.43835e+24 
1.192  4.68722e+25 
1.193  6.4837e+26 
1.194  1.88194e+28 
1.195  2.06772e+30 
1.196  5.21249e+33 
1.197  8.44672e+46 
1.198  4.13849e+34 
1.199  5.81506e+30 
1.2  3.74867e+28 
1.201  1.08705e+27 
1.202  7.08674e+25 
1.203  7.67489e+24 
1.204  1.17728e+24 
1.205  2.32741e+23 
1.206  5.58162e+22 
1.207  1.55859e+22 
1.208  4.92534e+21 
1.209  1.73137e+21 
1.21  6.80255e+20 
1.211  3.23196e+20 
1.212  2.38251e+20 
1.213  3.33273e+20 
1.214  7.09062e+20 
1.215  1.80782e+21 
1.216  5.14425e+21 
1.217  1.62919e+22 
1.218  5.84499e+22 
1.219  2.44439e+23 
1.22  1.24174e+24 
1.221  8.14384e+24 
1.222  7.58483e+25 
1.223  1.1788e+27 
1.224  4.15613e+28 
1.225  6.74687e+30 
1.226  5.55672e+34 
1.227  6.31254e+45 
1.228  4.21534e+33 
1.229  1.86519e+30 
1.23  1.76795e+28 
1.231  9.15712e+26 
1.232  4.17754e+27 
1.233  1.22032e+29 
1.234  1.38696e+31 
1.235  3.85197e+34 
1.236  8.60114e+48 
1.237  1.97759e+35 
1.238  3.15944e+31 
1.239  8.33577e+31 
1.24  2.84427e+37 
1.241  1.12312e+38 
1.242  1.31363e+32 
1.243  2.60594e+29 
1.244  4.41937e+27 
1.245  2.12161e+26 
1.246  1.89382e+25 
1.247  2.75324e+24 
1.248  1.6637e+24 
1.249  9.09112e+24 
1.25  1.00503e+26 
1.251  2.07032e+27 
1.252  1.19484e+29 
1.253  5.72302e+31 
1.254  3.75577e+37 
1.255  2.01623e+37 
1.256  4.65298e+31 
1.257  3.03794e+30 
1.258  4.42727e+34 
1.259  2.05488e+42 
1.26  4.74461e+32 
1.261  3.09728e+29 
1.262  3.37629e+27 
1.263  1.27713e+26 
1.264  9.78154e+24 
1.265  1.18157e+24 
1.266  1.96607e+23 
1.267  4.20168e+22 
1.268  1.22893e+22 
1.269  8.40256e+21 
1.27  1.81433e+22 
1.271  6.26114e+22 
1.272  2.64635e+23 
1.273  1.37295e+24 
1.274  9.2781e+24 
1.275  9.02308e+25 
1.276  1.49857e+27 
1.277  5.91832e+28 
1.278  1.21755e+31 
1.279  2.2345e+35 
1.28  1.7608e+42 
1.281  1.33161e+33 
1.282  1.47582e+30 
1.283  4.24089e+32 
1.284  7.68606e+39 
1.285  1.60873e+36 
1.286  2.78295e+31 
1.287  9.96323e+28 
1.288  2.18931e+27 
1.289  1.21464e+26 
1.29  1.18415e+25 
1.291  1.68776e+24 
1.292  3.16238e+23 
1.293  7.28498e+22 
1.294  1.97251e+22 
1.295  6.08168e+21 
1.296  2.08639e+21 
1.297  7.8277e+20 
1.298  3.1715e+20 
1.299  1.37776e+20 
1.3  6.44551e+19 
1.301  3.36994e+19 
1.302  2.20921e+19 
1.303  2.16733e+19 
1.304  3.24661e+19 
1.305  6.27575e+19 
1.306  1.37777e+20 
1.307  3.28925e+20 
1.308  8.49644e+20 
1.309  2.39575e+21 
1.31  7.49021e+21 
1.311  2.65335e+22 
1.312  1.0969e+23 
1.313  5.51574e+23 
1.314  3.58486e+24 
1.315  3.30995e+25 
1.316  5.09313e+26 
1.317  1.76924e+28 
1.318  2.78847e+30 
1.319  2.08852e+34 
1.32  1.43739e+46 
1.321  2.19929e+33 
1.322  2.52086e+31 
1.323  1.20429e+36 
1.324  1.27935e+40 
1.325  4.69027e+32 
1.326  5.31225e+29 
1.327  7.15711e+27 
1.328  3.02833e+26 
1.329  2.486e+25 
1.33  3.16609e+24 
1.331  6.14201e+23 
1.332  4.09133e+23 
1.333  1.40978e+24 
1.334  8.22078e+24 
1.335  6.6969e+25 
1.336  8.55491e+26 
1.337  2.18435e+28 
1.338  1.87623e+30 
1.339  2.41343e+33 
1.34  1.60133e+42 
1.341  5.94606e+35 
1.342  1.06467e+32 
1.343  8.17919e+36 
1.344  2.51786e+39 
1.345  5.10603e+32 
1.346  7.45139e+29 
1.347  1.1122e+28 
1.348  5.10883e+26 
1.349  1.84902e+26 
1.35  2.73284e+27 
1.351  1.37779e+29 
1.352  4.85637e+31 
1.353  7.44345e+36 
1.354  4.96133e+38 
1.355  1.94444e+32 
1.356  3.16528e+29 
1.357  4.93983e+27 
1.358  2.26298e+26 
1.359  1.95176e+25 
1.36  2.56813e+24 
1.361  5.06834e+23 
1.362  3.47202e+23 
1.363  1.32351e+24 
1.364  8.82064e+24 
1.365  8.61939e+25 
1.366  1.44284e+27 
1.367  5.774e+28 
1.368  1.22145e+31 
1.369  2.47497e+35 
1.37  8.61034e+41 
1.371  1.10309e+33 
1.372  8.43646e+29 
1.373  9.76019e+27 
1.374  3.83066e+26 
1.375  4.69472e+25 
1.376  1.97502e+26 
1.377  4.02955e+27 
1.378  2.36072e+29 
1.379  1.17163e+32 
1.38  9.23353e+37 
1.381  2.93756e+37 
1.382  8.00033e+31 
1.383  1.87776e+29 
1.384  3.42129e+27 
1.385  1.70725e+26 
1.386  1.55415e+25 
1.387  2.11032e+24 
1.388  3.81172e+23 
1.389  8.5268e+22 
1.39  2.25264e+22 
1.391  6.79825e+21 
1.392  2.28783e+21 
1.393  8.43327e+20 
1.394  3.36073e+20 
1.395  1.43689e+20 
1.396  6.61463e+19 
1.397  3.39579e+19 
1.398  2.17354e+19 
1.399  2.07032e+19 
1.4  3.01557e+19 
1.401  5.68113e+19 
1.402  1.21286e+20 
1.403  2.79963e+20 
1.404  6.93403e+20 
1.405  1.85418e+21 
1.406  5.41911e+21 
1.407  1.76088e+22 
1.408  6.50943e+22 
1.409  2.82525e+23 
1.41  1.50563e+24 
1.411  1.05315e+25 
1.412  1.07466e+26 
1.413  1.92044e+27 
1.414  8.6069e+28 
1.415  2.32447e+31 
1.416  1.1759e+36 
1.417  1.1196e+40 
1.418  4.34467e+32 
1.419  4.98368e+29 
1.42  1.66198e+29 
1.421  1.01848e+32 
1.422  3.26614e+38 
1.423  2.84539e+36 
1.424  2.13385e+31 
1.425  6.24952e+28 
1.426  1.2547e+27 
1.427  6.61221e+25 
1.428  6.2348e+24 
1.429  8.67974e+23 
1.43  1.59797e+23 
1.431  3.63111e+22 
1.432  9.72497e+21 
1.433  2.97208e+21 
1.434  1.01229e+21 
1.435  3.77486e+20 
1.436  1.52018e+20 
1.437  6.5402e+19 
1.438  2.98019e+19 
1.439  1.42844e+19 
1.44  7.16425e+18 
1.441  3.74787e+18 
1.442  2.04604e+18 
1.443  1.17553e+18 
1.444  7.29381e+17 
1.445  5.16995e+17 
1.446  4.53652e+17 
1.447  5.14997e+17 
1.448  7.24552e+17 
1.449  1.16585e+18 
1.45  2.0274e+18 
1.451  3.71209e+18 
1.452  7.09477e+18 
1.453  1.41463e+19 
1.454  2.95168e+19 
1.455  6.47816e+19 
1.456  1.50562e+20 
1.457  3.73714e+20 
1.458  1.00122e+21 
1.459  2.93452e+21 
1.46  9.57547e+21 
1.461  3.56039e+22 
1.462  1.55741e+23 
1.463  8.38707e+23 
1.464  5.95121e+24 
1.465  6.19887e+25 
1.466  1.14353e+27 
1.467  5.41853e+28 
1.468  1.65463e+31 
1.469  1.3739e+36 
1.47  1.16739e+39 
1.471  1.48887e+32 
1.472  2.0204e+29 
1.473  3.3791e+27 
1.474  1.02777e+28 
1.475  6.81158e+29 
1.476  4.68313e+32 
1.477  2.35744e+39 
1.478  7.31263e+36 
1.479  7.05489e+31 
1.48  2.19112e+29 
1.481  4.51556e+27 
1.482  2.41494e+26 
1.483  2.2982e+25 
1.484  3.21866e+24 
1.485  5.94975e+23 
1.486  1.36094e+23 
1.487  3.84465e+22 
1.488  1.8578e+22 
1.489  3.35593e+22 
1.49  1.42891e+23 
1.491  8.48764e+23 
1.492  6.96838e+24 
1.493  8.9781e+25 
1.494  2.3203e+27 
1.495  2.03735e+29 
1.496  2.77647e+32 
1.497  3.30712e+41 
1.498  4.92745e+34 
1.499  2.63446e+30 
1.5  1.27384e+28 
1.501  3.30054e+26 
1.502  9.07765e+25 
1.503  9.74543e+26 
1.504  2.74968e+28 
1.505  2.86991e+30 
1.506  6.26012e+33 
1.507  4.76175e+45 
1.508  9.76417e+34 
1.509  1.12836e+31 
1.51  6.84582e+28 
1.511  1.92751e+27 
1.512  1.24177e+26 
1.513  1.74892e+25 
1.514  3.75181e+25 
1.515  4.65952e+26 
1.516  1.23785e+28 
1.517  1.14746e+30 
1.518  1.80755e+33 
1.519  1.09084e+43 
1.52  1.4525e+35 
1.521  1.0101e+31 
1.522  5.26572e+28 
1.523  1.37823e+27 
1.524  8.46163e+25 
1.525  8.92455e+24 
1.526  1.89113e+24 
1.527  3.7404e+24 
1.528  2.89205e+25 
1.529  3.76069e+26 
1.53  9.89746e+27 
1.531  8.99791e+29 
1.532  1.34518e+33 
1.533  4.39577e+42 
1.534  1.43183e+35 
1.535  9.08242e+30 
1.536  4.6105e+28 
1.537  1.19156e+27 
1.538  7.25918e+25 
1.539  7.51846e+24 
1.54  1.11739e+24 
1.541  2.15753e+23 
1.542  5.08049e+22 
1.543  1.39788e+22 
1.544  4.36014e+21 
1.545  1.50781e+21 
1.546  5.68479e+20 
1.547  2.30655e+20 
1.548  9.96864e+19 
1.549  4.55147e+19 
1.55  2.18068e+19 
1.551  1.09029e+19 
1.552  5.66232e+18 
1.553  3.04265e+18 
1.554  1.68612e+18 
1.555  9.60957e+17 
1.556  5.61989e+17 
1.557  3.36705e+17 
1.558  2.06506e+17 
1.559  1.29744e+17 
1.56  8.37902e+16 
1.561  5.60955e+16 
1.562  3.95995e+16 
1.563  3.03355e+16 
1.564  2.61674e+16 
1.565  2.6142e+16 
1.566  3.02072e+16 
1.567  3.91876e+16 
1.568  5.50092e+16 
1.569  8.12499e+16 
1.57  1.24221e+17 
1.571  1.95003e+17 
1.572  3.13288e+17 
1.573  5.14772e+17 
1.574  8.65713e+17 
1.575  1.49245e+18 
1.576  2.64312e+18 
1.577  4.8213e+18 
1.578  9.08641e+18 
1.579  1.7758e+19 
1.58  3.61456e+19 
1.581  7.70225e+19 
1.582  1.72893e+20 
1.583  4.11922e+20 
1.584  1.05142e+21 
1.585  2.90897e+21 
1.586  8.8548e+21 
1.587  3.02389e+22 
1.588  1.18924e+23 
1.589  5.58559e+23 
1.59  3.302e+24 
1.591  2.66189e+25 
1.592  3.3366e+26 
1.593  8.24894e+27 
1.594  6.65979e+29 
1.595  7.28639e+32 
1.596  1.08921e+41 
1.597  4.69596e+35 
1.598  1.59614e+31 
1.599  1.68975e+29 
1.6  3.21405e+31 
1.601  3.18568e+36 
1.602  1.24252e+39 
1.603  2.26587e+32 
1.604  3.25092e+29 
1.605  4.81691e+27 
1.606  2.14524e+26 
1.607  1.81774e+25 
1.608  2.35748e+24 
1.609  4.37589e+23 
1.61  1.99923e+23 
1.611  5.44651e+23 
1.612  3.10049e+24 
1.613  2.50446e+25 
1.614  3.15696e+26 
1.615  7.8756e+27 
1.616  6.4671e+29 
1.617  7.39305e+32 
1.618  1.62294e+41 
1.619  3.64772e+35 
1.62  1.36522e+31 
1.621  5.97921e+28 
1.622  1.44162e+27 
1.623  8.43504e+25 
1.624  8.50872e+24 
1.625  1.24125e+24 
1.626  2.36378e+23 
1.627  5.50702e+22 
1.628  1.50242e+22 
1.629  4.65388e+21 
1.63  1.60022e+21 
1.631  6.00541e+20 
1.632  2.42913e+20 
1.633  1.05065e+20 
1.634  4.86374e+19 
1.635  2.47352e+19 
1.636  1.51684e+19 
1.637  1.34252e+19 
1.638  1.86166e+19 
1.639  3.48796e+19 
1.64  7.57404e+19 
1.641  1.79463e+20 
1.642  4.58768e+20 
1.643  1.27299e+21 
1.644  3.88628e+21 
1.645  1.3306e+22 
1.646  5.2448e+22 
1.647  2.46826e+23 
1.648  1.46193e+24 
1.649  1.18099e+25 
1.65  1.48436e+26 
1.651  3.68517e+27 
1.652  2.99863e+29 
1.653  3.34788e+32 
1.654  5.96655e+40 
1.655  1.90643e+35 
1.656  6.77623e+30 
1.657  2.92652e+28 
1.658  7.01016e+26 
1.659  4.08626e+25 
1.66  4.11184e+24 
1.661  5.98797e+23 
1.662  1.13886e+23 
1.663  2.65063e+22 
1.664  7.22569e+21 
1.665  2.23674e+21 
1.666  7.68631e+20 
1.667  2.88243e+20 
1.668  1.16413e+20 
1.669  5.0109e+19 
1.67  2.27966e+19 
1.671  1.0887e+19 
1.672  5.42749e+18 
1.673  2.81146e+18 
1.674  1.50756e+18 
1.675  8.34398e+17 
1.676  4.75855e+17 
1.677  2.79686e+17 
1.678  1.70095e+17 
1.679  1.08276e+17 
1.68  7.3971e+16 
1.681  5.66207e+16 
1.682  5.10632e+16 
1.683  5.55313e+16 
1.684  7.09511e+16 
1.685  1.01195e+17 
1.686  1.54379e+17 
1.687  2.45763e+17 
1.688  4.03599e+17 
1.689  6.80838e+17 
1.69  1.179e+18 
1.691  2.09827e+18 
1.692  3.84621e+18 
1.693  7.28253e+18 
1.694  1.42938e+19 
1.695  2.92056e+19 
1.696  6.24377e+19 
1.697  1.40522e+20 
1.698  3.35424e+20 
1.699  8.5703e+20 
1.7  2.3712e+21 
1.701  7.20983e+21 
1.702  2.45613e+22 
1.703  9.62064e+22 
1.704  4.49145e+23 
1.705  2.63228e+24 
1.706  2.09568e+25 
1.707  2.57829e+26 
1.708  6.18439e+27 
1.709  4.71721e+29 
1.71  4.46195e+32 
1.711  2.04185e+40 
1.712  7.24018e+35 
1.713  1.7443e+31 
1.714  6.79547e+28 
1.715  1.55199e+27 
1.716  8.80141e+25 
1.717  8.69958e+24 
1.718  1.25109e+24 
1.719  2.35743e+23 
1.72  5.44764e+22 
1.721  1.47668e+22 
1.722  4.55119e+21 
1.723  1.56004e+21 
1.724  5.86821e+20 
1.725  2.43138e+20 
1.726  1.17434e+20 
1.727  7.94039e+19 
1.728  9.26975e+19 
1.729  1.67896e+20 
1.73  3.74384e+20 
1.731  9.29307e+20 
1.732  2.51867e+21 
1.733  7.50577e+21 
1.734  2.50132e+22 
1.735  9.55157e+22 
1.736  4.32381e+23 
1.737  2.43638e+24 
1.738  1.83954e+25 
1.739  2.09609e+26 
1.74  4.45095e+27 
1.741  2.71235e+29 
1.742  1.47725e+32 
1.743  1.9104e+38 
1.744  1.58128e+37 
1.745  6.45511e+31 
1.746  1.94075e+29 
1.747  3.18541e+30 
1.748  7.98907e+33 
1.749  1.17193e+47 
1.75  6.46399e+34 
1.751  9.03405e+30 
1.752  5.814e+28 
1.753  1.68497e+27 
1.754  1.12113e+26 
1.755  3.20975e+25 
1.756  2.82628e+26 
1.757  8.21e+27 
1.758  9.14876e+29 
1.759  2.40121e+33 
1.76  1.08022e+47 
1.761  1.58757e+34 
1.762  2.34898e+30 
1.763  1.53907e+28 
1.764  4.49868e+26 
1.765  2.9471e+25 
1.766  3.21494e+24 
1.767  5.42247e+23 
1.768  3.11781e+23 
1.769  1.14416e+24 
1.77  7.64654e+24 
1.771  7.51424e+25 
1.772  1.26871e+27 
1.773  5.15287e+28 
1.774  1.12495e+31 
1.775  2.55255e+35 
1.776  3.68814e+41 
1.777  8.20767e+32 
1.778  6.64242e+29 
1.779  7.85143e+27 
1.78  3.09802e+26 
1.781  2.43363e+25 
1.782  2.98655e+24 
1.783  5.01084e+23 
1.784  1.0597e+23 
1.785  2.67846e+22 
1.786  7.79936e+21 
1.787  2.54816e+21 
1.788  9.15904e+20 
1.789  3.56788e+20 
1.79  1.48872e+20 
1.791  6.59183e+19 
1.792  3.07404e+19 
1.793  1.50049e+19 
1.794  7.62676e+18 
1.795  4.01937e+18 
1.796  2.18824e+18 
1.797  1.22685e+18 
1.798  7.06443e+17 
1.799  4.16807e+17 
1.8  2.51465e+17 
1.801  1.54854e+17 
1.802  9.71819e+16 
1.803  6.20658e+16 
1.804  4.02883e+16 
1.805  2.65509e+16 
1.806  1.77466e+16 
1.807  1.20198e+16 
1.808  8.24261e+15 
1.809  5.71881e+15 
1.81  4.01175e+15 
1.811  2.84382e+15 
1.812  2.0361e+15 
1.813  1.47181e+15 
1.814  1.07388e+15 
1.815  7.90817e+14 
1.816  5.87889e+14 
1.817  4.41444e+14 
1.818  3.35232e+14 
1.819  2.58014e+14 
1.82  2.01978e+14 
1.821  1.61695e+14 
1.822  1.33416e+14 
1.823  1.14615e+14 
1.824  1.03685e+14 
1.825  9.97612e+13 
1.826  1.02629e+14 
1.827  1.12713e+14 
1.828  1.31146e+14 
1.829  1.5993e+14 
1.83  2.02225e+14 
1.831  2.62798e+14 
1.832  3.48747e+14 
1.833  4.70604e+14 
1.834  6.44071e+14 
1.835  8.92737e+14 
1.836  1.2524e+15 
1.837  1.778e+15 
1.838  2.55498e+15 
1.839  3.71794e+15 
1.84  5.48217e+15 
1.841  8.19741e+15 
1.842  1.24414e+16 
1.843  1.91856e+16 
1.844  3.00956e+16 
1.845  4.80864e+16 
1.846  7.83735e+16 
1.847  1.30517e+17 
1.848  2.22503e+17 
1.849  3.89138e+17 
1.85  6.99908e+17 
1.851  1.29832e+18 
1.852  2.49204e+18 
1.853  4.96878e+18 
1.854  1.03384e+19 
1.855  2.2571e+19 
1.856  5.20501e+19 
1.857  1.27821e+20 
1.858  3.37668e+20 
1.859  9.7197e+20 
1.86  3.09941e+21 
1.861  1.11913e+22 
1.862  4.71409e+22 
1.863  2.41598e+23 
1.864  1.60292e+24 
1.865  1.5172e+25 
1.866  2.41624e+26 
1.867  8.87897e+27 
1.868  1.57012e+30 
1.869  1.71348e+34 
1.87  2.90401e+43 
1.871  5.09598e+32 
1.872  2.73324e+29 
1.873  2.77136e+27 
1.874  1.00985e+26 
1.875  7.7895e+24 
1.876  2.17469e+24 
1.877  8.9778e+24 
1.878  8.84939e+25 
1.879  1.53632e+27 
1.88  6.55096e+28 
1.881  1.58769e+31 
1.882  5.29584e+35 
1.883  5.49525e+40 
1.884  5.83854e+32 
1.885  5.63802e+29 
1.886  7.13399e+27 
1.887  2.91842e+26 
1.888  2.3444e+25 
1.889  2.92114e+24 
1.89  4.95541e+23 
1.891  1.05677e+23 
1.892  2.68859e+22 
1.893  7.87025e+21 
1.894  2.5825e+21 
1.895  9.31644e+20 
1.896  3.64068e+20 
1.897  1.52354e+20 
1.898  6.76785e+19 
1.899  3.17229e+19 
1.9  1.56677e+19 
1.901  8.22918e+18 
1.902  4.76391e+18 
1.903  3.31561e+18 
1.904  3.12288e+18 
1.905  4.08355e+18 
1.906  6.68339e+18 
1.907  1.23249e+19 
1.908  2.43471e+19 
1.909  5.07116e+19 
1.91  1.11224e+20 
1.911  2.58051e+20 
1.912  6.38194e+20 
1.913  1.69965e+21 
1.914  4.93875e+21 
1.915  1.59261e+22 
1.916  5.82956e+22 
1.917  2.49786e+23 
1.918  1.30869e+24 
1.919  8.9437e+24 
1.92  8.82789e+25 
1.921  1.49877e+27 
1.922  6.14527e+28 
1.923  1.36906e+31 
1.924  3.34333e+35 
1.925  2.80955e+41 
1.926  8.72332e+32 
1.927  7.31499e+29 
1.928  8.76469e+27 
1.929  3.48329e+26 
1.93  2.74844e+25 
1.931  3.38306e+24 
1.932  5.6885e+23 
1.933  1.205e+23 
1.934  3.04965e+22 
1.935  8.88944e+21 
1.936  2.90678e+21 
1.937  1.04555e+21 
1.938  4.07553e+20 
1.939  1.7017e+20 
1.94  7.54287e+19 
1.941  3.52631e+19 
1.942  1.73367e+19 
1.943  9.00638e+18 
1.944  5.06443e+18 
1.945  3.29337e+18 
1.946  2.77629e+18 
1.947  3.2594e+18 
1.948  4.98552e+18 
1.949  8.85633e+18 
1.95  1.70642e+19 
1.951  3.47736e+19 
1.952  7.45577e+19 
1.953  1.68673e+20 
1.954  4.05272e+20 
1.955  1.04362e+21 
1.956  2.91427e+21 
1.957  8.95968e+21 
1.958  3.09362e+22 
1.959  1.23221e+23 
1.96  5.87681e+23 
1.961  3.54266e+24 
1.962  2.93247e+25 
1.963  3.82048e+26 
1.964  1.0053e+28 
1.965  9.13539e+29 
1.966  1.36416e+33 
1.967  4.39898e+42 
1.968  1.46109e+35 
1.969  9.24912e+30 
1.97  4.69235e+28 
1.971  1.21238e+27 
1.972  7.38478e+25 
1.973  7.64773e+24 
1.974  1.13652e+24 
1.975  2.19433e+23 
1.976  5.16687e+22 
1.977  1.42158e+22 
1.978  4.43392e+21 
1.979  1.53337e+21 
1.98  5.78352e+20 
1.981  2.35156e+20 
1.982  1.02607e+20 
1.983  4.87967e+19 
1.984  2.74184e+19 
1.985  2.24916e+19 
1.986  3.18796e+19 
1.987  6.66753e+19 
1.988  1.67868e+20 
1.989  4.73019e+20 
1.99  1.48205e+21 
1.991  5.24583e+21 
1.992  2.15586e+22 
1.993  1.07034e+23 
1.994  6.80583e+23 
1.995  6.06815e+24 
1.996  8.83032e+25 
1.997  2.78767e+27 
1.998  3.6169e+29 
1.999  1.48148e+33 
2  6.14743e+177 
2.001  1.48148e+33 
2.002  3.6169e+29 
2.003  2.78767e+27 
2.004  8.83032e+25 
2.005  6.06815e+24 
2.006  6.80583e+23 
2.007  1.07034e+23 
2.008  2.15584e+22 
2.009  5.24549e+21 
2.01  1.48148e+21 
2.011  4.72046e+20 
2.012  1.66158e+20 
2.013  6.35883e+19 
2.014  2.61313e+19 
2.015  1.14184e+19 
2.016  5.26334e+18 
2.017  2.54283e+18 
2.018  1.28068e+18 
2.019  6.6938e+17 
2.02  3.61714e+17 
2.021  2.01422e+17 
2.022  1.15261e+17 
2.023  6.76148e+16 
2.024  4.05759e+16 
2.025  2.48632e+16 
2.026  1.5531e+16 
2.027  9.8757e+15 
2.028  6.38411e+15 
2.029  4.1908e+15 
2.03  2.79066e+15 
2.031  1.88334e+15 
2.032  1.28704e+15 
2.033  8.89949e+14 
2.034  6.22225e+14 
2.035  4.39605e+14 
2.036  3.13659e+14 
2.037  2.25892e+14 
2.038  1.64127e+14 
2.039  1.20254e+14 
2.04  8.88129e+13 
2.041  6.60912e+13 
2.042  4.95389e+13 
2.043  3.73887e+13 
2.044  2.84047e+13 
2.045  2.17156e+13 
2.046  1.67019e+13 
2.047  1.29201e+13 
2.048  1.005e+13 
2.049  7.85914e+12 
2.05  6.17729e+12 
2.051  4.87923e+12 
2.052  3.87217e+12 
2.053  3.08698e+12 
2.054  2.47181e+12 
2.055  1.98762e+12 
2.056  1.6048e+12 
2.057  1.30084e+12 
2.058  1.05847e+12 
2.059  8.64434e+11 
2.06  7.0849e+11 
2.061  5.82685e+11 
2.062  4.80823e+11 
2.063  3.98054e+11 
2.064  3.30569e+11 
2.065  2.75363e+11 
2.066  2.30055e+11 
2.067  1.92755e+11 
2.068  1.61952e+11 
2.069  1.36441e+11 
2.07  1.15252e+11 
2.071  9.76024e+10 
2.072  8.28617e+10 
2.073  7.05179e+10 
2.074  6.01546e+10 
2.075  5.14322e+10 
2.076  4.40729e+10 
2.077  3.7849e+10 
2.078  3.25731e+10 
2.079  2.80907e+10 
2.08  2.4274e+10 
2.081  2.10172e+10 
2.082  1.82323e+10 
2.083  1.58461e+10 
2.084  1.37973e+10 
2.085  1.2035e+10 
2.086  1.0516e+10 
2.087  9.20438e+09 
2.088  8.06976e+09 
2.089  7.08651e+09 
2.09  6.23294e+09 
2.091  5.4907e+09 
2.092  4.84419e+09 
2.093  4.28015e+09 
2.094  3.78727e+09 
2.095  3.3559e+09 
2.096  2.9778e+09 
2.097  2.64589e+09 
2.098  2.3541e+09 
2.099  2.09722e+09 
2.1  1.87075e+09 
2.101  1.67082e+09 
2.102  1.49408e+09 
2.103  1.33763e+09 
2.104  1.19898e+09 
2.105  1.07593e+09 
2.106  9.66591e+08 
2.107  8.69326e+08 
2.108  7.82694e+08 
2.109  7.05443e+08 
2.11  6.36477e+08 
2.111  5.7484e+08 
2.112  5.19691e+08 
2.113  4.70294e+08 
2.114  4.26002e+08 
2.115  3.86245e+08 
2.116  3.50524e+08 
2.117  3.18396e+08 
2.118  2.89471e+08 
2.119  2.63404e+08 
2.12  2.39891e+08 
2.121  2.18662e+08 
2.122  1.99477e+08 
2.123  1.82123e+08 
2.124  1.66413e+08 
2.125  1.52177e+08 
2.126  1.39267e+08 
2.127  1.27549e+08 
2.128  1.16905e+08 
2.129  1.07227e+08 
2.13  9.84213e+07 
2.131  9.04031e+07 
2.132  8.30961e+07 
2.133  7.64321e+07 
2.134  7.035e+07 
2.135  6.4795e+07 
2.136  5.97175e+07 
2.137  5.50734e+07 
2.138  5.08226e+07 
2.139  4.69291e+07 
2.14  4.33604e+07 
2.141  4.00873e+07 
2.142  3.70833e+07 
2.143  3.43244e+07 
2.144  3.17891e+07 
2.145  2.94578e+07 
2.146  2.73127e+07 
2.147  2.53377e+07 
2.148  2.35183e+07 
2.149  2.18412e+07 
2.15  2.02944e+07 
2.151  1.88669e+07 
2.152  1.75487e+07 
2.153  1.63309e+07 
2.154  1.52052e+07 
2.155  1.41639e+07 
2.156  1.32004e+07 
2.157  1.23082e+07 
2.158  1.14817e+07 
2.159  1.07157e+07 
2.16  1.00053e+07 
2.161  9.34629e+06 
2.162  8.73451e+06 
2.163  8.16636e+06 
2.164  7.63847e+06 
2.165  7.14774e+06 
2.166  6.69136e+06 
2.167  6.26671e+06 
2.168  5.87142e+06 
2.169  5.50329e+06 
2.17  5.1603e+06 
2.171  4.8406e+06 
2.172  4.54247e+06 
2.173  4.26433e+06 
2.174  4.00475e+06 
2.175  3.76238e+06 
2.176  3.53599e+06 
2.177  3.32443e+06 
2.178  3.12666e+06 
2.179  2.9417e+06 
2.18  2.76866e+06 
2.181  2.6067e+06 
2.182  2.45507e+06 
2.183  2.31304e+06 
2.184  2.17996e+06 
2.185  2.05521e+06 
2.186  1.93825e+06 
2.187  1.82853e+06 
2.188  1.72557e+06 
2.189  1.62893e+06 
2.19  1.53818e+06 
2.191  1.45294e+06 
2.192  1.37284e+06 
2.193  1.29755e+06 
2.194  1.22676e+06 
2.195  1.16017e+06 
2.196  1.09752e+06 
2.197  1.03855e+06 
2.198  983032 
2.199  930746 
2.2  881488 
2.201  835068 
2.202  791310 
2.203  750048 
2.204  711130 
2.205  674409 
2.206  639754 
2.207  607037 
2.208  576142 
2.209  546958 
2.21  519385 
2.211  493324 
2.212  468687 
2.213  445390 
2.214  423353 
2.215  402503 
2.216  382771 
2.217  364092 
2.218  346406 
2.219  329654 
2.22  313785 
2.221  298747 
2.222  284494 
2.223  270980 
2.224  258166 
2.225  246011 
2.226  234479 
2.227  223536 
2.228  213148 
2.229  203286 
2.23  193920 
2.231  185024 
2.232  176573 
2.233  168541 
2.234  160907 
2.235  153650 
2.236  146748 
2.237  140184 
2.238  133940 
2.239  127998 
2.24  122343 
2.241  116961 
2.242  111835 
2.243  106955 
2.244  102306 
2.245  97876.6 
2.246  93656.2 
2.247  89633.8 
2.248  85799.5 
2.249  82143.6 
2.25  78657.3 
2.251  75332 
2.252  72159.6 
2.253  69132.7 
2.254  66243.9 
2.255  63486.4 
2.256  60853.9 
2.257  58340.1 
2.258  55939.3 
2.259  53646 
2.26  51455.1 
2.261  49361.4 
2.262  47360.5 
2.263  45447.8 
2.264  43619.2 
2.265  41870.6 
2.266  40198.3 
2.267  38598.7 
2.268  37068.3 
2.269  35603.9 
2.27  34202.5 
2.271  32861.1 
2.272  31576.9 
2.273  30347.4 
2.274  29169.9 
2.275  28042.1 
2.276  26961.7 
2.277  25926.7 
2.278  24934.8 
2.279  23984.3 
2.28  23073.1 
2.281  22199.7 
2.282  21362.2 
2.283  20559 
2.284  19788.7 
2.285  19049.8 
2.286  18341 
2.287  17660.8 
2.288  17008 
2.289  16381.5 
2.29  15780.1 
2.291  15202.7 
2.292  14648.3 
2.293  14115.9 
2.294  13604.5 
2.295  13113.3 
2.296  12641.4 
2.297  12188 
2.298  11752.2 
2.299  11333.4 
2.3  10930.8 
2.301  10543.8 
2.302  10171.7 
2.303  9813.82 
2.304  9469.67 
2.305  9138.65 
2.306  8820.22 
2.307  8513.85 
2.308  8219.05 
2.309  7935.35 
2.31  7662.31 
2.311  7399.48 
2.312  7146.46 
2.313  6902.84 
2.314  6668.26 
2.315  6442.34 
2.316  6224.75 
2.317  6015.15 
2.318  5813.22 
2.319  5618.67 
2.32  5431.19 
2.321  5250.52 
2.322  5076.38 
2.323  4908.52 
2.324  4746.7 
2.325  4590.68 
2.326  4440.23 
2.327  4295.15 
2.328  4155.21 
2.329  4020.24 
2.33  3890.03 
2.331  3764.41 
2.332  3643.2 
2.333  3526.23 
2.334  3413.34 
2.335  3304.38 
2.336  3199.2 
2.337  3097.67 
2.338  2999.63 
2.339  2904.97 
2.34  2813.55 
2.341  2725.27 
2.342  2639.99 
2.343  2557.61 
2.344  2478.03 
2.345  2401.14 
2.346  2326.84 
2.347  2255.04 
2.348  2185.65 
2.349  2118.58 
2.35  2053.75 
2.351  1991.07 
2.352  1930.47 
2.353  1871.88 
2.354  1815.22 
2.355  1760.42 
2.356  1707.42 
2.357  1656.15 
2.358  1606.56 
2.359  1558.58 
2.36  1512.15 
2.361  1467.23 
2.362  1423.76 
2.363  1381.69 
2.364  1340.97 
2.365  1301.55 
2.366  1263.39 
2.367  1226.45 
2.368  1190.68 
2.369  1156.04 
2.37  1122.5 
2.371  1090.01 
2.372  1058.55 
2.373  1028.07 
2.374  998.548 
2.375  969.944 
2.376  942.23 
2.377  915.376 
2.378  889.353 
2.379  864.134 
2.38  839.691 
2.381  815.999 
2.382  793.033 
2.383  770.768 
2.384  749.182 
2.385  728.253 
2.386  707.958 
2.387  688.277 
2.388  669.19 
2.389  650.678 
2.39  632.721 
2.391  615.303 
2.392  598.404 
2.393  582.01 
2.394  566.103 
2.395  550.668 
2.396  535.689 
2.397  521.153 
2.398  507.044 
2.399  493.35 
2.4  480.058 
2.401  467.153 
2.402  454.625 
2.403  442.462 
2.404  430.652 
2.405  419.183 
2.406  408.046 
2.407  397.23 
2.408  386.724 
2.409  376.52 
2.41  366.608 
2.411  356.979 
2.412  347.624 
2.413  338.535 
2.414  329.704 
2.415  321.122 
2.416  312.782 
2.417  304.677 
2.418  296.8 
2.419  289.144 
2.42  281.701 
2.421  274.467 
2.422  267.433 
2.423  260.595 
2.424  253.946 
2.425  247.481 
2.426  241.195 
2.427  235.081 
2.428  229.135 
2.429  223.352 
2.43  217.727 
2.431  212.256 
2.432  206.933 
2.433  201.755 
2.434  196.717 
2.435  191.816 
2.436  187.046 
2.437  182.405 
2.438  177.889 
2.439  173.493 
2.44  169.215 
2.441  165.052 
2.442  160.999 
2.443  157.054 
2.444  153.213 
2.445  149.474 
2.446  145.834 
2.447  142.289 
2.448  138.838 
2.449  135.477 
2.45  132.204 
2.451  129.017 
2.452  125.912 
2.453  122.889 
2.454  119.944 
2.455  117.075 
2.456  114.28 
2.457  111.557 
2.458  108.905 
2.459  106.32 
2.46  103.802 
2.461  101.348 
2.462  98.9571 
2.463  96.6268 
2.464  94.3558 
2.465  92.1424 
2.466  89.985 
2.467  87.8821 
2.468  85.8323 
2.469  83.834 
2.47  81.8859 
2.471  79.9867 
2.472  78.1349 
2.473  76.3294 
2.474  74.5688 
2.475  72.8521 
2.476  71.1779 
2.477  69.5452 
2.478  67.9528 
2.479  66.3998 
2.48  64.8849 
2.481  63.4073 
2.482  61.9659 
2.483  60.5599 
2.484  59.1881 
2.485  57.8498 
2.486  56.5441 
2.487  55.2701 
2.488  54.0269 
2.489  52.8139 
2.49  51.6301 
2.491  50.4749 
2.492  49.3475 
2.493  48.2471 
2.494  47.1731 
2.495  46.1248 
2.496  45.1015 
2.497  44.1027 
2.498  43.1275 
2.499  42.1756 
2.5  41.2462 
2.501  40.3387 
2.502  39.4528 
2.503  38.5876 
2.504  37.7429 
2.505  36.918 
2.506  36.1124 
2.507  35.3256 
2.508  34.5573 
2.509  33.8068 
2.51  33.0738 
2.511  32.3579 
2.512  31.6585 
2.513  30.9753 
2.514  30.3079 
2.515  29.6559 
2.516  29.0189 
2.517  28.3966 
2.518  27.7885 
2.519  27.1943 
2.52  26.6138 
2.521  26.0464 
2.522  25.4921 
2.523  24.9503 
2.524  24.4208 
2.525  23.9033 
2.526  23.3975 
2.527  22.9031 
2.528  22.4199 
2.529  21.9476 
2.53  21.4858 
2.531  21.0345 
2.532  20.5932 
2.533  20.1618 
2.534  19.74 
2.535  19.3276 
2.536  18.9244 
2.537  18.5302 
2.538  18.1446 
2.539  17.7677 
2.54  17.399 
2.541  17.0385 
2.542  16.6859 
2.543  16.3411 
2.544  16.0038 
2.545  15.6739 
2.546  15.3513 
2.547  15.0357 
2.548  14.7269 
2.549  14.4249 
2.55  14.1295 
2.551  13.8405 
2.552  13.5577 
2.553  13.281 
2.554  13.0104 
2.555  12.7455 
2.556  12.4864 
2.557  12.2328 
2.558  11.9847 
2.559  11.7419 
2.56  11.5043 
2.561  11.2718 
2.562  11.0442 
2.563  10.8215 
2.564  10.6035 
2.565  10.3901 
2.566  10.1813 
2.567  9.97685 
2.568  9.77675 
2.569  9.58088 
2.57  9.38913 
2.571  9.20142 
2.572  9.01765 
2.573  8.83774 
2.574  8.6616 
2.575  8.48914 
2.576  8.32028 
2.577  8.15494 
2.578  7.99305 
2.579  7.83453 
2.58  7.67929 
2.581  7.52728 
2.582  7.37841 
2.583  7.23262 
2.584  7.08984 
2.585  6.95001 
2.586  6.81305 
2.587  6.67891 
2.588  6.54752 
2.589  6.41883 
2.59  6.29277 
2.591  6.16929 
2.592  6.04833 
2.593  5.92983 
2.594  5.81375 
2.595  5.70003 
2.596  5.58862 
2.597  5.47946 
2.598  5.37252 
2.599  5.26774 
2.6  5.16508 
2.601  5.06448 
2.602  4.96591 
2.603  4.86933 
2.604  4.77469 
2.605  4.68194 
2.606  4.59105 
2.607  4.50199 
2.608  4.4147 
2.609  4.32915 
2.61  4.24531 
2.611  4.16314 
2.612  4.08261 
2.613  4.00367 
2.614  3.9263 
2.615  3.85046 
2.616  3.77612 
2.617  3.70325 
2.618  3.63182 
2.619  3.56179 
2.62  3.49315 
2.621  3.42585 
2.622  3.35988 
2.623  3.2952 
2.624  3.23179 
2.625  3.16962 
2.626  3.10866 
2.627  3.0489 
2.628  2.9903 
2.629  2.93284 
2.63  2.8765 
2.631  2.82125 
2.632  2.76708 
2.633  2.71396 
2.634  2.66186 
2.635  2.61078 
2.636  2.56068 
2.637  2.51155 
2.638  2.46336 
2.639  2.41611 
2.64  2.36976 
2.641  2.32431 
2.642  2.27972 
2.643  2.236 
2.644  2.19311 
2.645  2.15104 
2.646  2.10977 
2.647  2.0693 
2.648  2.02959 
2.649  1.99064 
2.65  1.95244 
2.651  1.91496 
2.652  1.87819 
2.653  1.84212 
2.654  1.80674 
2.655  1.77202 
2.656  1.73797 
2.657  1.70455 
2.658  1.67177 
2.659  1.63961 
2.66  1.60805 
2.661  1.57709 
2.662  1.54671 
2.663  1.5169 
2.664  1.48765 
2.665  1.45895 
2.666  1.43079 
2.667  1.40316 
2.668  1.37604 
2.669  1.34943 
2.67  1.32332 
2.671  1.29769 
2.672  1.27255 
2.673  1.24787 
2.674  1.22365 
2.675  1.19989 
2.676  1.17656 
2.677  1.15367 
2.678  1.1312 
2.679  1.10915 
2.68  1.08751 
2.681  1.06627 
2.682  1.04542 
2.683  1.02496 
2.684  1.00488 
2.685  0.985166 
2.686  0.965817 
2.687  0.946825 
2.688  0.928183 
2.689  0.909884 
2.69  0.891922 
2.691  0.87429 
2.692  0.856983 
2.693  0.839993 
2.694  0.823315 
2.695  0.806943 
2.696  0.790871 
2.697  0.775093 
2.698  0.759605 
2.699  0.744399 
2.7  0.729472 
2.701  0.714818 
2.702  0.700431 
2.703  0.686307 
2.704  0.67244 
2.705  0.658827 
2.706  0.645461 
2.707  0.63234 
2.708  0.619457 
2.709  0.606808 
2.71  0.594389 
2.711  0.582197 
2.712  0.570226 
2.713  0.558472 
2.714  0.546932 
2.715  0.535601 
2.716  0.524476 
2.717  0.513552 
2.718  0.502827 
2.719  0.492296 
2.72  0.481956 
2.721  0.471802 
2.722  0.461833 
2.723  0.452044 
2.724  0.442432 
2.725  0.432995 
2.726  0.423727 
2.727  0.414627 
2.728  0.405692 
2.729  0.396918 
2.73  0.388302 
2.731  0.379843 
2.732  0.371535 
2.733  0.363378 
2.734  0.355368 
2.735  0.347502 
2.736  0.339779 
2.737  0.332195 
2.738  0.324747 
2.739  0.317434 
2.74  0.310252 
2.741  0.303201 
2.742  0.296276 
2.743  0.289476 
2.744  0.282799 
2.745  0.276242 
2.746  0.269803 
2.747  0.26348 
2.748  0.257272 
2.749  0.251175 
2.75  0.245188 
2.751  0.239309 
2.752  0.233536 
2.753  0.227868 
2.754  0.222301 
2.755  0.216835 
2.756  0.211468 
2.757  0.206197 
2.758  0.201022 
2.759  0.19594 
2.76  0.190949 
2.761  0.186049 
2.762  0.181238 
2.763  0.176513 
2.764  0.171874 
2.765  0.167318 
2.766  0.162845 
2.767  0.158453 
2.768  0.154141 
2.769  0.149906 
2.77  0.145749 
2.771  0.141666 
2.772  0.137658 
2.773  0.133722 
2.774  0.129858 
2.775  0.126064 
2.776  0.122339 
2.777  0.118682 
2.778  0.115091 
2.779  0.111566 
2.78  0.108104 
2.781  0.104706 
2.782  0.10137 
2.783  0.098095 
2.784  0.0948796 
2.785  0.091723 
2.786  0.0886242 
2.787  0.0855821 
2.788  0.0825957 
2.789  0.0796641 
2.79  0.0767864 
2.791  0.0739615 
2.792  0.0711885 
2.793  0.0684667 
2.794  0.065795 
2.795  0.0631725 
2.796  0.0605985 
2.797  0.0580721 
2.798  0.0555925 
2.799  0.0531588 
2.8  0.0507702 
2.801  0.048426 
2.802  0.0461254 
2.803  0.0438677 
2.804  0.041652 
2.805  0.0394778 
2.806  0.0373441 
2.807  0.0352504 
2.808  0.033196 
2.809  0.0311801 
2.81  0.0292022 
2.811  0.0272615 
2.812  0.0253574 
2.813  0.0234893 
2.814  0.0216565 
2.815  0.0198585 
2.816  0.0180947 
2.817  0.0163644 
2.818  0.0146671 
2.819  0.0130021 
2.82  0.0113691 
2.821  0.00976735 
2.822  0.00819636 
2.823  0.00665561 
2.824  0.00514458 
2.825  0.00366275 
2.826  0.00220963 
2.827  0.000784713 
2.828  -0.00061248 
2.829  -0.00198242 
2.83  -0.00332559 
2.831  -0.00464243 
2.832  -0.00593341 
2.833  -0.00719897 
2.834  -0.00843953 
2.835  -0.00965554 
2.836  -0.0108474 
2.837  -0.0120156 
2.838  -0.0131604 
2.839  -0.0142823 
2.84  -0.0153817 
2.841  -0.016459 
2.842  -0.0175145 
2.843  -0.0185486 
2.844  -0.0195617 
2.845  -0.0205542 
2.846  -0.0215263 
2.847  -0.0224785 
2.848  -0.0234111 
2.849  -0.0243244 
2.85  -0.0252187 
2.851  -0.0260945 
2.852  -0.0269519 
2.853  -0.0277913 
2.854  -0.0286131 
2.855  -0.0294175 
2.856  -0.0302048 
2.857  -0.0309753 
2.858  -0.0317293 
2.859  -0.0324671 
2.86  -0.033189 
2.861  -0.0338952 
2.862  -0.034586 
2.863  -0.0352617 
2.864  -0.0359225 
2.865  -0.0365687 
2.866  -0.0372006 
2.867  -0.0378183 
2.868  -0.0384221 
2.869  -0.0390123 
2.87  -0.0395891 
2.871  -0.0401527 
2.872  -0.0407034 
2.873  -0.0412414 
2.874  -0.0417668 
2.875  -0.04228 
2.876  -0.0427811 
2.877  -0.0432703 
2.878  -0.0437479 
2.879  -0.044214 
2.88  -0.0446688 
2.881  -0.0451126 
2.882  -0.0455454 
2.883  -0.0459676 
2.884  -0.0463793 
2.885  -0.0467807 
2.886  -0.0471719 
2.887  -0.0475531 
2.888  -0.0479245 
2.889  -0.0482863 
2.89  -0.0486387 
2.891  -0.0489817 
2.892  -0.0493157 
2.893  -0.0496406 
2.894  -0.0499567 
2.895  -0.0502642 
2.896  -0.0505631 
2.897  -0.0508536 
2.898  -0.051136 
2.899  -0.0514103 
2.9  -0.0516766 
2.901  -0.0519351 
2.902  -0.052186 
2.903  -0.0524293 
2.904  -0.0526652 
2.905  -0.0528939 
2.906  -0.0531155 
2.907  -0.05333 
2.908  -0.0535376 
2.909  -0.0537385 
2.91  -0.0539327 
2.911  -0.0541204 
2.912  -0.0543016 
2.913  -0.0544766 
2.914  -0.0546454 
2.915  -0.0548081 
2.916  -0.0549648 
2.917  -0.0551156 
2.918  -0.0552607 
2.919  -0.0554001 
2.92  -0.055534 
2.921  -0.0556624 
2.922  -0.0557855 
2.923  -0.0559033 
2.924  -0.0560159 
2.925  -0.0561234 
2.926  -0.0562259 
2.927  -0.0563236 
2.928  -0.0564164 
2.929  -0.0565046 
2.93  -0.056588 
2.931  -0.056667 
2.932  -0.0567414 
2.933  -0.0568115 
2.934  -0.0568773 
2.935  -0.0569388 
2.936  -0.0569962 
2.937  -0.0570495 
2.938  -0.0570988 
2.939  -0.0571442 
2.94  -0.0571857 
2.941  -0.0572235 
2.942  -0.0572575 
2.943  -0.0572879 
2.944  -0.0573147 
2.945  -0.057338 
2.946  -0.0573579 
2.947  -0.0573744 
2.948  -0.0573875 
2.949  -0.0573974 
2.95  -0.0574041 
2.951  -0.0574077 
2.952  -0.0574082 
2.953  -0.0574057 
2.954  -0.0574003 
2.955  -0.0573919 
2.956  -0.0573807 
2.957  -0.0573667 
2.958  -0.05735 
2.959  -0.0573306 
2.96  -0.0573085 
2.961  -0.0572839 
2.962  -0.0572568 
2.963  -0.0572271 
2.964  -0.0571951 
2.965  -0.0571606 
2.966  -0.0571238 
2.967  -0.0570848 
2.968  -0.0570434 
2.969  -0.0569999 
2.97  -0.0569542 
2.971  -0.0569064 
2.972  -0.0568566 
2.973  -0.0568047 
2.974  -0.0567508 
2.975  -0.056695 
2.976  -0.0566373 
2.977  -0.0565777 
2.978  -0.0565162 
2.979  -0.056453 
2.98  -0.0563881 
2.981  -0.0563214 
2.982  -0.056253 
2.983  -0.056183 
2.984  -0.0561114 
2.985  -0.0560382 
2.986  -0.0559634 
2.987  -0.0558872 
2.988  -0.0558094 
2.989  -0.0557303 
2.99  -0.0556497 
2.991  -0.0555677 
2.992  -0.0554844 
2.993  -0.0553998 
2.994  -0.0553138 
2.995  -0.0552266 
2.996  -0.0551382 
2.997  -0.0550486 
2.998  -0.0549578 
2.999  -0.0548658 
3  -0.0547727 
3.001  -0.0546785 
3.002  -0.0545833 
3.003  -0.054487 
3.004  -0.0543897 
3.005  -0.0542913 
3.006  -0.054192 
3.007  -0.0540918 
3.008  -0.0539906 
3.009  -0.0538886 
3.01  -0.0537856 
3.011  -0.0536818 
3.012  -0.0535771 
3.013  -0.0534717 
3.014  -0.0533654 
3.015  -0.0532584 
3.016  -0.0531506 
3.017  -0.0530421 
3.018  -0.0529329 
3.019  -0.0528229 
3.02  -0.0527123 
3.021  -0.0526011 
3.022  -0.0524892 
3.023  -0.0523767 
3.024  -0.0522636 
3.025  -0.0521499 
3.026  -0.0520356 
3.027  -0.0519208 
3.028  -0.0518055 
3.029  -0.0516896 
3.03  -0.0515732 
3.031  -0.0514564 
3.032  -0.0513391 
3.033  -0.0512213 
3.034  -0.0511031 
3.035  -0.0509844 
3.036  -0.0508654 
3.037  -0.0507459 
3.038  -0.0506261 
3.039  -0.0505059 
3.04  -0.0503854 
3.041  -0.0502645 
3.042  -0.0501432 
3.043  -0.0500217 
3.044  -0.0498999 
3.045  -0.0497777 
3.046  -0.0496553 
3.047  -0.0495326 
3.048  -0.0494097 
3.049  -0.0492865 
3.05  -0.0491631 
3.051  -0.0490395 
3.052  -0.0489157 
3.053  -0.0487916 
3.054  -0.0486674 
3.055  -0.048543 
3.056  -0.0484184 
3.057  -0.0482937 
3.058  -0.0481688 
3.059  -0.0480437 
3.06  -0.0479186 
3.061  -0.0477933 
3.062  -0.0476679 
3.063  -0.0475424 
3.064  -0.0474169 
3.065  -0.0472912 
3.066  -0.0471655 
3.067  -0.0470396 
3.068  -0.0469138 
3.069  -0.0467878 
3.07  -0.0466619 
3.071  -0.0465359 
3.072  -0.0464098 
3.073  -0.0462838 
3.074  -0.0461577 
3.075  -0.0460316 
3.076  -0.0459056 
3.077  -0.0457795 
3.078  -0.0456534 
3.079  -0.0455274 
3.08  -0.0454014 
3.081  -0.0452754 
3.082  -0.0451495 
3.083  -0.0450236 
3.084  -0.0448978 
3.085  -0.044772 
3.086  -0.0446463 
3.087  -0.0445206 
3.088  -0.0443951 
3.089  -0.0442696 
3.09  -0.0441442 
3.091  -0.0440189 
3.092  -0.0438936 
3.093  -0.0437685 
3.094  -0.0436435 
3.095  -0.0435186 
3.096  -0.0433938 
3.097  -0.0432692 
3.098  -0.0431446 
3.099  -0.0430202 
3.1  -0.042896 
3.101  -0.0427718 
3.102  -0.0426478 
3.103  -0.042524 
3.104  -0.0424003 
3.105  -0.0422768 
3.106  -0.0421534 
3.107  -0.0420302 
3.108  -0.0419071 
3.109  -0.0417842 
3.11  -0.0416615 
3.111  -0.041539 
3.112  -0.0414166 
3.113  -0.0412945 
3.114  -0.0411725 
3.115  -0.0410507 
3.116  -0.0409291 
3.117  -0.0408077 
3.118  -0.0406865 
3.119  -0.0405655 
3.12  -0.0404447 
3.121  -0.0403241 
3.122  -0.0402037 
3.123  -0.0400835 
3.124  -0.0399636 
3.125  -0.0398439 
3.126  -0.0397244 
3.127  -0.0396051 
3.128  -0.039486 
3.129  -0.0393672 
3.13  -0.0392486 
3.131  -0.0391302 
3.132  -0.0390121 
3.133  -0.0388942 
3.134  -0.0387765 
3.135  -0.0386591 
3.136  -0.0385419 
3.137  -0.038425 
3.138  -0.0383083 
3.139  -0.0381919 
3.14  -0.0380757 
3.141  -0.0379597 
3.142  -0.037844 
3.143  -0.0377286 
3.144  -0.0376134 
3.145  -0.0374985 
3.146  -0.0373839 
3.147  -0.0372695 
3.148  -0.0371553 
3.149  -0.0370415 
3.15  -0.0369279 
3.151  -0.0368145 
3.152  -0.0367015 
3.153  -0.0365887 
3.154  -0.0364761 
3.155  -0.0363639 
3.156  -0.0362519 
3.157  -0.0361402 
3.158  -0.0360287 
3.159  -0.0359176 
3.16  -0.0358067 
3.161  -0.0356961 
3.162  -0.0355857 
3.163  -0.0354757 
3.164  -0.0353659 
3.165  -0.0352564 
3.166  -0.0351472 
3.167  -0.0350383 
3.168  -0.0349296 
3.169  -0.0348212 
3.17  -0.0347132 
3.171  -0.0346054 
3.172  -0.0344978 
3.173  -0.0343906 
3.174  -0.0342837 
3.175  -0.034177 
3.176  -0.0340706 
3.177  -0.0339646 
3.178  -0.0338588 
3.179  -0.0337533 
3.18  -0.0336481 
3.181  -0.0335431 
3.182  -0.0334385 
3.183  -0.0333341 
3.184  -0.0332301 
3.185  -0.0331263 
3.186  -0.0330228 
3.187  -0.0329197 
3.188  -0.0328168 
3.189  -0.0327142 
3.19  -0.0326118 
3.191  -0.0325098 
3.192  -0.0324081 
3.193  -0.0323067 
3.194  -0.0322055 
3.195  -0.0321047 
3.196  -0.0320041 
3.197  -0.0319038 
3.198  -0.0318039 
3.199  -0.0317042 
3.2  -0.0316048 
3.201  -0.0315057 
3.202  -0.0314069 
3.203  -0.0313083 
3.204  -0.0312101 
3.205  -0.0311122 
3.206  -0.0310145 
3.207  -0.0309172 
3.208  -0.0308201 
3.209  -0.0307234 
3.21  -0.0306269 
3.211  -0.0305307 
3.212  -0.0304348 
3.213  -0.0303392 
3.214  -0.0302439 
3.215  -0.0301489 
3.216  -0.0300541 
3.217  -0.0299597 
3.218  -0.0298655 
3.219  -0.0297717 
3.22  -0.0296781 
3.221  -0.0295848 
3.222  -0.0294918 
3.223  -0.0293991 
3.224  -0.0293067 
3.225  -0.0292145 
3.226  -0.0291227 
3.227  -0.0290311 
3.228  -0.0289398 
3.229  -0.0288488 
3.23  -0.0287581 
3.231  -0.0286677 
3.232  -0.0285776 
3.233  -0.0284877 
3.234  -0.0283981 
3.235  -0.0283088 
3.236  -0.0282198 
3.237  -0.0281311 
3.238  -0.0280427 
3.239  -0.0279545 
3.24  -0.0278666 
3.241  -0.027779 
3.242  -0.0276917 
3.243  -0.0276047 
3.244  -0.0275179 
3.245  -0.0274314 
3.246  -0.0273452 
3.247  -0.0272593 
3.248  -0.0271737 
3.249  -0.0270883 
3.25  -0.0270032 
3.251  -0.0269184 
3.252  -0.0268338 
3.253  -0.0267496 
3.254  -0.0266656 
3.255  -0.0265818 
3.256  -0.0264984 
3.257  -0.0264152 
3.258  -0.0263323 
3.259  -0.0262496 
3.26  -0.0261673 
3.261  -0.0260852 
3.262  -0.0260033 
3.263  -0.0259218 
3.264  -0.0258405 
3.265  -0.0257595 
3.266  -0.0256787 
3.267  -0.0255982 
3.268  -0.025518 
3.269  -0.025438 
3.27  -0.0253583 
3.271  -0.0252789 
3.272  -0.0251997 
3.273  -0.0251208 
3.274  -0.0250421 
3.275  -0.0249638 
3.276  -0.0248856 
3.277  -0.0248078 
3.278  -0.0247301 
3.279  -0.0246528 
3.28  -0.0245757 
3.281  -0.0244989 
3.282  -0.0244223 
3.283  -0.024346 
3.284  -0.0242699 
3.285  -0.0241941 
3.286  -0.0241185 
3.287  -0.0240432 
3.288  -0.0239681 
3.289  -0.0238933 
3.29  -0.0238188 
3.291  -0.0237445 
3.292  -0.0236704 
3.293  -0.0235966 
3.294  -0.0235231 
3.295  -0.0234497 
3.296  -0.0233767 
3.297  -0.0233039 
3.298  -0.0232313 
3.299  -0.023159 
3.3  -0.0230869 
3.301  -0.023015 
3.302  -0.0229434 
3.303  -0.0228721 
3.304  -0.022801 
3.305  -0.0227301 
3.306  -0.0226595 
3.307  -0.0225891 
3.308  -0.0225189 
3.309  -0.022449 
3.31  -0.0223793 
3.311  -0.0223099 
3.312  -0.0222407 
3.313  -0.0221717 
3.314  -0.022103 
3.315  -0.0220345 
3.316  -0.0219662 
3.317  -0.0218981 
3.318  -0.0218303 
3.319  -0.0217628 
3.32  -0.0216954 
3.321  -0.0216283 
3.322  -0.0215614 
3.323  -0.0214947 
3.324  -0.0214283 
3.325  -0.0213621 
3.326  -0.0212961 
3.327  -0.0212303 
3.328  -0.0211648 
3.329  -0.0210995 
3.33  -0.0210344 
3.331  -0.0209696 
3.332  -0.0209049 
3.333  -0.0208405 
3.334  -0.0207763 
3.335  -0.0207123 
3.336  -0.0206485 
3.337  -0.020585 
3.338  -0.0205217 
3.339  -0.0204586 
3.34  -0.0203957 
3.341  -0.020333 
3.342  -0.0202705 
3.343  -0.0202083 
3.344  -0.0201462 
3.345  -0.0200844 
3.346  -0.0200228 
3.347  -0.0199614 
3.348  -0.0199002 
3.349  -0.0198392 
3.35  -0.0197784 
3.351  -0.0197179 
3.352  -0.0196575 
3.353  -0.0195974 
3.354  -0.0195374 
3.355  -0.0194777 
3.356  -0.0194182 
3.357  -0.0193588 
3.358  -0.0192997 
3.359  -0.0192408 
3.36  -0.0191821 
3.361  -0.0191235 
3.362  -0.0190652 
3.363  -0.0190071 
3.364  -0.0189492 
3.365  -0.0188915 
3.366  -0.018834 
3.367  -0.0187766 
3.368  -0.0187195 
3.369  -0.0186626 
3.37  -0.0186058 
3.371  -0.0185493 
3.372  -0.018493 
3.373  -0.0184368 
3.374  -0.0183809 
3.375  -0.0183251 
3.376  -0.0182695 
3.377  -0.0182141 
3.378  -0.0181589 
3.379  -0.0181039 
3.38  -0.0180491 
3.381  -0.0179945 
3.382  -0.01794 
3.383  -0.0178858 
3.384  -0.0178317 
3.385  -0.0177778 
3.386  -0.0177241 
3.387  -0.0176706 
3.388  -0.0176173 
3.389  -0.0175642 
3.39  -0.0175112 
3.391  -0.0174584 
3.392  -0.0174058 
3.393  -0.0173534 
3.394  -0.0173012 
3.395  -0.0172491 
3.396  -0.0171972 
3.397  -0.0171455 
3.398  -0.017094 
3.399  -0.0170427 
3.4  -0.0169915 
3.401  -0.0169405 
3.402  -0.0168897 
3.403  -0.016839 
3.404  -0.0167885 
3.405  -0.0167382 
3.406  -0.0166881 
3.407  -0.0166382 
3.408  -0.0165884 
3.409  -0.0165388 
3.41  -0.0164893 
3.411  -0.01644 
3.412  -0.0163909 
3.413  -0.016342 
3.414  -0.0162932 
3.415  -0.0162446 
3.416  -0.0161962 
3.417  -0.0161479 
3.418  -0.0160998 
3.419  -0.0160519 
3.42  -0.0160041 
3.421  -0.0159565 
3.422  -0.015909 
3.423  -0.0158617 
3.424  -0.0158146 
3.425  -0.0157676 
3.426  -0.0157208 
3.427  -0.0156742 
3.428  -0.0156277 
3.429  -0.0155814 
3.43  -0.0155352 
3.431  -0.0154892 
3.432  -0.0154433 
3.433  -0.0153976 
3.434  -0.0153521 
3.435  -0.0153067 
3.436  -0.0152615 
3.437  -0.0152164 
3.438  -0.0151715 
3.439  -0.0151267 
3.44  -0.0150821 
3.441  -0.0150376 
3.442  -0.0149933 
3.443  -0.0149492 
3.444  -0.0149051 
3.445  -0.0148613 
3.446  -0.0148176 
3.447  -0.014774 
3.448  -0.0147306 
3.449  -0.0146873 
3.45  -0.0146442 
3.451  -0.0146012 
3.452  -0.0145584 
3.453  -0.0145157 
3.454  -0.0144732 
3.455  -0.0144308 
3.456  -0.0143885 
3.457  -0.0143464 
3.458  -0.0143045 
3.459  -0.0142626 
3.46  -0.014221 
3.461  -0.0141794 
3.462  -0.014138 
3.463  -0.0140968 
3.464  -0.0140556 
3.465  -0.0140147 
3.466  -0.0139738 
3.467  -0.0139331 
3.468  -0.0138926 
3.469  -0.0138521 
3.47  -0.0138119 
3.471  -0.0137717 
3.472  -0.0137317 
3.473  -0.0136918 
3.474  -0.0136521 
3.475  -0.0136124 
3.476  -0.013573 
3.477  -0.0135336 
3.478  -0.0134944 
3.479  -0.0134553 
3.48  -0.0134164 
3.481  -0.0133776 
3.482  -0.0133389 
3.483  -0.0133003 
3.484  -0.0132619 
3.485  -0.0132236 
3.486  -0.0131854 
3.487  -0.0131474 
3.488  -0.0131095 
3.489  -0.0130717 
3.49  -0.0130341 
3.491  -0.0129965 
3.492  -0.0129591 
3.493  -0.0129218 
3.494  -0.0128847 
3.495  -0.0128477 
3.496  -0.0128108 
3.497  -0.012774 
3.498  -0.0127373 
3.499  -0.0127008 
3.5  -0.0126644 
3.501  -0.0126281 
3.502  -0.0125919 
3.503  -0.0125559 
3.504  -0.01252 
3.505  -0.0124842 
3.506  -0.0124485 
3.507  -0.0124129 
3.508  -0.0123775 
3.509  -0.0123421 
3.51  -0.0123069 
3.511  -0.0122718 
3.512  -0.0122369 
3.513  -0.012202 
3.514  -0.0121673 
3.515  -0.0121326 
3.516  -0.0120981 
3.517  -0.0120637 
3.518  -0.0120294 
3.519  -0.0119953 
3.52  -0.0119612 
3.521  -0.0119273 
3.522  -0.0118935 
3.523  -0.0118597 
3.524  -0.0118261 
3.525  -0.0117927 
3.526  -0.0117593 
3.527  -0.011726 
3.528  -0.0116929 
3.529  -0.0116598 
3.53  -0.0116269 
3.531  -0.011594 
3.532  -0.0115613 
3.533  -0.0115287 
3.534  -0.0114962 
3.535  -0.0114638 
3.536  -0.0114315 
3.537  -0.0113993 
3.538  -0.0113673 
3.539  -0.0113353 
3.54  -0.0113034 
3.541  -0.0112717 
3.542  -0.01124 
3.543  -0.0112085 
3.544  -0.011177 
3.545  -0.0111457 
3.546  -0.0111145 
3.547  -0.0110833 
3.548  -0.0110523 
3.549  -0.0110214 
3.55  -0.0109905 
3.551  -0.0109598 
3.552  -0.0109292 
3.553  -0.0108987 
3.554  -0.0108682 
3.555  -0.0108379 
3.556  -0.0108077 
3.557  -0.0107776 
3.558  -0.0107475 
3.559  -0.0107176 
3.56  -0.0106878 
3.561  -0.010658 
3.562  -0.0106284 
3.563  -0.0105989 
3.564  -0.0105694 
3.565  -0.0105401 
3.566  -0.0105108 
3.567  -0.0104817 
3.568  -0.0104526 
3.569  -0.0104237 
3.57  -0.0103948 
3.571  -0.010366 
3.572  -0.0103374 
3.573  -0.0103088 
3.574  -0.0102803 
3.575  -0.0102519 
3.576  -0.0102236 
3.577  -0.0101954 
3.578  -0.0101672 
3.579  -0.0101392 
3.58  -0.0101113 
3.581  -0.0100834 
3.582  -0.0100557 
3.583  -0.010028 
3.584  -0.0100004 
3.585  -0.00997293 
3.586  -0.00994553 
3.587  -0.00991822 
3.588  -0.009891 
3.589  -0.00986387 
3.59  -0.00983682 
3.591  -0.00980987 
3.592  -0.009783 
3.593  -0.00975621 
3.594  -0.00972952 
3.595  -0.00970291 
3.596  -0.00967638 
3.597  -0.00964995 
3.598  -0.00962359 
3.599  -0.00959732 
3.6  -0.00957114 
3.601  -0.00954504 
3.602  -0.00951903 
3.603  -0.0094931 
3.604  -0.00946725 
3.605  -0.00944149 
3.606  -0.00941581 
3.607  -0.00939021 
3.608  -0.00936469 
3.609  -0.00933926 
3.61  -0.00931391 
3.611  -0.00928864 
3.612  -0.00926345 
3.613  -0.00923834 
3.614  -0.00921331 
3.615  -0.00918836 
3.616  -0.0091635 
3.617  -0.00913871 
3.618  -0.009114 
3.619  -0.00908937 
3.62  -0.00906482 
3.621  -0.00904035 
3.622  -0.00901595 
3.623  -0.00899164 
3.624  -0.0089674 
3.625  -0.00894324 
3.626  -0.00891916 
3.627  -0.00889515 
3.628  -0.00887122 
3.629  -0.00884737 
3.63  -0.00882359 
3.631  -0.00879989 
3.632  -0.00877626 
3.633  -0.00875271 
3.634  -0.00872923 
3.635  -0.00870583 
3.636  -0.0086825 
3.637  -0.00865925 
3.638  -0.00863607 
3.639  -0.00861296 
3.64  -0.00858993 
3.641  -0.00856697 
3.642  -0.00854408 
3.643  -0.00852127 
3.644  -0.00849853 
3.645  -0.00847586 
3.646  -0.00845326 
3.647  -0.00843073 
3.648  -0.00840828 
3.649  -0.00838589 
3.65  -0.00836358 
3.651  -0.00834134 
3.652  -0.00831916 
3.653  -0.00829706 
3.654  -0.00827503 
3.655  -0.00825306 
3.656  -0.00823117 
3.657  -0.00820934 
3.658  -0.00818758 
3.659  -0.0081659 
3.66  -0.00814427 
3.661  -0.00812272 
3.662  -0.00810124 
3.663  -0.00807982 
3.664  -0.00805847 
3.665  -0.00803719 
3.666  -0.00801597 
3.667  -0.00799482 
3.668  -0.00797374 
3.669  -0.00795272 
3.67  -0.00793177 
3.671  -0.00791088 
3.672  -0.00789006 
3.673  -0.00786931 
3.674  -0.00784862 
3.675  -0.00782799 
3.676  -0.00780743 
3.677  -0.00778693 
3.678  -0.0077665 
3.679  -0.00774613 
3.68  -0.00772582 
3.681  -0.00770558 
3.682  -0.0076854 
3.683  -0.00766528 
3.684  -0.00764523 
3.685  -0.00762523 
3.686  -0.0076053 
3.687  -0.00758544 
3.688  -0.00756563 
3.689  -0.00754588 
3.69  -0.0075262 
3.691  -0.00750658 
3.692  -0.00748702 
3.693  -0.00746751 
3.694  -0.00744807 
3.695  -0.00742869 
3.696  -0.00740937 
3.697  -0.00739011 
3.698  -0.00737091 
3.699  -0.00735177 
3.7  -0.00733269 
3.701  -0.00731366 
3.702  -0.0072947 
3.703  -0.00727579 
3.704  -0.00725694 
3.705  -0.00723815 
3.706  -0.00721942 
3.707  -0.00720075 
3.708  -0.00718213 
3.709  -0.00716357 
3.71  -0.00714507 
3.711  -0.00712662 
3.712  -0.00710823 
3.713  -0.0070899 
3.714  -0.00707162 
3.715  -0.0070534 
3.716  -0.00703524 
3.717  -0.00701713 
3.718  -0.00699907 
3.719  -0.00698108 
3.72  -0.00696313 
3.721  -0.00694525 
3.722  -0.00692741 
3.723  -0.00690963 
3.724  -0.00689191 
3.725  -0.00687424 
3.726  -0.00685662 
3.727  -0.00683906 
3.728  -0.00682155 
3.729  -0.0068041 
3.73  -0.00678669 
3.731  -0.00676934 
3.732  -0.00675205 
3.733  -0.0067348 
3.734  -0.00671761 
3.735  -0.00670047 
3.736  -0.00668338 
3.737  -0.00666635 
3.738  -0.00664937 
3.739  -0.00663243 
3.74  -0.00661555 
3.741  -0.00659872 
3.742  -0.00658195 
3.743  -0.00656522 
3.744  -0.00654854 
3.745  -0.00653191 
3.746  -0.00651534 
3.747  -0.00649881 
3.748  -0.00648234 
3.749  -0.00646591 
3.75  -0.00644953 
3.751  -0.00643321 
3.752  -0.00641693 
3.753  -0.0064007 
3.754  -0.00638452 
3.755  -0.00636839 
3.756  -0.0063523 
3.757  -0.00633627 
3.758  -0.00632028 
3.759  -0.00630435 
3.76  -0.00628846 
3.761  -0.00627261 
3.762  -0.00625682 
3.763  -0.00624107 
3.764  -0.00622537 
3.765  -0.00620972 
3.766  -0.00619411 
3.767  -0.00617855 
3.768  -0.00616304 
3.769  -0.00614757 
3.77  -0.00613215 
3.771  -0.00611678 
3.772  -0.00610145 
3.773  -0.00608617 
3.774  -0.00607093 
3.775  -0.00605574 
3.776  -0.0060406 
3.777  -0.0060255 
3.778  -0.00601044 
3.779  -0.00599543 
3.78  -0.00598046 
3.781  -0.00596554 
3.782  -0.00595066 
3.783  -0.00593583 
3.784  -0.00592104 
3.785  -0.0059063 
3.786  -0.0058916 
3.787  -0.00587694 
3.788  -0.00586233 
3.789  -0.00584776 
3.79  -0.00583323 
3.791  -0.00581874 
3.792  -0.0058043 
3.793  -0.0057899 
3.794  -0.00577555 
3.795  -0.00576124 
3.796  -0.00574696 
3.797  -0.00573274 
3.798  -0.00571855 
3.799  -0.0057044 
3.8  -0.0056903 
3.801  -0.00567624 
3.802  -0.00566222 
3.803  -0.00564824 
3.804  -0.0056343 
3.805  -0.0056204 
3.806  -0.00560655 
3.807  -0.00559273 
3.808  -0.00557896 
3.809  -0.00556523 
3.81  -0.00555153 
3.811  -0.00553788 
3.812  -0.00552427 
3.813  -0.00551069 
3.814  -0.00549716 
3.815  -0.00548366 
3.816  -0.00547021 
3.817  -0.0054568 
3.818  -0.00544342 
3.819  -0.00543008 
3.82  -0.00541679 
3.821  -0.00540353 
3.822  -0.00539031 
3.823  -0.00537713 
3.824  -0.00536398 
3.825  -0.00535088 
3.826  -0.00533781 
3.827  -0.00532478 
3.828  -0.00531179 
3.829  -0.00529884 
3.83  -0.00528593 
3.831  -0.00527305 
3.832  -0.00526021 
3.833  -0.00524741 
3.834  -0.00523464 
3.835  -0.00522191 
3.836  -0.00520922 
3.837  -0.00519657 
3.838  -0.00518395 
3.839  -0.00517137 
3.84  -0.00515882 
3.841  -0.00514632 
3.842  -0.00513384 
3.843  -0.00512141 
3.844  -0.00510901 
3.845  -0.00509664 
3.846  -0.00508431 
3.847  -0.00507202 
3.848  -0.00505976 
3.849  -0.00504754 
3.85  -0.00503536 
3.851  -0.0050232 
3.852  -0.00501109 
3.853  -0.00499901 
3.854  -0.00498696 
3.855  -0.00497495 
3.856  -0.00496297 
3.857  -0.00495103 
3.858  -0.00493912 
3.859  -0.00492724 
3.86  -0.0049154 
3.861  -0.00490359 
3.862  -0.00489182 
3.863  -0.00488008 
3.864  -0.00486838 
3.865  -0.00485671 
3.866  -0.00484507 
3.867  -0.00483346 
3.868  -0.00482189 
3.869  -0.00481035 
3.87  -0.00479884 
3.871  -0.00478737 
3.872  -0.00477593 
3.873  -0.00476452 
3.874  -0.00475315 
3.875  -0.00474181 
3.876  -0.0047305 
3.877  -0.00471922 
3.878  -0.00470797 
3.879  -0.00469676 
3.88  -0.00468558 
3.881  -0.00467443 
3.882  -0.00466331 
3.883  -0.00465222 
3.884  -0.00464116 
3.885  -0.00463014 
3.886  -0.00461915 
3.887  -0.00460819 
3.888  -0.00459726 
3.889  -0.00458636 
3.89  -0.00457549 
3.891  -0.00456465 
3.892  -0.00455384 
3.893  -0.00454307 
3.894  -0.00453232 
3.895  -0.0045216 
3.896  -0.00451092 
3.897  -0.00450026 
3.898  -0.00448964 
3.899  -0.00447904 
3.9  -0.00446848 
3.901  -0.00445794 
3.902  -0.00444743 
3.903  -0.00443696 
3.904  -0.00442651 
3.905  -0.00441609 
3.906  -0.0044057 
3.907  -0.00439535 
3.908  -0.00438502 
3.909  -0.00437471 
3.91  -0.00436444 
3.911  -0.0043542 
3.912  -0.00434398 
3.913  -0.0043338 
3.914  -0.00432364 
3.915  -0.00431351 
3.916  -0.00430341 
3.917  -0.00429334 
3.918  -0.00428329 
3.919  -0.00427328 
3.92  -0.00426329 
3.921  -0.00425333 
3.922  -0.0042434 
3.923  -0.00423349 
3.924  -0.00422362 
3.925  -0.00421377 
3.926  -0.00420394 
3.927  -0.00419415 
3.928  -0.00418438 
3.929  -0.00417464 
3.93  -0.00416493 
3.931  -0.00415524 
3.932  -0.00414558 
3.933  -0.00413595 
3.934  -0.00412634 
3.935  -0.00411677 
3.936  -0.00410721 
3.937  -0.00409769 
3.938  -0.00408819 
3.939  -0.00407871 
3.94  -0.00406927 
3.941  -0.00405985 
3.942  -0.00405045 
3.943  -0.00404108 
3.944  -0.00403174 
3.945  -0.00402242 
3.946  -0.00401313 
3.947  -0.00400386 
3.948  -0.00399462 
3.949  -0.00398541 
3.95  -0.00397622 
3.951  -0.00396706 
3.952  -0.00395792 
3.953  -0.0039488 
3.954  -0.00393972 
3.955  -0.00393065 
3.956  -0.00392161 
3.957  -0.0039126 
3.958  -0.00390361 
3.959  -0.00389465 
3.96  -0.00388571 
3.961  -0.00387679 
3.962  -0.0038679 
3.963  -0.00385903 
3.964  -0.00385019 
3.965  -0.00384137 
3.966  -0.00383258 
3.967  -0.00382381 
3.968  -0.00381506 
3.969  -0.00380634 
3.97  -0.00379764 
3.971  -0.00378897 
3.972  -0.00378032 
3.973  -0.00377169 
3.974  -0.00376309 
3.975  -0.00375451 
3.976  -0.00374595 
3.977  -0.00373742 
3.978  -0.00372891 
3.979  -0.00372042 
3.98  -0.00371196 
3.981  -0.00370352 
3.982  -0.0036951 
3.983  -0.0036867 
3.984  -0.00367833 
3.985  -0.00366998 
3.986  -0.00366166 
3.987  -0.00365335 
3.988  -0.00364507 
3.989  -0.00363681 
3.99  -0.00362857 
3.991  -0.00362036 
3.992  -0.00361217 
3.993  -0.003604 
3.994  -0.00359585 
3.995  -0.00358772 
3.996  -0.00357962 
3.997  -0.00357153 
3.998  -0.00356347 
3.999  -0.00355544 
4  -0.00354742 
4.001  -0.00353942 
4.002  -0.00353145 
4.003  -0.0035235 
4.004  -0.00351556 
4.005  -0.00350765 
4.006  -0.00349977 
4.007  -0.0034919 
4.008  -0.00348405 
4.009  -0.00347623 
4.01  -0.00346842 
4.011  -0.00346064 
4.012  -0.00345288 
4.013  -0.00344514 
4.014  -0.00343742 
4.015  -0.00342972 
4.016  -0.00342204 
4.017  -0.00341438 
4.018  -0.00340674 
4.019  -0.00339912 
4.02  -0.00339152 
4.021  -0.00338395 
4.022  -0.00337639 
4.023  -0.00336885 
4.024  -0.00336133 
4.025  -0.00335384 
4.026  -0.00334636 
4.027  -0.0033389 
4.028  -0.00333147 
4.029  -0.00332405 
4.03  -0.00331665 
4.031  -0.00330927 
4.032  -0.00330192 
4.033  -0.00329458 
4.034  -0.00328726 
4.035  -0.00327996 
4.036  -0.00327268 
4.037  -0.00326542 
4.038  -0.00325817 
4.039  -0.00325095 
4.04  -0.00324375 
4.041  -0.00323656 
4.042  -0.0032294 
4.043  -0.00322225 
4.044  -0.00321512 
4.045  -0.00320802 
4.046  -0.00320093 
4.047  -0.00319386 
4.048  -0.0031868 
4.049  -0.00317977 
4.05  -0.00317275 
4.051  -0.00316576 
4.052  -0.00315878 
4.053  -0.00315182 
4.054  -0.00314488 
4.055  -0.00313795 
4.056  -0.00313105 
4.057  -0.00312416 
4.058  -0.00311729 
4.059  -0.00311044 
4.06  -0.00310361 
4.061  -0.00309679 
4.062  -0.00309 
4.063  -0.00308322 
4.064  -0.00307645 
4.065  -0.00306971 
4.066  -0.00306298 
4.067  -0.00305628 
4.068  -0.00304959 
4.069  -0.00304291 
4.07  -0.00303626 
4.071  -0.00302962 
4.072  -0.003023 
4.073  -0.00301639 
4.074  -0.0030098 
4.075  -0.00300324 
4.076  -0.00299668 
4.077  -0.00299015 
4.078  -0.00298363 
4.079  -0.00297713 
4.08  -0.00297064 
4.081  -0.00296418 
4.082  -0.00295773 
4.083  -0.00295129 
4.084  -0.00294487 
4.085  -0.00293847 
4.086  -0.00293209 
4.087  -0.00292572 
4.088  -0.00291937 
4.089  -0.00291304 
4.09  -0.00290672 
4.091  -0.00290042 
4.092  -0.00289413 
4.093  -0.00288786 
4.094  -0.00288161 
4.095  -0.00287537 
4.096  -0.00286915 
4.097  -0.00286295 
4.098  -0.00285676 
4.099  -0.00285059 
4.1  -0.00284443 
4.101  -0.00283829 
4.102  -0.00283217 
4.103  -0.00282606 
4.104  -0.00281997 
4.105  -0.00281389 
4.106  -0.00280783 
4.107  -0.00280178 
4.108  -0.00279575 
4.109  -0.00278973 
4.11  -0.00278374 
4.111  -0.00277775 
4.112  -0.00277178 
4.113  -0.00276583 
4.114  -0.00275989 
4.115  -0.00275397 
4.116  -0.00274806 
4.117  -0.00274217 
4.118  -0.00273629 
4.119  -0.00273043 
4.12  -0.00272458 
4.121  -0.00271875 
4.122  -0.00271293 
4.123  -0.00270713 
4.124  -0.00270134 
4.125  -0.00269556 
4.126  -0.00268981 
4.127  -0.00268406 
4.128  -0.00267833 
4.129  -0.00267262 
4.13  -0.00266692 
4.131  -0.00266123 
4.132  -0.00265556 
4.133  -0.00264991 
4.134  -0.00264426 
4.135  -0.00263864 
4.136  -0.00263302 
4.137  -0.00262742 
4.138  -0.00262184 
4.139  -0.00261627 
4.14  -0.00261071 
4.141  -0.00260517 
4.142  -0.00259964 
4.143  -0.00259413 
4.144  -0.00258863 
4.145  -0.00258314 
4.146  -0.00257767 
4.147  -0.00257221 
4.148  -0.00256676 
4.149  -0.00256133 
4.15  -0.00255591 
4.151  -0.00255051 
4.152  -0.00254512 
4.153  -0.00253974 
4.154  -0.00253438 
4.155  -0.00252903 
4.156  -0.0025237 
4.157  -0.00251837 
4.158  -0.00251306 
4.159  -0.00250777 
4.16  -0.00250249 
4.161  -0.00249722 
4.162  -0.00249196 
4.163  -0.00248672 
4.164  -0.00248149 
4.165  -0.00247627 
4.166  -0.00247107 
4.167  -0.00246588 
4.168  -0.0024607 
4.169  -0.00245554 
4.17  -0.00245039 
4.171  -0.00244525 
4.172  -0.00244012 
4.173  -0.00243501 
4.174  -0.00242991 
4.175  -0.00242482 
4.176  -0.00241975 
4.177  -0.00241469 
4.178  -0.00240964 
4.179  -0.0024046 
4.18  -0.00239958 
4.181  -0.00239457 
4.182  -0.00238957 
4.183  -0.00238458 
4.184  -0.00237961 
4.185  -0.00237465 
4.186  -0.0023697 
4.187  -0.00236476 
4.188  -0.00235984 
4.189  -0.00235492 
4.19  -0.00235002 
4.191  -0.00234514 
4.192  -0.00234026 
4.193  -0.0023354 
4.194  -0.00233054 
4.195  -0.00232571 
4.196  -0.00232088 
4.197  -0.00231606 
4.198  -0.00231126 
4.199  -0.00230647 
4.2  -0.00230169 
4.201  -0.00229692 
4.202  -0.00229216 
4.203  -0.00228742 
4.204  -0.00228269 
4.205  -0.00227796 
4.206  -0.00227325 
4.207  -0.00226856 
4.208  -0.00226387 
4.209  -0.0022592 
4.21  -0.00225453 
4.211  -0.00224988 
4.212  -0.00224524 
4.213  -0.00224061 
4.214  -0.002236 
4.215  -0.00223139 
4.216  -0.00222679 
4.217  -0.00222221 
4.218  -0.00221764 
4.219  -0.00221308 
4.22  -0.00220853 
4.221  -0.00220399 
4.222  -0.00219946 
4.223  -0.00219495 
4.224  -0.00219044 
4.225  -0.00218595 
4.226  -0.00218146 
4.227  -0.00217699 
4.228  -0.00217253 
4.229  -0.00216808 
4.23  -0.00216364 
4.231  -0.00215921 
4.232  -0.0021548 
4.233  -0.00215039 
4.234  -0.00214599 
4.235  -0.00214161 
4.236  -0.00213723 
4.237  -0.00213287 
4.238  -0.00212851 
4.239  -0.00212417 
4.24  -0.00211984 
4.241  -0.00211552 
4.242  -0.00211121 
4.243  -0.00210691 
4.244  -0.00210262 
4.245  -0.00209834 
4.246  -0.00209407 
4.247  -0.00208981 
4.248  -0.00208556 
4.249  -0.00208132 
4.25  -0.00207709 
4.251  -0.00207287 
4.252  -0.00206867 
4.253  -0.00206447 
4.254  -0.00206028 
4.255  -0.00205611 
4.256  -0.00205194 
4.257  -0.00204778 
4.258  -0.00204363 
4.259  -0.0020395 
4.26  -0.00203537 
4.261  -0.00203125 
4.262  -0.00202715 
4.263  -0.00202305 
4.264  -0.00201896 
4.265  -0.00201489 
4.266  -0.00201082 
4.267  -0.00200676 
4.268  -0.00200271 
4.269  -0.00199867 
4.27  -0.00199465 
4.271  -0.00199063 
4.272  -0.00198662 
4.273  -0.00198262 
4.274  -0.00197863 
4.275  -0.00197465 
4.276  -0.00197068 
4.277  -0.00196672 
4.278  -0.00196277 
4.279  -0.00195882 
4.28  -0.00195489 
4.281  -0.00195097 
4.282  -0.00194705 
4.283  -0.00194315 
4.284  -0.00193925 
4.285  -0.00193537 
4.286  -0.00193149 
4.287  -0.00192762 
4.288  -0.00192377 
4.289  -0.00191992 
4.29  -0.00191608 
4.291  -0.00191225 
4.292  -0.00190843 
4.293  -0.00190461 
4.294  -0.00190081 
4.295  -0.00189702 
4.296  -0.00189323 
4.297  -0.00188946 
4.298  -0.00188569 
4.299  -0.00188193 
4.3  -0.00187818 
4.301  -0.00187444 
4.302  -0.00187071 
4.303  -0.00186699 
4.304  -0.00186327 
4.305  -0.00185957 
4.306  -0.00185587 
4.307  -0.00185219 
4.308  -0.00184851 
4.309  -0.00184484 
4.31  -0.00184118 
4.311  -0.00183752 
4.312  -0.00183388 
4.313  -0.00183025 
4.314  -0.00182662 
4.315  -0.001823 
4.316  -0.00181939 
4.317  -0.00181579 
4.318  -0.0018122 
4.319  -0.00180861 
4.32  -0.00180504 
4.321  -0.00180147 
4.322  -0.00179791 
4.323  -0.00179436 
4.324  -0.00179082 
4.325  -0.00178729 
4.326  -0.00178376 
4.327  -0.00178025 
4.328  -0.00177674 
4.329  -0.00177324 
4.33  -0.00176974 
4.331  -0.00176626 
4.332  -0.00176279 
4.333  -0.00175932 
4.334  -0.00175586 
4.335  -0.00175241 
4.336  -0.00174896 
4.337  -0.00174553 
4.338  -0.0017421 
4.339  -0.00173868 
4.34  -0.00173527 
4.341  -0.00173187 
4.342  -0.00172847 
4.343  -0.00172509 
4.344  -0.00172171 
4.345  -0.00171833 
4.346  -0.00171497 
4.347  -0.00171162 
4.348  -0.00170827 
4.349  -0.00170493 
4.35  -0.0017016 
4.351  -0.00169827 
4.352  -0.00169495 
4.353  -0.00169165 
4.354  -0.00168834 
4.355  -0.00168505 
4.356  -0.00168176 
4.357  -0.00167849 
4.358  -0.00167522 
4.359  -0.00167195 
4.36  -0.0016687 
4.361  -0.00166545 
4.362  -0.00166221 
4.363  -0.00165898 
4.364  -0.00165575 
4.365  -0.00165253 
4.366  -0.00164932 
4.367  -0.00164612 
4.368  -0.00164292 
4.369  -0.00163974 
4.37  -0.00163656 
4.371  -0.00163338 
4.372  -0.00163022 
4.373  -0.00162706 
4.374  -0.00162391 
4.375  -0.00162076 
4.376  -0.00161762 
4.377  -0.00161449 
4.378  -0.00161137 
4.379  -0.00160826 
4.38  -0.00160515 
4.381  -0.00160205 
4.382  -0.00159895 
4.383  -0.00159587 
4.384  -0.00159279 
4.385  -0.00158972 
4.386  -0.00158665 
4.387  -0.00158359 
4.388  -0.00158054 
4.389  -0.0015775 
4.39  -0.00157446 
4.391  -0.00157143 
4.392  -0.00156841 
4.393  -0.00156539 
4.394  -0.00156238 
4.395  -0.00155938 
4.396  -0.00155638 
4.397  -0.00155339 
4.398  -0.00155041 
4.399  -0.00154744 
4.4  -0.00154447 
4.401  -0.00154151 
4.402  -0.00153855 
4.403  -0.0015356 
4.404  -0.00153266 
4.405  -0.00152973 
4.406  -0.0015268 
4.407  -0.00152388 
4.408  -0.00152096 
4.409  -0.00151805 
4.41  -0.00151515 
4.411  -0.00151226 
4.412  -0.00150937 
4.413  -0.00150649 
4.414  -0.00150361 
4.415  -0.00150075 
4.416  -0.00149788 
4.417  -0.00149503 
4.418  -0.00149218 
4.419  -0.00148934 
4.42  -0.0014865 
4.421  -0.00148367 
4.422  -0.00148085 
4.423  -0.00147803 
4.424  -0.00147522 
4.425  -0.00147242 
4.426  -0.00146962 
4.427  -0.00146683 
4.428  -0.00146404 
4.429  -0.00146127 
4.43  -0.00145849 
4.431  -0.00145573 
4.432  -0.00145297 
4.433  -0.00145021 
4.434  -0.00144747 
4.435  -0.00144473 
4.436  -0.00144199 
4.437  -0.00143926 
4.438  -0.00143654 
4.439  -0.00143382 
4.44  -0.00143111 
4.441  -0.00142841 
4.442  -0.00142571 
4.443  -0.00142302 
4.444  -0.00142033 
4.445  -0.00141765 
4.446  -0.00141498 
4.447  -0.00141231 
4.448  -0.00140965 
4.449  -0.00140699 
4.45  -0.00140434 
4.451  -0.0014017 
4.452  -0.00139906 
4.453  -0.00139643 
4.454  -0.0013938 
4.455  -0.00139118 
4.456  -0.00138857 
4.457  -0.00138596 
4.458  -0.00138335 
4.459  -0.00138076 
4.46  -0.00137817 
4.461  -0.00137558 
4.462  -0.001373 
4.463  -0.00137043 
4.464  -0.00136786 
4.465  -0.0013653 
4.466  -0.00136274 
4.467  -0.00136019 
4.468  -0.00135764 
4.469  -0.0013551 
4.47  -0.00135257 
4.471  -0.00135004 
4.472  -0.00134752 
4.473  -0.001345 
4.474  -0.00134249 
4.475  -0.00133999 
4.476  -0.00133748 
4.477  -0.00133499 
4.478  -0.0013325 
4.479  -0.00133002 
4.48  -0.00132754 
4.481  -0.00132507 
4.482  -0.0013226 
4.483  -0.00132014 
4.484  -0.00131768 
4.485  -0.00131523 
4.486  -0.00131279 
4.487  -0.00131035 
4.488  -0.00130791 
4.489  -0.00130548 
4.49  -0.00130306 
4.491  -0.00130064 
4.492  -0.00129823 
4.493  -0.00129582 
4.494  -0.00129342 
4.495  -0.00129102 
4.496  -0.00128863 
4.497  -0.00128624 
4.498  -0.00128386 
4.499  -0.00128148 
4.5  -0.00127911 
4.501  -0.00127675 
4.502  -0.00127439 
4.503  -0.00127203 
4.504  -0.00126968 
4.505  -0.00126734 
4.506  -0.001265 
4.507  -0.00126266 
4.508  -0.00126034 
4.509  -0.00125801 
4.51  -0.00125569 
4.511  -0.00125338 
4.512  -0.00125107 
4.513  -0.00124877 
4.514  -0.00124647 
4.515  -0.00124417 
4.516  -0.00124188 
4.517  -0.0012396 
4.518  -0.00123732 
4.519  -0.00123505 
4.52  -0.00123278 
4.521  -0.00123052 
4.522  -0.00122826 
4.523  -0.001226 
4.524  -0.00122375 
4.525  -0.00122151 
4.526  -0.00121927 
4.527  -0.00121704 
4.528  -0.00121481 
4.529  -0.00121258 
4.53  -0.00121036 
4.531  -0.00120815 
4.532  -0.00120594 
4.533  -0.00120373 
4.534  -0.00120153 
4.535  -0.00119934 
4.536  -0.00119715 
4.537  -0.00119496 
4.538  -0.00119278 
4.539  -0.0011906 
4.54  -0.00118843 
4.541  -0.00118626 
4.542  -0.0011841 
4.543  -0.00118194 
4.544  -0.00117979 
4.545  -0.00117764 
4.546  -0.0011755 
4.547  -0.00117336 
4.548  -0.00117123 
4.549  -0.0011691 
4.55  -0.00116697 
4.551  -0.00116485 
4.552  -0.00116273 
4.553  -0.00116062 
4.554  -0.00115852 
4.555  -0.00115641 
4.556  -0.00115432 
4.557  -0.00115222 
4.558  -0.00115013 
4.559  -0.00114805 
4.56  -0.00114597 
4.561  -0.0011439 
4.562  -0.00114182 
4.563  -0.00113976 
4.564  -0.0011377 
4.565  -0.00113564 
4.566  -0.00113359 
4.567  -0.00113154 
4.568  -0.00112949 
4.569  -0.00112745 
4.57  -0.00112542 
4.571  -0.00112339 
4.572  -0.00112136 
4.573  -0.00111934 
4.574  -0.00111732 
4.575  -0.00111531 
4.576  -0.0011133 
4.577  -0.00111129 
4.578  -0.00110929 
4.579  -0.0011073 
4.58  -0.0011053 
4.581  -0.00110332 
4.582  -0.00110133 
4.583  -0.00109935 
4.584  -0.00109738 
4.585  -0.00109541 
4.586  -0.00109344 
4.587  -0.00109148 
4.588  -0.00108952 
4.589  -0.00108757 
4.59  -0.00108562 
4.591  -0.00108367 
4.592  -0.00108173 
4.593  -0.00107979 
4.594  -0.00107786 
4.595  -0.00107593 
4.596  -0.00107401 
4.597  -0.00107208 
4.598  -0.00107017 
4.599  -0.00106825 
4.6  -0.00106635 
4.601  -0.00106444 
4.602  -0.00106254 
4.603  -0.00106064 
4.604  -0.00105875 
4.605  -0.00105686 
4.606  -0.00105498 
4.607  -0.0010531 
4.608  -0.00105122 
4.609  -0.00104935 
4.61  -0.00104748 
4.611  -0.00104562 
4.612  -0.00104376 
4.613  -0.0010419 
4.614  -0.00104005 
4.615  -0.0010382 
4.616  -0.00103635 
4.617  -0.00103451 
4.618  -0.00103267 
4.619  -0.00103084 
4.62  -0.00102901 
4.621  -0.00102719 
4.622  -0.00102536 
4.623  -0.00102355 
4.624  -0.00102173 
4.625  -0.00101992 
4.626  -0.00101812 
4.627  -0.00101631 
4.628  -0.00101452 
4.629  -0.00101272 
4.63  -0.00101093 
4.631  -0.00100914 
4.632  -0.00100736 
4.633  -0.00100558 
4.634  -0.0010038 
4.635  -0.00100203 
4.636  -0.00100026 
4.637  -0.000998496 
4.638  -0.000996735 
4.639  -0.000994978 
4.64  -0.000993224 
4.641  -0.000991473 
4.642  -0.000989727 
4.643  -0.000987984 
4.644  -0.000986245 
4.645  -0.000984509 
4.646  -0.000982777 
4.647  -0.000981049 
4.648  -0.000979325 
4.649  -0.000977603 
4.65  -0.000975886 
4.651  -0.000974172 
4.652  -0.000972462 
4.653  -0.000970755 
4.654  -0.000969052 
4.655  -0.000967352 
4.656  -0.000965656 
4.657  -0.000963964 
4.658  -0.000962275 
4.659  -0.000960589 
4.66  -0.000958907 
4.661  -0.000957229 
4.662  -0.000955554 
4.663  -0.000953882 
4.664  -0.000952215 
4.665  -0.00095055 
4.666  -0.000948889 
4.667  -0.000947231 
4.668  -0.000945577 
4.669  -0.000943926 
4.67  -0.000942279 
4.671  -0.000940635 
4.672  -0.000938995 
4.673  -0.000937358 
4.674  -0.000935724 
4.675  -0.000934094 
4.676  -0.000932467 
4.677  -0.000930843 
4.678  -0.000929223 
4.679  -0.000927606 
4.68  -0.000925993 
4.681  -0.000924383 
4.682  -0.000922776 
4.683  -0.000921173 
4.684  -0.000919572 
4.685  -0.000917976 
4.686  -0.000916382 
4.687  -0.000914792 
4.688  -0.000913205 
4.689  -0.000911621 
4.69  -0.000910041 
4.691  -0.000908464 
4.692  -0.00090689 
4.693  -0.000905319 
4.694  -0.000903752 
4.695  -0.000902187 
4.696  -0.000900626 
4.697  -0.000899069 
4.698  -0.000897514 
4.699  -0.000895963 
4.7  -0.000894414 
4.701  -0.000892869 
4.702  -0.000891328 
4.703  -0.000889789 
4.704  -0.000888253 
4.705  -0.000886721 
4.706  -0.000885192 
4.707  -0.000883666 
4.708  -0.000882143 
4.709  -0.000880623 
4.71  -0.000879106 
4.711  -0.000877593 
4.712  -0.000876082 
4.713  -0.000874575 
4.714  -0.00087307 
4.715  -0.000871569 
4.716  -0.000870071 
4.717  -0.000868576 
4.718  -0.000867084 
4.719  -0.000865595 
4.72  -0.000864109 
4.721  -0.000862626 
4.722  -0.000861146 
4.723  -0.000859669 
4.724  -0.000858195 
4.725  -0.000856724 
4.726  -0.000855256 
4.727  -0.000853792 
4.728  -0.00085233 
4.729  -0.000850871 
4.73  -0.000849415 
4.731  -0.000847962 
4.732  -0.000846512 
4.733  -0.000845065 
4.734  -0.000843621 
4.735  -0.000842179 
4.736  -0.000840741 
4.737  -0.000839306 
4.738  -0.000837873 
4.739  -0.000836444 
4.74  -0.000835017 
4.741  -0.000833593 
4.742  -0.000832172 
4.743  -0.000830754 
4.744  -0.000829339 
4.745  -0.000827927 
4.746  -0.000826518 
4.747  -0.000825111 
4.748  -0.000823707 
4.749  -0.000822307 
4.75  -0.000820909 
4.751  -0.000819513 
4.752  -0.000818121 
4.753  -0.000816732 
4.754  -0.000815345 
4.755  -0.000813961 
4.756  -0.00081258 
4.757  -0.000811201 
4.758  -0.000809826 
4.759  -0.000808453 
4.76  -0.000807083 
4.761  -0.000805716 
4.762  -0.000804351 
4.763  -0.000802989 
4.764  -0.00080163 
4.765  -0.000800274 
4.766  -0.00079892 
4.767  -0.000797569 
4.768  -0.000796221 
4.769  -0.000794876 
4.77  -0.000793533 
4.771  -0.000792193 
4.772  -0.000790856 
4.773  -0.000789521 
4.774  -0.000788189 
4.775  -0.00078686 
4.776  -0.000785533 
4.777  -0.000784209 
4.778  -0.000782888 
4.779  -0.000781569 
4.78  -0.000780253 
4.781  -0.000778939 
4.782  -0.000777629 
4.783  -0.000776321 
4.784  -0.000775015 
4.785  -0.000773712 
4.786  -0.000772412 
4.787  -0.000771114 
4.788  -0.000769819 
4.789  -0.000768526 
4.79  -0.000767236 
4.791  -0.000765949 
4.792  -0.000764664 
4.793  -0.000763382 
4.794  -0.000762102 
4.795  -0.000760825 
4.796  -0.00075955 
4.797  -0.000758278 
4.798  -0.000757008 
4.799  -0.000755741 
4.8  -0.000754477 
4.801  -0.000753215 
4.802  -0.000751955 
4.803  -0.000750698 
4.804  -0.000749444 
4.805  -0.000748192 
4.806  -0.000746942 
4.807  -0.000745695 
4.808  -0.000744451 
4.809  -0.000743209 
4.81  -0.000741969 
4.811  -0.000740732 
4.812  -0.000739497 
4.813  -0.000738265 
4.814  -0.000737035 
4.815  -0.000735808 
4.816  -0.000734583 
4.817  -0.00073336 
4.818  -0.00073214 
4.819  -0.000730922 
4.82  -0.000729707 
4.821  -0.000728494 
4.822  -0.000727283 
4.823  -0.000726075 
4.824  -0.00072487 
4.825  -0.000723666 
4.826  -0.000722465 
4.827  -0.000721267 
4.828  -0.00072007 
4.829  -0.000718876 
4.83  -0.000717685 
4.831  -0.000716496 
4.832  -0.000715309 
4.833  -0.000714124 
4.834  -0.000712942 
4.835  -0.000711762 
4.836  -0.000710585 
4.837  -0.000709409 
4.838  -0.000708236 
4.839  -0.000707066 
4.84  -0.000705898 
4.841  -0.000704731 
4.842  -0.000703568 
4.843  -0.000702406 
4.844  -0.000701247 
4.845  -0.00070009 
4.846  -0.000698936 
4.847  -0.000697783 
4.848  -0.000696633 
4.849  -0.000695485 
4.85  -0.00069434 
4.851  -0.000693196 
4.852  -0.000692055 
4.853  -0.000690916 
4.854  -0.000689779 
4.855  -0.000688645 
4.856  -0.000687513 
4.857  -0.000686383 
4.858  -0.000685255 
4.859  -0.000684129 
4.86  -0.000683006 
4.861  -0.000681885 
4.862  -0.000680765 
4.863  -0.000679649 
4.864  -0.000678534 
4.865  -0.000677421 
4.866  -0.000676311 
4.867  -0.000675203 
4.868  -0.000674097 
4.869  -0.000672993 
4.87  -0.000671891 
4.871  -0.000670792 
4.872  -0.000669694 
4.873  -0.000668599 
4.874  -0.000667506 
4.875  -0.000666414 
4.876  -0.000665326 
4.877  -0.000664239 
4.878  -0.000663154 
4.879  -0.000662071 
4.88  -0.000660991 
4.881  -0.000659912 
4.882  -0.000658836 
4.883  -0.000657762 
4.884  -0.00065669 
4.885  -0.000655619 
4.886  -0.000654551 
4.887  -0.000653485 
4.888  -0.000652422 
4.889  -0.00065136 
4.89  -0.0006503 
4.891  -0.000649242 
4.892  -0.000648186 
4.893  -0.000647133 
4.894  -0.000646081 
4.895  -0.000645031 
4.896  -0.000643984 
4.897  -0.000642938 
4.898  -0.000641895 
4.899  -0.000640853 
4.9  -0.000639814 
4.901  -0.000638776 
4.902  -0.000637741 
4.903  -0.000636707 
4.904  -0.000635676 
4.905  -0.000634646 
4.906  -0.000633618 
4.907  -0.000632593 
4.908  -0.000631569 
4.909  -0.000630548 
4.91  -0.000629528 
4.911  -0.00062851 
4.912  -0.000627494 
4.913  -0.000626481 
4.914  -0.000625469 
4.915  -0.000624459 
4.916  -0.000623451 
4.917  -0.000622445 
4.918  -0.00062144 
4.919  -0.000620438 
4.92  -0.000619438 
4.921  -0.000618439 
4.922  -0.000617443 
4.923  -0.000616448 
4.924  -0.000615456 
4.925  -0.000614465 
4.926  -0.000613476 
4.927  -0.000612489 
4.928  -0.000611504 
4.929  -0.000610521 
4.93  -0.000609539 
4.931  -0.00060856 
4.932  -0.000607582 
4.933  -0.000606606 
4.934  -0.000605633 
4.935  -0.000604661 
4.936  -0.00060369 
4.937  -0.000602722 
4.938  -0.000601756 
4.939  -0.000600791 
4.94  -0.000599828 
4.941  -0.000598867 
4.942  -0.000597908 
4.943  -0.000596951 
4.944  -0.000595995 
4.945  -0.000595041 
4.946  -0.000594089 
4.947  -0.000593139 
4.948  -0.000592191 
4.949  -0.000591245 
4.95  -0.0005903 
4.951  -0.000589357 
4.952  -0.000588416 
4.953  -0.000587477 
4.954  -0.000586539 
4.955  -0.000585603 
4.956  -0.000584669 
4.957  -0.000583737 
4.958  -0.000582807 
4.959  -0.000581878 
4.96  -0.000580951 
4.961  -0.000580026 
4.962  -0.000579102 
4.963  -0.000578181 
4.964  -0.000577261 
4.965  -0.000576343 
4.966  -0.000575426 
4.967  -0.000574511 
4.968  -0.000573598 
4.969  -0.000572687 
4.97  -0.000571777 
4.971  -0.00057087 
4.972  -0.000569963 
4.973  -0.000569059 
4.974  -0.000568156 
4.975  -0.000567255 
4.976  -0.000566356 
4.977  -0.000565458 
4.978  -0.000564562 
4.979  -0.000563668 
4.98  -0.000562775 
4.981  -0.000561884 
4.982  -0.000560995 
4.983  -0.000560108 
4.984  -0.000559222 
4.985  -0.000558337 
4.986  -0.000557455 
4.987  -0.000556574 
4.988  -0.000555695 
4.989  -0.000554817 
4.99  -0.000553941 
4.991  -0.000553067 
4.992  -0.000552194 
4.993  -0.000551323 
4.994  -0.000550453 
4.995  -0.000549586 
4.996  -0.000548719 
4.997  -0.000547855 
4.998  -0.000546992 
4.999  -0.00054613 
5  -0.000545271 
