0.001  1.01054e+71 
0.002  1.45646e+78 
0.003  1.09043e+70 
0.004  1.60755e+71 
0.005  9.12485e+77 
0.006  8.29537e+79 
0.007  3.29183e+73 
0.008  9.91182e+71 
0.009  1.31498e+80 
0.01  9.16383e+79 
0.011  2.27199e+72 
0.012  2.1269e+70 
0.013  2.38711e+70 
0.014  1.52268e+77 
0.015  2.83157e+78 
0.016  1.27574e+71 
0.017  1.08293e+74 
0.018  3.113e+72 
0.019  1.49717e+68 
0.02  2.5939e+75 
0.021  4.50361e+84 
0.022  6.57987e+72 
0.023  4.40563e+83 
0.024  2.67058e+84 
0.025  5.58495e+72 
0.026  6.65965e+80 
0.027  1.67254e+78 
0.028  6.36467e+80 
0.029  2.69006e+75 
0.03  1.1374e+77 
0.031  4.08592e+71 
0.032  1.26115e+71 
0.033  2.34177e+90 
0.034  1.23767e+69 
0.035  1.1457e+81 
0.036  1.56726e+73 
0.037  5.59143e+76 
0.038  9.18753e+73 
0.039  9.94764e+81 
0.04  7.57296e+73 
0.041  2.07652e+77 
0.042  5.56155e+79 
0.043  1.37697e+95 
0.044  1.09287e+88 
0.045  7.54895e+77 
0.046  1.44577e+82 
0.047  1.52751e+80 
0.048  1.64347e+80 
0.049  4.46017e+74 
0.05  9.5113e+81 
0.051  7.06494e+77 
0.052  3.6196e+71 
0.053  7.96551e+72 
0.054  5.36561e+72 
0.055  6.32373e+74 
0.056  1.48991e+74 
0.057  7.17069e+74 
0.058  9.32753e+70 
0.059  8.56377e+66 
0.06  1.58444e+73 
0.061  6.96268e+82 
0.062  4.49281e+71 
0.063  2.66881e+83 
0.064  4.59795e+82 
0.065  2.23909e+72 
0.066  9.47014e+86 
0.067  1.90143e+77 
0.068  7.97773e+70 
0.069  2.08134e+85 
0.07  1.8037e+69 
0.071  1.80489e+80 
0.072  2.04644e+80 
0.073  5.55296e+83 
0.074  1.07649e+71 
0.075  2.10137e+79 
0.076  3.54747e+74 
0.077  1.80601e+94 
0.078  3.89422e+72 
0.079  1.20478e+67 
0.08  2.28333e+80 
0.081  1.42213e+66 
0.082  1.81224e+76 
0.083  1.94668e+71 
0.084  7.16747e+73 
0.085  5.56679e+74 
0.086  8.28544e+77 
0.087  1.00383e+74 
0.088  5.91875e+72 
0.089  7.74315e+89 
0.09  9.5142e+74 
0.091  1.91217e+92 
0.092  2.56958e+93 
0.093  8.71042e+65 
0.094  2.35734e+80 
0.095  2.61481e+76 
0.096  4.27269e+70 
0.097  7.369e+74 
0.098  1.26773e+77 
0.099  7.47446e+75 
0.1  1.74336e+73 
0.101  4.91235e+76 
0.102  2.48028e+75 
0.103  5.90227e+75 
0.104  3.3149e+81 
0.105  9.96356e+102 
0.106  1.64421e+70 
0.107  8.55449e+79 
0.108  5.46715e+75 
0.109  9.2789e+80 
0.11  4.05425e+76 
0.111  1.40256e+74 
0.112  3.53232e+79 
0.113  1.23342e+77 
0.114  5.73839e+85 
0.115  5.43554e+77 
0.116  2.27847e+104 
0.117  5.28593e+88 
0.118  1.25155e+77 
0.119  3.62483e+67 
0.12  8.24264e+79 
0.121  4.85133e+71 
0.122  1.56071e+77 
0.123  1.39793e+75 
0.124  9.72919e+68 
0.125  1.20561e+69 
0.126  5.28101e+69 
0.127  3.96199e+79 
0.128  4.20202e+82 
0.129  2.6204e+71 
0.13  8.18044e+74 
0.131  1.32838e+78 
0.132  1.5446e+68 
0.133  9.99395e+77 
0.134  4.75819e+69 
0.135  1.46709e+80 
0.136  8.08226e+78 
0.137  2.87627e+75 
0.138  1.85341e+71 
0.139  5.879e+72 
0.14  3.14014e+89 
0.141  7.86672e+72 
0.142  1.79644e+76 
0.143  2.67132e+67 
0.144  1.23809e+67 
0.145  6.43327e+76 
0.146  4.71862e+76 
0.147  5.5604e+86 
0.148  4.60865e+82 
0.149  1.60001e+64 
0.15  2.23982e+76 
0.151  2.57438e+91 
0.152  4.42049e+86 
0.153  2.31838e+74 
0.154  1.47245e+77 
0.155  9.16393e+74 
0.156  5.86962e+77 
0.157  1.26518e+79 
0.158  1.44526e+77 
0.159  6.61492e+69 
0.16  4.11817e+79 
0.161  2.17237e+84 
0.162  2.02415e+90 
0.163  4.22065e+84 
0.164  4.99777e+76 
0.165  1.61852e+72 
0.166  9.78945e+71 
0.167  4.23439e+68 
0.168  2.32312e+77 
0.169  6.27361e+75 
0.17  2.10326e+71 
0.171  6.34282e+82 
0.172  2.74101e+72 
0.173  2.82016e+78 
0.174  2.65908e+84 
0.175  4.78006e+81 
0.176  6.83191e+77 
0.177  1.35189e+76 
0.178  8.03294e+77 
0.179  2.38159e+78 
0.18  4.97473e+77 
0.181  1.75661e+99 
0.182  8.10599e+84 
0.183  2.73992e+73 
0.184  2.043e+84 
0.185  2.00669e+76 
0.186  1.83497e+81 
0.187  1.21303e+75 
0.188  1.21688e+82 
0.189  1.08397e+72 
0.19  1.58798e+76 
0.191  1.12033e+89 
0.192  1.40715e+73 
0.193  3.1447e+76 
0.194  2.95121e+69 
0.195  2.80461e+84 
0.196  1.69439e+84 
0.197  2.17597e+89 
0.198  1.86796e+80 
0.199  1.6052e+78 
0.2  1.48369e+73 
0.201  6.22161e+82 
0.202  1.35103e+83 
0.203  7.8814e+84 
0.204  4.52735e+75 
0.205  7.86212e+86 
0.206  9.35775e+78 
0.207  2.67808e+75 
0.208  7.40331e+77 
0.209  7.20192e+71 
0.21  6.40259e+81 
0.211  6.77043e+84 
0.212  1.51778e+69 
0.213  2.84966e+90 
0.214  1.29447e+73 
0.215  1.00093e+69 
0.216  4.42262e+104 
0.217  1.02286e+74 
0.218  1.20066e+74 
0.219  9.84098e+91 
0.22  1.65028e+77 
0.221  1.10378e+87 
0.222  1.31221e+82 
0.223  3.43199e+87 
0.224  2.56809e+73 
0.225  2.23061e+83 
0.226  2.64062e+75 
0.227  1.61058e+74 
0.228  2.56389e+82 
0.229  1.34845e+71 
0.23  4.42352e+81 
0.231  4.63504e+77 
0.232  1.27716e+77 
0.233  1.94214e+67 
0.234  7.57492e+101 
0.235  4.13135e+77 
0.236  2.21539e+82 
0.237  2.02113e+76 
0.238  9.81782e+76 
0.239  2.16193e+74 
0.24  1.3718e+70 
0.241  1.96752e+78 
0.242  1.42216e+88 
0.243  2.43228e+86 
0.244  1.52199e+71 
0.245  1.00231e+69 
0.246  2.49516e+72 
0.247  9.09217e+84 
0.248  3.63035e+82 
0.249  1.05931e+73 
0.25  1.05168e+74 
0.251  5.43825e+65 
0.252  8.2342e+78 
0.253  8.23734e+74 
0.254  1.54548e+81 
0.255  1.89304e+80 
0.256  3.68822e+80 
0.257  1.62315e+84 
0.258  3.72214e+82 
0.259  2.97193e+70 
0.26  4.70309e+70 
0.261  3.43627e+77 
0.262  3.93058e+75 
0.263  1.54113e+80 
0.264  2.59264e+76 
0.265  6.9753e+83 
0.266  3.3773e+82 
0.267  1.22962e+91 
0.268  1.17851e+83 
0.269  3.6213e+87 
0.27  2.63476e+73 
0.271  4.49471e+90 
0.272  9.44176e+81 
0.273  2.39873e+74 
0.274  8.19451e+82 
0.275  2.11946e+70 
0.276  5.70799e+75 
0.277  1.0701e+71 
0.278  6.48529e+77 
0.279  2.64005e+81 
0.28  1.95036e+76 
0.281  7.4683e+83 
0.282  4.81364e+73 
0.283  6.22685e+79 
0.284  9.77144e+71 
0.285  1.28319e+73 
0.286  9.61566e+73 
0.287  1.14534e+85 
0.288  4.30418e+69 
0.289  2.91685e+105 
0.29  4.79079e+76 
0.291  3.38664e+80 
0.292  8.19971e+93 
0.293  1.00532e+97 
0.294  3.81919e+70 
0.295  5.90273e+81 
0.296  1.87575e+77 
0.297  4.6888e+78 
0.298  2.17091e+86 
0.299  1.63887e+85 
0.3  1.7956e+86 
0.301  5.96377e+77 
0.302  1.85023e+69 
0.303  8.04021e+85 
0.304  5.79097e+91 
0.305  6.11264e+76 
0.306  1.4261e+70 
0.307  3.06165e+69 
0.308  4.46345e+72 
0.309  1.29583e+84 
0.31  1.5479e+66 
0.311  8.3665e+74 
0.312  1.59912e+76 
0.313  3.98692e+74 
0.314  6.93873e+72 
0.315  1.35048e+80 
0.316  1.02331e+71 
0.317  6.00584e+76 
0.318  8.94083e+72 
0.319  6.95971e+83 
0.32  1.02623e+70 
0.321  1.1608e+75 
0.322  6.78463e+85 
0.323  1.34261e+82 
0.324  3.19974e+71 
0.325  7.32632e+73 
0.326  1.23311e+70 
0.327  2.0531e+81 
0.328  1.66941e+76 
0.329  4.34227e+78 
0.33  8.46902e+77 
0.331  1.11314e+69 
0.332  2.12975e+100 
0.333  5.03824e+82 
0.334  1.49116e+89 
0.335  1.02189e+89 
0.336  3.87866e+87 
0.337  1.22873e+78 
0.338  5.53297e+88 
0.339  6.37873e+78 
0.34  1.76007e+98 
0.341  2.82659e+84 
0.342  3.24063e+71 
0.343  3.05775e+83 
0.344  2.28064e+86 
0.345  5.54711e+70 
0.346  3.50521e+83 
0.347  7.56326e+65 
0.348  3.50031e+73 
0.349  1.94708e+79 
0.35  6.43702e+89 
0.351  2.65703e+77 
0.352  1.50953e+88 
0.353  4.3849e+75 
0.354  9.96118e+80 
0.355  2.69615e+97 
0.356  1.47511e+69 
0.357  2.18688e+77 
0.358  2.19609e+86 
0.359  3.35023e+74 
0.36  1.41834e+70 
0.361  5.92895e+86 
0.362  5.52535e+81 
0.363  2.57101e+89 
0.364  2.41858e+72 
0.365  4.09528e+76 
0.366  2.76101e+68 
0.367  3.65535e+78 
0.368  7.61507e+72 
0.369  1.65056e+81 
0.37  5.74117e+81 
0.371  9.23024e+84 
0.372  4.43042e+90 
0.373  2.71193e+69 
0.374  1.76708e+73 
0.375  1.70455e+75 
0.376  1.61992e+70 
0.377  2.63101e+73 
0.378  1.3269e+73 
0.379  4.89217e+72 
0.38  2.077e+85 
0.381  8.12834e+68 
0.382  2.08215e+79 
0.383  7.61179e+80 
0.384  1.21919e+76 
0.385  4.48409e+71 
0.386  2.37747e+72 
0.387  6.30413e+76 
0.388  3.77978e+90 
0.389  2.41013e+79 
0.39  1.11333e+71 
0.391  1.92285e+75 
0.392  3.64898e+82 
0.393  1.14763e+73 
0.394  1.68342e+85 
0.395  3.5743e+77 
0.396  2.48918e+68 
0.397  2.60535e+75 
0.398  9.70461e+77 
0.399  7.96072e+69 
0.4  8.08576e+83 
0.401  3.12577e+73 
0.402  1.49834e+86 
0.403  1.31802e+75 
0.404  4.77892e+68 
0.405  1.81567e+84 
0.406  9.22972e+78 
0.407  1.65767e+70 
0.408  2.61169e+88 
0.409  1.90396e+80 
0.41  1.11519e+83 
0.411  2.20867e+76 
0.412  1.60873e+78 
0.413  3.46216e+81 
0.414  1.60232e+82 
0.415  4.79498e+74 
0.416  5.60388e+79 
0.417  1.11906e+84 
0.418  2.80196e+78 
0.419  1.38899e+81 
0.42  1.65763e+72 
0.421  2.03815e+72 
0.422  1.04159e+71 
0.423  1.07507e+70 
0.424  1.50797e+71 
0.425  1.04256e+77 
0.426  1.48612e+74 
0.427  1.75272e+80 
0.428  9.67416e+74 
0.429  1.39482e+90 
0.43  1.52305e+68 
0.431  4.73985e+80 
0.432  3.03868e+70 
0.433  2.23703e+77 
0.434  2.2162e+84 
0.435  2.91705e+74 
0.436  8.85008e+80 
0.437  1.49202e+78 
0.438  4.70669e+74 
0.439  3.41137e+74 
0.44  8.58533e+72 
0.441  1.69805e+73 
0.442  4.38923e+79 
0.443  1.64688e+65 
0.444  1.22656e+76 
0.445  4.42278e+83 
0.446  3.70561e+74 
0.447  7.40171e+77 
0.448  2.06335e+98 
0.449  1.06976e+81 
0.45  2.55119e+81 
0.451  1.42029e+81 
0.452  3.74811e+68 
0.453  3.45348e+81 
0.454  1.49093e+93 
0.455  5.67343e+75 
0.456  3.17177e+75 
0.457  5.26107e+74 
0.458  4.89899e+72 
0.459  1.94456e+80 
0.46  8.92942e+85 
0.461  2.30106e+77 
0.462  1.05523e+70 
0.463  2.37258e+81 
0.464  1.7623e+71 
0.465  1.7807e+80 
0.466  1.95739e+80 
0.467  2.40403e+87 
0.468  3.25379e+71 
0.469  3.48579e+72 
0.47  2.45506e+95 
0.471  8.03387e+76 
0.472  8.83675e+75 
0.473  1.51522e+88 
0.474  1.79236e+80 
0.475  4.004e+74 
0.476  9.45336e+82 
0.477  1.38169e+81 
0.478  3.58268e+69 
0.479  1.57223e+84 
0.48  5.95753e+77 
0.481  9.65978e+78 
0.482  2.27535e+88 
0.483  1.57332e+95 
0.484  2.23967e+77 
0.485  5.25352e+83 
0.486  1.05557e+72 
0.487  1.56906e+82 
0.488  5.06539e+99 
0.489  1.51906e+72 
0.49  3.32759e+72 
0.491  2.22247e+86 
0.492  4.92523e+93 
0.493  5.78215e+76 
0.494  3.50554e+70 
0.495  7.32982e+79 
0.496  5.35407e+72 
0.497  1.79499e+83 
0.498  5.11853e+70 
0.499  1.5601e+67 
0.5  7.31521e+83 
0.501  3.10292e+66 
0.502  5.91061e+81 
0.503  2.94878e+84 
0.504  7.16542e+98 
0.505  3.07163e+77 
0.506  4.55419e+76 
0.507  1.03276e+75 
0.508  7.32181e+94 
0.509  2.51625e+88 
0.51  2.89227e+69 
0.511  1.7319e+70 
0.512  7.9109e+73 
0.513  3.68454e+86 
0.514  1.8704e+76 
0.515  4.68007e+80 
0.516  1.97934e+75 
0.517  1.93454e+88 
0.518  9.23327e+85 
0.519  1.58035e+83 
0.52  2.33664e+79 
0.521  2.35186e+75 
0.522  2.2461e+79 
0.523  1.33004e+64 
0.524  3.89912e+73 
0.525  1.90226e+83 
0.526  8.56893e+66 
0.527  1.27774e+74 
0.528  1.07992e+91 
0.529  8.34139e+71 
0.53  1.7923e+65 
0.531  2.36624e+84 
0.532  1.00148e+82 
0.533  2.7965e+71 
0.534  1.05866e+79 
0.535  4.7445e+74 
0.536  2.01891e+76 
0.537  4.71471e+74 
0.538  9.17619e+72 
0.539  6.86285e+87 
0.54  4.45958e+86 
0.541  2.45424e+75 
0.542  3.44586e+80 
0.543  1.86282e+84 
0.544  1.88586e+77 
0.545  4.90933e+71 
0.546  1.14085e+72 
0.547  6.85821e+74 
0.548  1.63098e+89 
0.549  2.84995e+88 
0.55  3.15267e+69 
0.551  3.56253e+92 
0.552  1.33208e+82 
0.553  3.59071e+79 
0.554  1.68002e+73 
0.555  5.06749e+84 
0.556  2.27015e+91 
0.557  2.15702e+74 
0.558  7.13462e+82 
0.559  5.31869e+75 
0.56  1.42508e+83 
0.561  1.54667e+74 
0.562  3.15099e+73 
0.563  2.34328e+90 
0.564  4.40646e+88 
0.565  9.05752e+72 
0.566  2.88812e+86 
0.567  1.83938e+81 
0.568  7.04618e+69 
0.569  1.47729e+69 
0.57  1.40597e+76 
0.571  3.75939e+72 
0.572  4.42612e+71 
0.573  1.21631e+80 
0.574  1.10079e+82 
0.575  7.41225e+77 
0.576  9.8889e+81 
0.577  7.10446e+88 
0.578  1.27689e+78 
0.579  3.40932e+73 
0.58  2.91499e+75 
0.581  2.73354e+77 
0.582  4.11448e+73 
0.583  5.95366e+73 
0.584  1.86156e+75 
0.585  2.12834e+76 
0.586  4.51085e+85 
0.587  1.10832e+82 
0.588  2.41844e+74 
0.589  1.16175e+74 
0.59  4.66908e+75 
0.591  2.40502e+85 
0.592  1.1202e+74 
0.593  1.31749e+74 
0.594  2.88179e+90 
0.595  3.17034e+74 
0.596  3.52806e+64 
0.597  2.02029e+107 
0.598  2.23826e+81 
0.599  1.42689e+72 
0.6  7.2407e+91 
0.601  1.7754e+80 
0.602  1.74717e+78 
0.603  6.35454e+69 
0.604  4.94489e+74 
0.605  4.98496e+71 
0.606  1.50306e+80 
0.607  1.30739e+76 
0.608  2.63806e+69 
0.609  7.54612e+76 
0.61  5.03264e+78 
0.611  1.36729e+79 
0.612  3.26846e+77 
0.613  5.78109e+81 
0.614  7.72457e+74 
0.615  2.39677e+79 
0.616  1.76661e+73 
0.617  3.51282e+72 
0.618  1.9264e+75 
0.619  3.38782e+80 
0.62  5.59984e+80 
0.621  5.1263e+68 
0.622  9.26656e+65 
0.623  5.5855e+81 
0.624  2.59779e+88 
0.625  2.11172e+85 
0.626  3.37757e+85 
0.627  2.46113e+72 
0.628  2.02504e+80 
0.629  1.13508e+73 
0.63  6.45107e+74 
0.631  2.90138e+79 
0.632  1.20205e+79 
0.633  2.68378e+74 
0.634  2.18196e+80 
0.635  6.71892e+98 
0.636  4.35697e+80 
0.637  1.20949e+70 
0.638  8.55047e+83 
0.639  4.08649e+83 
0.64  4.39169e+89 
0.641  1.07198e+68 
0.642  3.55086e+82 
0.643  8.38598e+79 
0.644  8.7148e+72 
0.645  3.10949e+82 
0.646  3.58474e+72 
0.647  1.07731e+77 
0.648  1.42397e+79 
0.649  1.31921e+91 
0.65  3.00954e+84 
0.651  6.98157e+74 
0.652  4.32191e+82 
0.653  5.69262e+83 
0.654  3.70519e+86 
0.655  3.85683e+72 
0.656  3.45676e+82 
0.657  2.92995e+79 
0.658  2.77384e+87 
0.659  1.71353e+85 
0.66  3.19678e+70 
0.661  3.01909e+84 
0.662  9.05657e+74 
0.663  3.71439e+70 
0.664  1.03318e+91 
0.665  6.79401e+76 
0.666  3.41039e+90 
0.667  4.32703e+89 
0.668  2.8521e+74 
0.669  2.49196e+93 
0.67  8.73625e+74 
0.671  1.26027e+88 
0.672  1.94333e+77 
0.673  2.40233e+75 
0.674  3.70655e+88 
0.675  1.19965e+75 
0.676  1.20799e+70 
0.677  3.43262e+78 
0.678  1.52508e+90 
0.679  1.58591e+78 
0.68  2.36268e+80 
0.681  2.12696e+71 
0.682  4.2128e+71 
0.683  1.98772e+82 
0.684  1.15793e+85 
0.685  3.54754e+70 
0.686  1.12829e+86 
0.687  8.38253e+72 
0.688  7.50966e+75 
0.689  2.35844e+81 
0.69  3.33835e+73 
0.691  1.88847e+75 
0.692  4.58623e+85 
0.693  5.62476e+85 
0.694  8.58147e+74 
0.695  1.94108e+73 
0.696  1.25621e+84 
0.697  1.98972e+77 
0.698  1.29372e+82 
0.699  2.12081e+70 
0.7  7.89575e+76 
0.701  4.11061e+73 
0.702  2.57726e+73 
0.703  1.42313e+97 
0.704  6.18551e+90 
0.705  1.85229e+83 
0.706  7.93701e+76 
0.707  4.46677e+81 
0.708  7.93308e+74 
0.709  1.39325e+82 
0.71  1.67006e+90 
0.711  2.54183e+79 
0.712  2.45705e+70 
0.713  1.66977e+80 
0.714  2.72813e+88 
0.715  4.35722e+84 
0.716  4.14703e+78 
0.717  6.73026e+82 
0.718  2.91037e+76 
0.719  1.39954e+78 
0.72  1.40581e+72 
0.721  6.0312e+69 
0.722  5.9628e+69 
0.723  7.46956e+68 
0.724  3.79709e+91 
0.725  1.40954e+77 
0.726  1.14897e+75 
0.727  2.63483e+82 
0.728  7.11976e+74 
0.729  2.18798e+72 
0.73  5.64456e+80 
0.731  1.06233e+72 
0.732  1.46028e+88 
0.733  1.54798e+84 
0.734  2.40956e+89 
0.735  9.71793e+81 
0.736  1.84714e+72 
0.737  1.25923e+84 
0.738  1.16947e+67 
0.739  1.03554e+78 
0.74  1.39009e+79 
0.741  6.79603e+84 
0.742  1.65807e+76 
0.743  1.03984e+80 
0.744  1.61531e+89 
0.745  6.36851e+87 
0.746  3.18945e+78 
0.747  2.39916e+83 
0.748  3.12648e+77 
0.749  3.46903e+73 
0.75  3.46138e+74 
0.751  1.71935e+70 
0.752  1.71196e+74 
0.753  6.36699e+73 
0.754  1.1324e+80 
0.755  1.92313e+78 
0.756  5.63809e+68 
0.757  7.93613e+71 
0.758  3.43677e+88 
0.759  8.62446e+78 
0.76  3.18523e+74 
0.761  1.25495e+84 
0.762  6.05166e+74 
0.763  9.82326e+72 
0.764  8.54526e+73 
0.765  1.49297e+87 
0.766  3.53501e+71 
0.767  3.25026e+74 
0.768  4.15325e+77 
0.769  2.25926e+82 
0.77  5.10511e+78 
0.771  2.75808e+69 
0.772  1.1097e+70 
0.773  5.13292e+70 
0.774  4.34608e+78 
0.775  1.30967e+91 
0.776  2.48748e+85 
0.777  6.43432e+68 
0.778  2.42963e+70 
0.779  2.17461e+81 
0.78  6.39872e+67 
0.781  2.21861e+76 
0.782  1.37216e+72 
0.783  7.78783e+86 
0.784  6.1663e+69 
0.785  3.68233e+83 
0.786  2.08947e+78 
0.787  4.78554e+81 
0.788  1.11709e+75 
0.789  1.19924e+71 
0.79  7.22803e+71 
0.791  8.38255e+73 
0.792  1.31339e+89 
0.793  7.53696e+76 
0.794  5.85687e+80 
0.795  3.37351e+81 
0.796  1.04236e+86 
0.797  3.62795e+77 
0.798  3.53345e+70 
0.799  1.04948e+90 
0.8  2.27653e+75 
0.801  9.66031e+82 
0.802  1.44807e+73 
0.803  2.78011e+75 
0.804  6.92105e+87 
0.805  5.33455e+83 
0.806  7.96517e+77 
0.807  1.67693e+76 
0.808  2.76657e+73 
0.809  1.73479e+78 
0.81  2.45143e+80 
0.811  8.65085e+77 
0.812  9.39014e+79 
0.813  3.9882e+82 
0.814  8.02799e+83 
0.815  5.55101e+80 
0.816  2.30175e+79 
0.817  6.85104e+76 
0.818  1.81399e+74 
0.819  6.15129e+75 
0.82  2.27994e+80 
0.821  1.25357e+75 
0.822  4.86339e+81 
0.823  5.11067e+78 
0.824  3.12668e+87 
0.825  9.83329e+84 
0.826  1.62948e+77 
0.827  4.03074e+81 
0.828  2.76864e+87 
0.829  7.51714e+81 
0.83  7.49761e+79 
0.831  2.66082e+78 
0.832  7.56608e+71 
0.833  2.54486e+83 
0.834  5.96127e+71 
0.835  4.48103e+79 
0.836  5.25018e+84 
0.837  1.27794e+66 
0.838  2.14432e+69 
0.839  5.72355e+88 
0.84  7.21491e+66 
0.841  9.76094e+74 
0.842  2.22203e+91 
0.843  4.86934e+70 
0.844  3.29972e+74 
0.845  3.49263e+90 
0.846  1.06723e+76 
0.847  1.04931e+76 
0.848  1.37417e+82 
0.849  6.58448e+84 
0.85  4.55832e+93 
0.851  3.6491e+79 
0.852  3.72161e+78 
0.853  3.3036e+82 
0.854  2.64204e+88 
0.855  1.98912e+85 
0.856  2.11737e+79 
0.857  3.66051e+73 
0.858  1.21918e+67 
0.859  2.41248e+74 
0.86  1.50469e+82 
0.861  1.80307e+79 
0.862  2.70735e+80 
0.863  5.92436e+70 
0.864  4.07499e+80 
0.865  4.31359e+77 
0.866  1.2507e+79 
0.867  2.67831e+77 
0.868  6.35034e+84 
0.869  3.52628e+73 
0.87  2.797e+83 
0.871  3.60339e+86 
0.872  2.27242e+83 
0.873  3.98033e+88 
0.874  1.94331e+67 
0.875  7.57326e+70 
0.876  1.89111e+87 
0.877  1.79395e+74 
0.878  4.56493e+75 
0.879  7.76494e+77 
0.88  2.73849e+94 
0.881  1.52309e+92 
0.882  3.34378e+85 
0.883  2.03522e+74 
0.884  1.02363e+75 
0.885  2.7159e+73 
0.886  4.15303e+82 
0.887  3.36709e+85 
0.888  3.0644e+85 
0.889  5.40762e+86 
0.89  1.71989e+79 
0.891  3.36477e+108 
0.892  1.77866e+81 
0.893  6.60373e+76 
0.894  2.45677e+99 
0.895  2.39168e+83 
0.896  7.8155e+72 
0.897  1.04856e+80 
0.898  6.30204e+92 
0.899  1.18063e+82 
0.9  2.22898e+77 
0.901  2.38888e+79 
0.902  1.47146e+71 
0.903  4.74597e+79 
0.904  3.19113e+71 
0.905  1.55536e+72 
0.906  7.87792e+80 
0.907  7.51976e+75 
0.908  2.03724e+86 
0.909  1.32748e+85 
0.91  2.03309e+77 
0.911  4.23515e+77 
0.912  5.16665e+82 
0.913  6.48308e+77 
0.914  4.87468e+82 
0.915  1.19337e+74 
0.916  9.61458e+73 
0.917  2.69978e+83 
0.918  2.99428e+85 
0.919  1.35419e+100 
0.92  7.67201e+72 
0.921  6.85574e+76 
0.922  5.34602e+84 
0.923  3.43443e+75 
0.924  6.87696e+85 
0.925  2.20734e+74 
0.926  1.09489e+81 
0.927  1.24381e+72 
0.928  1.14681e+73 
0.929  8.63599e+77 
0.93  4.74624e+86 
0.931  4.98641e+76 
0.932  1.06252e+75 
0.933  1.56621e+89 
0.934  9.20786e+94 
0.935  4.42053e+82 
0.936  2.33996e+74 
0.937  3.38939e+75 
0.938  7.90526e+75 
0.939  7.85073e+76 
0.94  1.8677e+76 
0.941  7.69872e+70 
0.942  1.94443e+87 
0.943  3.65266e+97 
0.944  2.4447e+79 
0.945  1.5588e+78 
0.946  2.83065e+89 
0.947  9.17633e+84 
0.948  4.5351e+73 
0.949  7.80723e+91 
0.95  4.05691e+76 
0.951  2.72648e+79 
0.952  4.19515e+82 
0.953  2.32722e+93 
0.954  1.7216e+83 
0.955  2.33348e+76 
0.956  2.83483e+80 
0.957  3.23074e+80 
0.958  4.11893e+78 
0.959  7.80721e+80 
0.96  1.69899e+72 
0.961  4.58591e+94 
0.962  1.02856e+77 
0.963  8.58299e+80 
0.964  2.2475e+90 
0.965  7.19743e+85 
0.966  1.01845e+82 
0.967  3.26219e+74 
0.968  1.02238e+73 
0.969  1.66706e+79 
0.97  1.58694e+89 
0.971  8.7551e+83 
0.972  2.96483e+81 
0.973  2.60528e+69 
0.974  6.03418e+78 
0.975  1.6525e+77 
0.976  1.66894e+90 
0.977  1.48625e+78 
0.978  1.03134e+79 
0.979  1.86085e+73 
0.98  3.77911e+90 
0.981  7.09929e+68 
0.982  1.92276e+83 
0.983  1.85338e+83 
0.984  1.28885e+76 
0.985  1.71644e+73 
0.986  5.34884e+79 
0.987  1.36259e+72 
0.988  1.104e+75 
0.989  1.13248e+84 
0.99  3.78854e+71 
0.991  2.54303e+87 
0.992  7.83381e+102 
0.993  6.14406e+73 
0.994  4.31626e+82 
0.995  4.91434e+86 
0.996  9.78231e+87 
0.997  1.59976e+79 
0.998  1.19541e+72 
0.999  9.98482e+72 
1  6.1207e+85 
1.001  2.06157e+79 
1.002  2.99591e+91 
1.003  1.51135e+74 
1.004  2.03373e+71 
1.005  2.15024e+84 
1.006  5.59508e+87 
1.007  4.09633e+82 
1.008  2.48312e+85 
1.009  7.42171e+76 
1.01  3.16755e+81 
1.011  1.48669e+74 
1.012  3.49009e+77 
1.013  2.4266e+76 
1.014  6.7604e+82 
1.015  1.02196e+83 
1.016  2.23221e+85 
1.017  2.79348e+78 
1.018  5.81712e+73 
1.019  2.37658e+94 
1.02  3.12786e+81 
1.021  2.71363e+87 
1.022  4.90279e+75 
1.023  4.89481e+92 
1.024  2.49779e+78 
1.025  1.69156e+72 
1.026  7.33992e+88 
1.027  1.00585e+84 
1.028  9.86201e+74 
1.029  2.53039e+87 
1.03  6.14445e+81 
1.031  3.93912e+72 
1.032  1.82615e+76 
1.033  1.72316e+76 
1.034  5.94238e+77 
1.035  1.10148e+91 
1.036  7.39811e+73 
1.037  8.9498e+93 
1.038  2.96864e+110 
1.039  1.61102e+75 
1.04  3.07026e+83 
1.041  3.06067e+78 
1.042  4.34052e+76 
1.043  2.54087e+83 
1.044  1.10273e+77 
1.045  8.01832e+84 
1.046  6.80871e+85 
1.047  4.62642e+83 
1.048  1.10902e+73 
1.049  5.06707e+95 
1.05  7.13419e+81 
1.051  3.53582e+72 
1.052  4.12151e+84 
1.053  3.72059e+71 
1.054  2.53203e+76 
1.055  1.12914e+83 
1.056  9.05677e+79 
1.057  4.95829e+89 
1.058  2.0759e+84 
1.059  2.71971e+69 
1.06  3.83194e+71 
1.061  8.88598e+74 
1.062  1.94261e+72 
1.063  5.29991e+77 
1.064  7.46057e+78 
1.065  5.03094e+86 
1.066  2.69324e+80 
1.067  1.30252e+81 
1.068  3.84236e+84 
1.069  7.37903e+74 
1.07  2.488e+85 
1.071  8.31005e+75 
1.072  3.80532e+75 
1.073  1.68603e+87 
1.074  3.60491e+75 
1.075  1.81107e+87 
1.076  1.89139e+102 
1.077  9.52983e+74 
1.078  4.10142e+78 
1.079  2.39627e+75 
1.08  1.66276e+77 
1.081  2.64476e+78 
1.082  8.6617e+93 
1.083  8.72939e+80 
1.084  2.22749e+70 
1.085  3.59982e+72 
1.086  3.27762e+96 
1.087  4.07572e+93 
1.088  3.80665e+94 
1.089  3.92491e+82 
1.09  1.23356e+79 
1.091  7.18138e+83 
1.092  3.17036e+89 
1.093  1.28338e+85 
1.094  5.69413e+100 
1.095  3.78881e+81 
1.096  1.21912e+113 
1.097  2.05758e+89 
1.098  4.2125e+78 
1.099  6.38176e+81 
1.1  4.38711e+79 
1.101  5.38069e+85 
1.102  6.58101e+88 
1.103  8.82451e+83 
1.104  1.49404e+90 
1.105  5.42543e+77 
1.106  1.07546e+81 
1.107  5.47812e+82 
1.108  1.42876e+81 
1.109  1.29116e+78 
1.11  2.56486e+80 
1.111  3.64206e+77 
1.112  3.93474e+91 
1.113  3.72078e+84 
1.114  3.34222e+74 
1.115  1.24253e+76 
1.116  1.11891e+95 
1.117  2.57454e+74 
1.118  2.16842e+72 
1.119  1.54429e+78 
1.12  2.88793e+78 
1.121  9.05427e+102 
1.122  3.21407e+79 
1.123  1.34138e+78 
1.124  1.06982e+84 
1.125  1.79786e+86 
1.126  1.04178e+85 
1.127  4.47523e+79 
1.128  1.55709e+73 
1.129  4.18294e+71 
1.13  2.36719e+86 
1.131  2.75888e+75 
1.132  1.4673e+75 
1.133  5.32525e+85 
1.134  5.60167e+77 
1.135  2.31683e+80 
1.136  9.40541e+90 
1.137  9.5281e+85 
1.138  3.07886e+74 
1.139  1.03019e+78 
1.14  8.38663e+76 
1.141  2.37607e+96 
1.142  3.50297e+72 
1.143  2.27761e+90 
1.144  9.14526e+83 
1.145  5.55559e+83 
1.146  1.86772e+90 
1.147  1.33476e+71 
1.148  7.49363e+87 
1.149  3.29495e+90 
1.15  2.0636e+94 
1.151  7.3233e+98 
1.152  1.34114e+92 
1.153  8.63613e+90 
1.154  4.28807e+78 
1.155  3.39859e+80 
1.156  3.07204e+84 
1.157  2.76687e+89 
1.158  1.84369e+92 
1.159  1.92637e+82 
1.16  1.82098e+94 
1.161  7.31787e+93 
1.162  8.64466e+74 
1.163  1.20811e+79 
1.164  3.00142e+79 
1.165  1.60018e+78 
1.166  9.96827e+71 
1.167  3.12574e+79 
1.168  1.05518e+77 
1.169  1.50891e+75 
1.17  3.48135e+78 
1.171  3.72462e+77 
1.172  6.10939e+81 
1.173  2.14978e+81 
1.174  4.86365e+86 
1.175  1.50218e+88 
1.176  3.07489e+84 
1.177  2.00486e+78 
1.178  1.12978e+82 
1.179  1.83525e+72 
1.18  9.70635e+96 
1.181  3.12146e+89 
1.182  2.51336e+93 
1.183  4.05088e+79 
1.184  2.53332e+77 
1.185  8.21963e+85 
1.186  2.51845e+83 
1.187  1.03789e+81 
1.188  2.38079e+86 
1.189  4.82532e+93 
1.19  1.85794e+85 
1.191  5.22987e+80 
1.192  2.27601e+79 
1.193  8.29134e+82 
1.194  5.15474e+80 
1.195  2.21928e+79 
1.196  6.52022e+79 
1.197  1.3858e+105 
1.198  1.58292e+93 
1.199  3.30835e+72 
1.2  5.60332e+77 
1.201  2.98046e+80 
1.202  1.22292e+90 
1.203  1.50628e+88 
1.204  4.18432e+88 
1.205  5.44061e+73 
1.206  2.6277e+85 
1.207  5.45428e+92 
1.208  2.97261e+87 
1.209  1.08335e+81 
1.21  4.38154e+84 
1.211  1.82545e+94 
1.212  6.53317e+77 
1.213  4.82292e+82 
1.214  2.79197e+89 
1.215  3.09065e+80 
1.216  2.51147e+81 
1.217  2.43621e+73 
1.218  4.94817e+76 
1.219  1.11688e+94 
1.22  3.13934e+77 
1.221  1.13583e+74 
1.222  3.51758e+108 
1.223  4.51774e+83 
1.224  2.4117e+82 
1.225  2.92802e+77 
1.226  1.99368e+96 
1.227  6.86242e+73 
1.228  1.53115e+89 
1.229  1.20954e+87 
1.23  2.34119e+80 
1.231  1.48311e+82 
1.232  1.03803e+77 
1.233  2.9088e+83 
1.234  7.22072e+82 
1.235  8.21895e+77 
1.236  9.22231e+81 
1.237  1.23842e+90 
1.238  8.42976e+88 
1.239  3.64872e+77 
1.24  6.96967e+76 
1.241  2.46608e+83 
1.242  1.19625e+80 
1.243  2.35324e+84 
1.244  3.17604e+86 
1.245  2.19018e+86 
1.246  3.97598e+79 
1.247  1.7177e+80 
1.248  3.30311e+76 
1.249  3.68528e+74 
1.25  3.7485e+86 
1.251  4.82542e+84 
1.252  1.86755e+83 
1.253  3.87862e+87 
1.254  5.49896e+80 
1.255  3.00811e+93 
1.256  4.23554e+76 
1.257  8.4552e+82 
1.258  9.97196e+85 
1.259  2.04472e+86 
1.26  2.45213e+93 
1.261  5.06906e+81 
1.262  6.16072e+84 
1.263  6.98799e+82 
1.264  3.15599e+88 
1.265  6.56056e+89 
1.266  1.4699e+88 
1.267  1.37159e+82 
1.268  1.11716e+92 
1.269  2.12984e+78 
1.27  2.42592e+74 
1.271  9.83492e+79 
1.272  2.90466e+76 
1.273  2.82553e+72 
1.274  3.16757e+78 
1.275  1.95458e+85 
1.276  3.06751e+98 
1.277  1.598e+82 
1.278  4.70645e+78 
1.279  1.79126e+81 
1.28  4.69276e+72 
1.281  1.64639e+80 
1.282  5.94253e+94 
1.283  1.96493e+79 
1.284  7.20601e+77 
1.285  6.72218e+71 
1.286  7.20116e+68 
1.287  7.41055e+74 
1.288  4.89666e+74 
1.289  1.8513e+95 
1.29  1.93791e+83 
1.291  5.76852e+83 
1.292  1.90901e+97 
1.293  3.5905e+77 
1.294  5.88939e+88 
1.295  2.66308e+78 
1.296  4.1327e+72 
1.297  5.10209e+80 
1.298  3.69828e+79 
1.299  3.82611e+77 
1.3  1.49468e+86 
1.301  7.21798e+73 
1.302  8.19314e+72 
1.303  1.83354e+81 
1.304  2.27638e+79 
1.305  1.37779e+84 
1.306  3.15373e+102 
1.307  5.74694e+79 
1.308  3.41467e+91 
1.309  1.6118e+75 
1.31  5.77741e+86 
1.311  1.21484e+89 
1.312  4.78293e+78 
1.313  1.15684e+76 
1.314  2.39646e+71 
1.315  1.18943e+88 
1.316  4.38295e+74 
1.317  3.40152e+82 
1.318  2.76511e+101 
1.319  1.34364e+83 
1.32  9.39752e+85 
1.321  2.01918e+78 
1.322  2.37585e+67 
1.323  3.75862e+99 
1.324  7.38529e+85 
1.325  4.76104e+80 
1.326  3.46653e+102 
1.327  8.91194e+80 
1.328  1.78357e+70 
1.329  1.77703e+79 
1.33  2.18186e+80 
1.331  2.48803e+73 
1.332  1.42565e+77 
1.333  6.48231e+80 
1.334  7.40888e+79 
1.335  2.2073e+79 
1.336  1.16621e+81 
1.337  9.05548e+91 
1.338  1.24975e+79 
1.339  3.37968e+81 
1.34  7.82606e+81 
1.341  6.79982e+85 
1.342  2.01984e+86 
1.343  2.2433e+74 
1.344  4.42969e+73 
1.345  1.34844e+83 
1.346  4.66472e+82 
1.347  1.37647e+87 
1.348  9.14291e+78 
1.349  1.59326e+83 
1.35  4.46321e+88 
1.351  5.04923e+77 
1.352  8.88929e+79 
1.353  1.203e+77 
1.354  2.95859e+87 
1.355  9.18256e+73 
1.356  7.4561e+79 
1.357  7.39775e+77 
1.358  1.29004e+84 
1.359  2.50824e+87 
1.36  1.56211e+85 
1.361  5.17589e+81 
1.362  4.58652e+87 
1.363  9.62766e+79 
1.364  1.94437e+84 
1.365  8.93117e+76 
1.366  1.94455e+96 
1.367  1.16508e+78 
1.368  2.61155e+77 
1.369  1.18473e+82 
1.37  7.06385e+82 
1.371  1.61934e+78 
1.372  3.87614e+86 
1.373  1.51036e+74 
1.374  3.00949e+105 
1.375  3.46533e+81 
1.376  1.20002e+86 
1.377  2.68405e+88 
1.378  1.50212e+76 
1.379  5.55949e+79 
1.38  5.14459e+73 
1.381  8.2727e+73 
1.382  7.57848e+72 
1.383  3.15203e+82 
1.384  2.04309e+83 
1.385  8.11409e+79 
1.386  1.1596e+75 
1.387  8.23214e+75 
1.388  7.06441e+70 
1.389  8.65315e+71 
1.39  7.74959e+86 
1.391  2.26067e+75 
1.392  7.07798e+72 
1.393  7.35549e+77 
1.394  1.13845e+87 
1.395  1.37589e+75 
1.396  2.12609e+81 
1.397  4.39741e+88 
1.398  6.57418e+84 
1.399  6.20419e+89 
1.4  8.43788e+92 
1.401  2.17389e+81 
1.402  8.39544e+73 
1.403  7.41819e+92 
1.404  4.32963e+82 
1.405  1.5905e+81 
1.406  4.15972e+85 
1.407  2.00818e+78 
1.408  2.21302e+108 
1.409  3.00871e+87 
1.41  4.27967e+83 
1.411  5.01941e+91 
1.412  1.30958e+72 
1.413  1.03714e+75 
1.414  4.66328e+72 
1.415  6.39422e+77 
1.416  5.43047e+74 
1.417  5.58835e+74 
1.418  3.85903e+79 
1.419  1.48893e+90 
1.42  8.94626e+74 
1.421  2.16979e+77 
1.422  2.29384e+88 
1.423  1.34042e+84 
1.424  1.97578e+82 
1.425  5.93127e+75 
1.426  7.08872e+76 
1.427  3.651e+92 
1.428  2.21846e+89 
1.429  5.53893e+81 
1.43  3.07508e+80 
1.431  1.29643e+80 
1.432  1.30823e+78 
1.433  1.58754e+75 
1.434  4.38891e+85 
1.435  2.19277e+81 
1.436  5.1669e+70 
1.437  1.59549e+96 
1.438  3.09431e+78 
1.439  4.76645e+74 
1.44  9.37727e+80 
1.441  1.34966e+80 
1.442  6.0369e+82 
1.443  4.87305e+75 
1.444  1.06185e+77 
1.445  1.50533e+80 
1.446  4.45709e+84 
1.447  2.34148e+71 
1.448  2.32905e+79 
1.449  1.45663e+82 
1.45  5.52249e+85 
1.451  2.48143e+79 
1.452  6.58711e+72 
1.453  1.84095e+74 
1.454  2.77116e+74 
1.455  3.71399e+81 
1.456  1.57618e+90 
1.457  2.06592e+68 
1.458  1.40801e+69 
1.459  3.88758e+71 
1.46  6.24716e+79 
1.461  5.85405e+92 
1.462  3.49518e+72 
1.463  8.49427e+73 
1.464  2.89652e+74 
1.465  3.17808e+80 
1.466  1.10801e+77 
1.467  2.52431e+96 
1.468  1.87874e+73 
1.469  3.49633e+76 
1.47  4.92264e+80 
1.471  4.26856e+78 
1.472  4.00307e+86 
1.473  2.30996e+73 
1.474  1.79076e+80 
1.475  1.47557e+87 
1.476  7.76159e+72 
1.477  1.00266e+80 
1.478  1.51996e+78 
1.479  1.25267e+75 
1.48  2.70882e+79 
1.481  1.77099e+80 
1.482  8.89958e+90 
1.483  5.10351e+70 
1.484  9.65289e+71 
1.485  2.63068e+75 
1.486  1.75196e+88 
1.487  8.07634e+70 
1.488  1.11112e+79 
1.489  8.17551e+71 
1.49  6.73052e+74 
1.491  8.0011e+77 
1.492  3.45752e+84 
1.493  6.1721e+88 
1.494  7.31386e+76 
1.495  1.54274e+85 
1.496  9.27795e+74 
1.497  5.11183e+70 
1.498  8.85602e+76 
1.499  2.50075e+84 
1.5  6.1421e+76 
1.501  3.37307e+74 
1.502  5.16013e+78 
1.503  4.62415e+71 
1.504  5.08545e+92 
1.505  1.67296e+78 
1.506  4.59334e+82 
1.507  6.90095e+81 
1.508  2.21088e+70 
1.509  6.95255e+85 
1.51  7.0758e+82 
1.511  2.84598e+69 
1.512  2.99393e+79 
1.513  1.03175e+76 
1.514  3.23053e+90 
1.515  2.09162e+84 
1.516  6.81146e+74 
1.517  7.85646e+95 
1.518  1.77208e+83 
1.519  3.15516e+69 
1.52  1.70542e+83 
1.521  7.44627e+70 
1.522  5.81881e+87 
1.523  9.48997e+75 
1.524  1.83843e+79 
1.525  8.47068e+87 
1.526  2.3962e+76 
1.527  7.35612e+95 
1.528  1.19261e+73 
1.529  1.49431e+68 
1.53  2.28419e+68 
1.531  1.44413e+70 
1.532  1.22821e+73 
1.533  2.10401e+63 
1.534  9.66156e+84 
1.535  7.31262e+74 
1.536  3.12241e+83 
1.537  2.45411e+80 
1.538  1.91259e+83 
1.539  5.41096e+80 
1.54  3.96632e+77 
1.541  6.50342e+70 
1.542  9.05508e+68 
1.543  1.74018e+86 
1.544  1.17028e+79 
1.545  8.43057e+80 
1.546  5.28841e+83 
1.547  4.9179e+72 
1.548  2.62649e+72 
1.549  2.41872e+75 
1.55  1.19503e+86 
1.551  9.03696e+67 
1.552  2.61881e+85 
1.553  2.00185e+67 
1.554  8.90552e+80 
1.555  3.71956e+78 
1.556  1.46717e+78 
1.557  6.93189e+67 
1.558  1.20498e+78 
1.559  1.43926e+77 
1.56  5.37242e+85 
1.561  3.79435e+76 
1.562  1.20968e+75 
1.563  7.5456e+68 
1.564  2.01514e+70 
1.565  4.17996e+76 
1.566  2.08173e+84 
1.567  6.06594e+79 
1.568  6.87483e+91 
1.569  1.4037e+72 
1.57  9.15067e+91 
1.571  3.39829e+76 
1.572  9.14293e+69 
1.573  3.25194e+82 
1.574  6.04577e+87 
1.575  1.91752e+75 
1.576  6.75969e+72 
1.577  1.13605e+88 
1.578  7.65163e+78 
1.579  1.68914e+88 
1.58  5.21241e+66 
1.581  6.8562e+77 
1.582  5.86263e+78 
1.583  3.02657e+95 
1.584  7.86904e+67 
1.585  9.38666e+79 
1.586  1.71459e+80 
1.587  1.47096e+74 
1.588  5.10148e+95 
1.589  2.12704e+71 
1.59  2.70987e+75 
1.591  5.1769e+73 
1.592  8.21634e+72 
1.593  7.03529e+71 
1.594  2.71044e+83 
1.595  2.25097e+80 
1.596  3.5114e+80 
1.597  3.71748e+71 
1.598  5.15051e+73 
1.599  4.97811e+90 
1.6  1.05556e+81 
1.601  2.16736e+80 
1.602  5.07317e+88 
1.603  4.10042e+87 
1.604  5.05438e+98 
1.605  8.39389e+83 
1.606  2.64737e+68 
1.607  6.82183e+76 
1.608  1.36341e+72 
1.609  5.82019e+70 
1.61  1.78655e+76 
1.611  1.11767e+120 
1.612  5.47032e+65 
1.613  8.90417e+71 
1.614  1.08071e+72 
1.615  2.26711e+100 
1.616  4.03287e+70 
1.617  3.08146e+67 
1.618  7.30336e+73 
1.619  5.58517e+74 
1.62  4.93964e+74 
1.621  1.33863e+74 
1.622  5.71634e+73 
1.623  2.25377e+72 
1.624  8.52199e+68 
1.625  7.89328e+68 
1.626  4.62686e+77 
1.627  5.40653e+70 
1.628  2.62712e+71 
1.629  1.19168e+97 
1.63  3.58203e+79 
1.631  3.57898e+74 
1.632  3.60719e+76 
1.633  3.42366e+76 
1.634  3.12564e+77 
1.635  8.9512e+68 
1.636  1.27581e+72 
1.637  3.38478e+90 
1.638  1.99503e+69 
1.639  9.14056e+85 
1.64  5.57671e+72 
1.641  3.77346e+67 
1.642  1.33012e+102 
1.643  3.85437e+73 
1.644  1.05447e+85 
1.645  1.46407e+76 
1.646  9.32289e+79 
1.647  8.99341e+69 
1.648  1.13106e+84 
1.649  1.68933e+76 
1.65  7.5856e+71 
1.651  9.6064e+75 
1.652  9.6127e+76 
1.653  8.55467e+79 
1.654  7.01752e+80 
1.655  1.58549e+78 
1.656  4.11842e+75 
1.657  7.90729e+89 
1.658  1.35538e+72 
1.659  1.054e+87 
1.66  6.67323e+72 
1.661  8.29991e+85 
1.662  4.55519e+74 
1.663  2.20184e+71 
1.664  8.54802e+72 
1.665  3.06243e+69 
1.666  3.34907e+73 
1.667  2.22356e+79 
1.668  2.62924e+70 
1.669  8.6742e+81 
1.67  2.5197e+74 
1.671  9.61791e+76 
1.672  1.87873e+66 
1.673  2.85402e+73 
1.674  1.28764e+75 
1.675  2.23521e+69 
1.676  1.76178e+91 
1.677  1.22516e+77 
1.678  2.29212e+75 
1.679  2.82216e+76 
1.68  7.12543e+66 
1.681  2.21531e+87 
1.682  3.68265e+75 
1.683  5.32414e+68 
1.684  3.73965e+78 
1.685  5.00009e+72 
1.686  4.2629e+76 
1.687  3.83884e+84 
1.688  2.80882e+86 
1.689  1.17612e+81 
1.69  2.38798e+99 
1.691  1.0376e+88 
1.692  2.21475e+81 
1.693  5.97328e+90 
1.694  1.76664e+78 
1.695  1.90562e+71 
1.696  2.02831e+90 
1.697  3.79437e+70 
1.698  7.31559e+71 
1.699  6.36844e+71 
1.7  6.91999e+72 
1.701  2.0922e+71 
1.702  8.52246e+78 
1.703  2.588e+73 
1.704  4.3144e+75 
1.705  1.53958e+70 
1.706  1.75962e+78 
1.707  3.1363e+72 
1.708  6.26734e+67 
1.709  1.29852e+85 
1.71  1.06014e+74 
1.711  6.69021e+68 
1.712  1.24881e+75 
1.713  3.92843e+92 
1.714  3.14548e+77 
1.715  9.14816e+93 
1.716  3.08909e+79 
1.717  7.18462e+75 
1.718  6.20271e+82 
1.719  2.44334e+74 
1.72  7.85885e+87 
1.721  1.68328e+79 
1.722  1.30243e+75 
1.723  4.35071e+78 
1.724  3.94621e+73 
1.725  2.18087e+74 
1.726  2.74396e+71 
1.727  1.90245e+71 
1.728  1.82491e+77 
1.729  7.2279e+72 
1.73  4.48624e+69 
1.731  2.42867e+76 
1.732  1.13072e+74 
1.733  5.03994e+73 
1.734  4.253e+66 
1.735  1.17734e+76 
1.736  1.75942e+83 
1.737  6.41849e+81 
1.738  6.09034e+80 
1.739  8.62542e+77 
1.74  2.32151e+70 
1.741  7.96513e+74 
1.742  2.94101e+71 
1.743  9.45567e+74 
1.744  1.91296e+75 
1.745  6.70141e+75 
1.746  5.73647e+64 
1.747  2.13321e+72 
1.748  1.5078e+70 
1.749  1.8497e+72 
1.75  2.13942e+82 
1.751  1.09152e+74 
1.752  5.67301e+68 
1.753  8.48956e+82 
1.754  2.5023e+71 
1.755  5.85055e+79 
1.756  2.94661e+68 
1.757  3.83914e+70 
1.758  7.64888e+79 
1.759  1.44124e+69 
1.76  2.87893e+77 
1.761  5.64709e+85 
1.762  6.28341e+76 
1.763  3.33652e+72 
1.764  2.71273e+77 
1.765  1.2596e+91 
1.766  5.32071e+74 
1.767  4.64655e+73 
1.768  3.81531e+69 
1.769  1.18672e+80 
1.77  8.90702e+67 
1.771  1.88694e+71 
1.772  9.29358e+65 
1.773  9.24743e+73 
1.774  8.61031e+85 
1.775  6.79606e+78 
1.776  1.72396e+86 
1.777  8.65598e+77 
1.778  2.47074e+74 
1.779  5.78751e+78 
1.78  2.42414e+73 
1.781  1.55614e+75 
1.782  3.56876e+75 
1.783  2.25182e+76 
1.784  3.63684e+79 
1.785  5.57472e+74 
1.786  6.88774e+69 
1.787  8.21308e+79 
1.788  8.76602e+75 
1.789  9.11631e+68 
1.79  2.79008e+77 
1.791  1.29029e+92 
1.792  1.3422e+67 
1.793  1.12908e+66 
1.794  1.89073e+74 
1.795  7.58934e+68 
1.796  6.27706e+72 
1.797  6.94278e+76 
1.798  8.04319e+75 
1.799  1.35482e+65 
1.8  4.83717e+71 
1.801  2.59074e+75 
1.802  1.06268e+75 
1.803  2.20374e+71 
1.804  1.01358e+69 
1.805  5.51562e+74 
1.806  4.25697e+87 
1.807  8.38351e+68 
1.808  1.07545e+71 
1.809  3.26438e+69 
1.81  2.57421e+80 
1.811  5.03454e+77 
1.812  2.94119e+73 
1.813  2.54347e+70 
1.814  8.48759e+78 
1.815  1.61228e+79 
1.816  4.7607e+69 
1.817  6.66104e+91 
1.818  2.95161e+78 
1.819  1.66351e+73 
1.82  3.57276e+62 
1.821  1.75545e+70 
1.822  1.4085e+79 
1.823  1.43683e+68 
1.824  2.25707e+78 
1.825  1.56626e+78 
1.826  7.28459e+75 
1.827  7.97331e+69 
1.828  6.3256e+72 
1.829  6.81745e+97 
1.83  1.0811e+74 
1.831  2.27422e+72 
1.832  1.21663e+85 
1.833  3.66544e+71 
1.834  4.5562e+74 
1.835  1.75031e+66 
1.836  6.91027e+81 
1.837  5.71595e+70 
1.838  6.85401e+66 
1.839  1.42245e+72 
1.84  1.83801e+78 
1.841  8.32452e+73 
1.842  8.63106e+70 
1.843  7.30554e+83 
1.844  2.62728e+72 
1.845  2.6688e+86 
1.846  1.76458e+74 
1.847  2.8216e+70 
1.848  2.63792e+74 
1.849  4.83901e+69 
1.85  2.08344e+73 
1.851  1.03529e+74 
1.852  4.64e+71 
1.853  1.05023e+74 
1.854  1.89282e+64 
1.855  1.92166e+65 
1.856  5.51384e+65 
1.857  1.07758e+73 
1.858  2.90331e+75 
1.859  4.81973e+71 
1.86  8.38028e+78 
1.861  4.20779e+67 
1.862  6.29914e+68 
1.863  3.43679e+76 
1.864  1.17782e+75 
1.865  9.46201e+73 
1.866  2.3452e+68 
1.867  1.06457e+97 
1.868  1.55279e+76 
1.869  3.21291e+71 
1.87  5.97056e+65 
1.871  2.85117e+76 
1.872  4.43288e+72 
1.873  1.86486e+72 
1.874  2.55126e+72 
1.875  1.84118e+86 
1.876  4.15271e+72 
1.877  1.85689e+65 
1.878  1.50335e+73 
1.879  1.14613e+67 
1.88  5.33104e+70 
1.881  1.10845e+74 
1.882  4.33007e+90 
1.883  7.46883e+75 
1.884  3.27569e+70 
1.885  1.70121e+75 
1.886  9.12938e+70 
1.887  3.15857e+78 
1.888  9.33044e+66 
1.889  3.25464e+65 
1.89  8.45834e+82 
1.891  1.71995e+84 
1.892  3.5417e+68 
1.893  1.47338e+73 
1.894  1.18298e+71 
1.895  2.73493e+68 
1.896  1.92524e+80 
1.897  5.50299e+82 
1.898  5.68951e+71 
1.899  2.23246e+80 
1.9  8.26678e+91 
1.901  8.35115e+78 
1.902  5.32017e+70 
1.903  1.36856e+80 
1.904  2.48952e+65 
1.905  5.98986e+65 
1.906  1.40829e+79 
1.907  9.21374e+77 
1.908  4.8936e+67 
1.909  3.13882e+67 
1.91  2.15016e+67 
1.911  2.06108e+65 
1.912  9.80124e+72 
1.913  8.18826e+68 
1.914  2.96637e+68 
1.915  4.25814e+64 
1.916  1.26016e+68 
1.917  4.38099e+74 
1.918  3.30528e+71 
1.919  7.68486e+72 
1.92  6.02073e+65 
1.921  4.45555e+71 
1.922  8.017e+78 
1.923  8.04426e+76 
1.924  1.70205e+73 
1.925  1.29445e+77 
1.926  9.81663e+67 
1.927  1.71662e+83 
1.928  5.53034e+73 
1.929  4.33898e+76 
1.93  1.151e+73 
1.931  1.40545e+93 
1.932  9.21398e+66 
1.933  9.54282e+66 
1.934  9.78814e+67 
1.935  4.35975e+66 
1.936  3.7963e+78 
1.937  9.61717e+73 
1.938  1.97734e+75 
1.939  5.65773e+75 
1.94  1.86207e+72 
1.941  2.36009e+79 
1.942  2.82468e+69 
1.943  1.2992e+76 
1.944  2.49833e+62 
1.945  7.57238e+61 
1.946  4.53971e+75 
1.947  6.72426e+67 
1.948  1.05222e+67 
1.949  9.77889e+71 
1.95  1.67029e+70 
1.951  2.48781e+83 
1.952  1.83992e+73 
1.953  1.02476e+76 
1.954  3.75767e+71 
1.955  8.48112e+63 
1.956  3.22844e+62 
1.957  7.35091e+68 
1.958  2.64341e+77 
1.959  2.11623e+91 
1.96  7.0714e+73 
1.961  3.78028e+74 
1.962  1.27802e+68 
1.963  7.26869e+81 
1.964  1.16154e+68 
1.965  2.61048e+86 
1.966  2.78217e+65 
1.967  5.64195e+70 
1.968  2.81377e+73 
1.969  1.86543e+77 
1.97  2.90438e+71 
1.971  2.71334e+69 
1.972  1.77216e+71 
1.973  9.25032e+74 
1.974  5.098e+70 
1.975  1.94568e+66 
1.976  1.09577e+69 
1.977  4.15745e+62 
1.978  3.86031e+73 
1.979  8.33766e+69 
1.98  8.80544e+89 
1.981  3.59154e+77 
1.982  1.89334e+72 
1.983  3.08017e+79 
1.984  1.86181e+68 
1.985  2.85387e+70 
1.986  2.06303e+72 
1.987  7.2957e+73 
1.988  7.69359e+69 
1.989  2.10935e+69 
1.99  6.11629e+84 
1.991  1.8924e+81 
1.992  1.40839e+69 
1.993  1.79379e+81 
1.994  5.96924e+71 
1.995  2.61369e+78 
1.996  1.95945e+69 
1.997  1.34539e+64 
1.998  2.75653e+66 
1.999  8.95016e+67 
2  1.35075e+173 
2.001  1.93243e+31 
2.002  9.42956e+27 
2.003  1.09001e+26 
2.004  4.60374e+24 
2.005  3.95489e+23 
2.006  5.32339e+22 
2.007  9.76852e+21 
2.008  2.24894e+21 
2.009  6.15689e+20 
2.01  1.93238e+20 
2.011  6.77391e+19 
2.012  2.60154e+19 
2.013  1.07874e+19 
2.014  4.77476e+18 
2.015  2.23575e+18 
2.016  1.09945e+18 
2.017  5.64452e+17 
2.018  3.01048e+17 
2.019  1.66117e+17 
2.02  9.45022e+16 
2.021  5.52623e+16 
2.022  3.3133e+16 
2.023  2.03224e+16 
2.024  1.2727e+16 
2.025  8.12418e+15 
2.026  5.27816e+15 
2.027  3.48544e+15 
2.028  2.33663e+15 
2.029  1.58862e+15 
2.03  1.0943e+15 
2.031  7.63063e+14 
2.032  5.3822e+14 
2.033  3.8373e+14 
2.034  2.76364e+14 
2.035  2.00942e+14 
2.036  1.47422e+14 
2.037  1.09079e+14 
2.038  8.13601e+13 
2.039  6.11492e+13 
2.04  4.62926e+13 
2.041  3.52874e+13 
2.042  2.70751e+13 
2.043  2.0904e+13 
2.044  1.62358e+13 
2.045  1.2682e+13 
2.046  9.95999e+12 
2.047  7.86301e+12 
2.048  6.23853e+12 
2.049  4.97336e+12 
2.05  3.98297e+12 
2.051  3.20388e+12 
2.052  2.58811e+12 
2.053  2.09921e+12 
2.054  1.70934e+12 
2.055  1.39715e+12 
2.056  1.14613e+12 
2.057  9.43518e+11 
2.058  7.79357e+11 
2.059  6.45868e+11 
2.06  5.36936e+11 
2.061  4.47744e+11 
2.062  3.74473e+11 
2.063  3.1409e+11 
2.064  2.64175e+11 
2.065  2.2279e+11 
2.066  1.88378e+11 
2.067  1.59684e+11 
2.068  1.35693e+11 
2.069  1.15581e+11 
2.07  9.86779e+10 
2.071  8.44361e+10 
2.072  7.24075e+10 
2.073  6.22245e+10 
2.074  5.3584e+10 
2.075  4.62361e+10 
2.076  3.9974e+10 
2.077  3.46259e+10 
2.078  3.0049e+10 
2.079  2.61242e+10 
2.08  2.27522e+10 
2.081  1.98495e+10 
2.082  1.73462e+10 
2.083  1.51834e+10 
2.084  1.33115e+10 
2.085  1.16886e+10 
2.086  1.02792e+10 
2.087  9.05322e+09 
2.088  7.98505e+09 
2.089  7.05291e+09 
2.09  6.23825e+09 
2.091  5.52519e+09 
2.092  4.90014e+09 
2.093  4.35145e+09 
2.094  3.86912e+09 
2.095  3.44453e+09 
2.096  3.07029e+09 
2.097  2.73997e+09 
2.098  2.44805e+09 
2.099  2.18973e+09 
2.1  1.96088e+09 
2.101  1.75787e+09 
2.102  1.57759e+09 
2.103  1.41729e+09 
2.104  1.2746e+09 
2.105  1.14744e+09 
2.106  1.034e+09 
2.107  9.32684e+08 
2.108  8.42107e+08 
2.109  7.61043e+08 
2.11  6.8842e+08 
2.111  6.23294e+08 
2.112  5.64833e+08 
2.113  5.12304e+08 
2.114  4.65061e+08 
2.115  4.22532e+08 
2.116  3.84211e+08 
2.117  3.49652e+08 
2.118  3.18457e+08 
2.119  2.90275e+08 
2.12  2.64792e+08 
2.121  2.41731e+08 
2.122  2.20844e+08 
2.123  2.01911e+08 
2.124  1.84736e+08 
2.125  1.69142e+08 
2.126  1.54974e+08 
2.127  1.42091e+08 
2.128  1.30368e+08 
2.129  1.19692e+08 
2.13  1.09964e+08 
2.131  1.01091e+08 
2.132  9.29947e+07 
2.133  8.56005e+07 
2.134  7.88433e+07 
2.135  7.26639e+07 
2.136  6.70093e+07 
2.137  6.18315e+07 
2.138  5.70873e+07 
2.139  5.27375e+07 
2.14  4.87469e+07 
2.141  4.50835e+07 
2.142  4.17186e+07 
2.143  3.86259e+07 
2.144  3.57816e+07 
2.145  3.31644e+07 
2.146  3.07548e+07 
2.147  2.85349e+07 
2.148  2.64887e+07 
2.149  2.46017e+07 
2.15  2.28603e+07 
2.151  2.12527e+07 
2.152  1.97676e+07 
2.153  1.8395e+07 
2.154  1.71258e+07 
2.155  1.59516e+07 
2.156  1.48647e+07 
2.157  1.38581e+07 
2.158  1.29254e+07 
2.159  1.20608e+07 
2.16  1.1259e+07 
2.161  1.0515e+07 
2.162  9.82429e+06 
2.163  9.18282e+06 
2.164  8.58679e+06 
2.165  8.03273e+06 
2.166  7.51745e+06 
2.167  7.03804e+06 
2.168  6.59181e+06 
2.169  6.17627e+06 
2.17  5.78916e+06 
2.171  5.42837e+06 
2.172  5.09199e+06 
2.173  4.77823e+06 
2.174  4.48544e+06 
2.175  4.21213e+06 
2.176  3.9569e+06 
2.177  3.71845e+06 
2.178  3.49559e+06 
2.179  3.28724e+06 
2.18  3.09236e+06 
2.181  2.91003e+06 
2.182  2.73936e+06 
2.183  2.57956e+06 
2.184  2.42988e+06 
2.185  2.28963e+06 
2.186  2.15817e+06 
2.187  2.03491e+06 
2.188  1.91928e+06 
2.189  1.81079e+06 
2.19  1.70896e+06 
2.191  1.61335e+06 
2.192  1.52355e+06 
2.193  1.43917e+06 
2.194  1.35987e+06 
2.195  1.28531e+06 
2.196  1.21519e+06 
2.197  1.14923e+06 
2.198  1.08716e+06 
2.199  1.02872e+06 
2.2  973702 
2.201  921876 
2.202  873046 
2.203  827026 
2.204  783641 
2.205  742728 
2.206  704135 
2.207  667720 
2.208  633351 
2.209  600904 
2.21  570263 
2.211  541319 
2.212  513972 
2.213  488125 
2.214  463690 
2.215  440585 
2.216  418730 
2.217  398053 
2.218  378486 
2.219  359964 
2.22  342426 
2.221  325817 
2.222  310084 
2.223  295176 
2.224  281047 
2.225  267653 
2.226  254952 
2.227  242907 
2.228  231480 
2.229  220637 
2.23  210346 
2.231  200577 
2.232  191301 
2.233  182492 
2.234  174123 
2.235  166171 
2.236  158614 
2.237  151431 
2.238  144601 
2.239  138106 
2.24  131928 
2.241  126051 
2.242  120458 
2.243  115135 
2.244  110067 
2.245  105242 
2.246  100647 
2.247  96270.6 
2.248  92100.6 
2.249  88127 
2.25  84339.8 
2.251  80729.6 
2.252  77287.3 
2.253  74004.7 
2.254  70873.6 
2.255  67886.5 
2.256  65036.4 
2.257  62316.3 
2.258  59719.9 
2.259  57241.2 
2.26  54874.3 
2.261  52613.8 
2.262  50454.6 
2.263  48391.8 
2.264  46420.6 
2.265  44536.8 
2.266  42736 
2.267  41014.5 
2.268  39368.4 
2.269  37794.1 
2.27  36288.3 
2.271  34847.7 
2.272  33469.3 
2.273  32150.2 
2.274  30887.6 
2.275  29679 
2.276  28521.7 
2.277  27413.6 
2.278  26352.3 
2.279  25335.6 
2.28  24361.7 
2.281  23428.4 
2.282  22534 
2.283  21676.8 
2.284  20855 
2.285  20067.1 
2.286  19311.6 
2.287  18587 
2.288  17892 
2.289  17225.2 
2.29  16585.5 
2.291  15971.6 
2.292  15382.4 
2.293  14816.9 
2.294  14274 
2.295  13752.7 
2.296  13252.1 
2.297  12771.3 
2.298  12309.6 
2.299  11865.9 
2.3  11439.7 
2.301  11030.1 
2.302  10636.5 
2.303  10258.1 
2.304  9894.38 
2.305  9544.68 
2.306  9208.43 
2.307  8885.07 
2.308  8574.05 
2.309  8274.88 
2.31  7987.06 
2.311  7710.13 
2.312  7443.64 
2.313  7187.17 
2.314  6940.31 
2.315  6702.68 
2.316  6473.89 
2.317  6253.6 
2.318  6041.46 
2.319  5837.15 
2.32  5640.35 
2.321  5450.77 
2.322  5268.12 
2.323  5092.13 
2.324  4922.53 
2.325  4759.07 
2.326  4601.52 
2.327  4449.64 
2.328  4303.22 
2.329  4162.03 
2.33  4025.88 
2.331  3894.58 
2.332  3767.93 
2.333  3645.76 
2.334  3527.9 
2.335  3414.19 
2.336  3304.46 
2.337  3198.56 
2.338  3096.36 
2.339  2997.71 
2.34  2902.47 
2.341  2810.53 
2.342  2721.75 
2.343  2636.02 
2.344  2553.23 
2.345  2473.27 
2.346  2396.03 
2.347  2321.41 
2.348  2249.32 
2.349  2179.67 
2.35  2112.36 
2.351  2047.3 
2.352  1984.43 
2.353  1923.66 
2.354  1864.91 
2.355  1808.11 
2.356  1753.19 
2.357  1700.09 
2.358  1648.74 
2.359  1599.07 
2.36  1551.02 
2.361  1504.55 
2.362  1459.59 
2.363  1416.09 
2.364  1374 
2.365  1333.28 
2.366  1293.86 
2.367  1255.71 
2.368  1218.78 
2.369  1183.03 
2.37  1148.43 
2.371  1114.92 
2.372  1082.47 
2.373  1051.05 
2.374  1020.63 
2.375  991.157 
2.376  962.612 
2.377  934.96 
2.378  908.171 
2.379  882.216 
2.38  857.067 
2.381  832.698 
2.382  809.081 
2.383  786.192 
2.384  764.006 
2.385  742.501 
2.386  721.653 
2.387  701.441 
2.388  681.844 
2.389  662.842 
2.39  644.415 
2.391  626.545 
2.392  609.213 
2.393  592.401 
2.394  576.093 
2.395  560.273 
2.396  544.925 
2.397  530.033 
2.398  515.584 
2.399  501.562 
2.4  487.954 
2.401  474.747 
2.402  461.928 
2.403  449.484 
2.404  437.405 
2.405  425.678 
2.406  414.292 
2.407  403.237 
2.408  392.502 
2.409  382.077 
2.41  371.953 
2.411  362.12 
2.412  352.569 
2.413  343.291 
2.414  334.278 
2.415  325.522 
2.416  317.015 
2.417  308.749 
2.418  300.717 
2.419  292.911 
2.42  285.325 
2.421  277.952 
2.422  270.786 
2.423  263.82 
2.424  257.049 
2.425  250.466 
2.426  244.065 
2.427  237.842 
2.428  231.791 
2.429  225.907 
2.43  220.185 
2.431  214.62 
2.432  209.207 
2.433  203.942 
2.434  198.821 
2.435  193.839 
2.436  188.993 
2.437  184.277 
2.438  179.69 
2.439  175.225 
2.44  170.881 
2.441  166.654 
2.442  162.54 
2.443  158.535 
2.444  154.638 
2.445  150.844 
2.446  147.151 
2.447  143.556 
2.448  140.056 
2.449  136.648 
2.45  133.33 
2.451  130.1 
2.452  126.953 
2.453  123.89 
2.454  120.906 
2.455  118 
2.456  115.169 
2.457  112.412 
2.458  109.726 
2.459  107.11 
2.46  104.561 
2.461  102.077 
2.462  99.6574 
2.463  97.2997 
2.464  95.0022 
2.465  92.7633 
2.466  90.5815 
2.467  88.455 
2.468  86.3825 
2.469  84.3624 
2.47  82.3933 
2.471  80.4738 
2.472  78.6026 
2.473  76.7783 
2.474  74.9997 
2.475  73.2656 
2.476  71.5747 
2.477  69.9259 
2.478  68.3181 
2.479  66.7501 
2.48  65.221 
2.481  63.7296 
2.482  62.2749 
2.483  60.856 
2.484  59.472 
2.485  58.1219 
2.486  56.8048 
2.487  55.5198 
2.488  54.2661 
2.489  53.0429 
2.49  51.8494 
2.491  50.6848 
2.492  49.5484 
2.493  48.4393 
2.494  47.357 
2.495  46.3007 
2.496  45.2697 
2.497  44.2633 
2.498  43.2811 
2.499  42.3222 
2.5  41.3862 
2.501  40.4725 
2.502  39.5804 
2.503  38.7094 
2.504  37.859 
2.505  37.0286 
2.506  36.2178 
2.507  35.4261 
2.508  34.6529 
2.509  33.8978 
2.51  33.1604 
2.511  32.4401 
2.512  31.7366 
2.513  31.0495 
2.514  30.3783 
2.515  29.7227 
2.516  29.0822 
2.517  28.4565 
2.518  27.8452 
2.519  27.248 
2.52  26.6644 
2.521  26.0942 
2.522  25.5371 
2.523  24.9927 
2.524  24.4607 
2.525  23.9408 
2.526  23.4327 
2.527  22.9361 
2.528  22.4508 
2.529  21.9764 
2.53  21.5127 
2.531  21.0594 
2.532  20.6164 
2.533  20.1833 
2.534  19.7598 
2.535  19.3459 
2.536  18.9412 
2.537  18.5455 
2.538  18.1586 
2.539  17.7803 
2.54  17.4103 
2.541  17.0486 
2.542  16.6949 
2.543  16.3489 
2.544  16.0106 
2.545  15.6798 
2.546  15.3561 
2.547  15.0396 
2.548  14.73 
2.549  14.4272 
2.55  14.1309 
2.551  13.8412 
2.552  13.5577 
2.553  13.2803 
2.554  13.009 
2.555  12.7436 
2.556  12.4838 
2.557  12.2297 
2.558  11.9811 
2.559  11.7378 
2.56  11.4997 
2.561  11.2667 
2.562  11.0387 
2.563  10.8156 
2.564  10.5972 
2.565  10.3835 
2.566  10.1743 
2.567  9.96958 
2.568  9.76918 
2.569  9.57303 
2.57  9.38102 
2.571  9.19307 
2.572  9.00907 
2.573  8.82894 
2.574  8.6526 
2.575  8.47996 
2.576  8.31093 
2.577  8.14543 
2.578  7.9834 
2.579  7.82474 
2.58  7.66938 
2.581  7.51725 
2.582  7.36828 
2.583  7.2224 
2.584  7.07954 
2.585  6.93963 
2.586  6.80261 
2.587  6.66842 
2.588  6.53698 
2.589  6.40825 
2.59  6.28216 
2.591  6.15865 
2.592  6.03767 
2.593  5.91916 
2.594  5.80307 
2.595  5.68935 
2.596  5.57794 
2.597  5.4688 
2.598  5.36187 
2.599  5.25711 
2.6  5.15447 
2.601  5.0539 
2.602  4.95537 
2.603  4.85882 
2.604  4.76421 
2.605  4.67151 
2.606  4.58067 
2.607  4.49165 
2.608  4.40441 
2.609  4.31892 
2.61  4.23514 
2.611  4.15303 
2.612  4.07255 
2.613  3.99368 
2.614  3.91637 
2.615  3.8406 
2.616  3.76633 
2.617  3.69353 
2.618  3.62217 
2.619  3.55222 
2.62  3.48365 
2.621  3.41643 
2.622  3.35053 
2.623  3.28593 
2.624  3.2226 
2.625  3.1605 
2.626  3.09963 
2.627  3.03994 
2.628  2.98143 
2.629  2.92405 
2.63  2.86779 
2.631  2.81263 
2.632  2.75854 
2.633  2.7055 
2.634  2.65349 
2.635  2.60249 
2.636  2.55247 
2.637  2.50343 
2.638  2.45533 
2.639  2.40816 
2.64  2.36189 
2.641  2.31652 
2.642  2.27202 
2.643  2.22838 
2.644  2.18557 
2.645  2.14359 
2.646  2.1024 
2.647  2.06201 
2.648  2.02239 
2.649  1.98352 
2.65  1.9454 
2.651  1.908 
2.652  1.87131 
2.653  1.83532 
2.654  1.80002 
2.655  1.76538 
2.656  1.7314 
2.657  1.69807 
2.658  1.66536 
2.659  1.63328 
2.66  1.6018 
2.661  1.57091 
2.662  1.54061 
2.663  1.51087 
2.664  1.4817 
2.665  1.45307 
2.666  1.42499 
2.667  1.39742 
2.668  1.37038 
2.669  1.34384 
2.67  1.3178 
2.671  1.29225 
2.672  1.26717 
2.673  1.24256 
2.674  1.21841 
2.675  1.19471 
2.676  1.17145 
2.677  1.14863 
2.678  1.12623 
2.679  1.10424 
2.68  1.08266 
2.681  1.06149 
2.682  1.0407 
2.683  1.0203 
2.684  1.00028 
2.685  0.980629 
2.686  0.96134 
2.687  0.942407 
2.688  0.923824 
2.689  0.905583 
2.69  0.887678 
2.691  0.870103 
2.692  0.852852 
2.693  0.835917 
2.694  0.819294 
2.695  0.802976 
2.696  0.786958 
2.697  0.771233 
2.698  0.755797 
2.699  0.740643 
2.7  0.725767 
2.701  0.711163 
2.702  0.696826 
2.703  0.682751 
2.704  0.668933 
2.705  0.655368 
2.706  0.64205 
2.707  0.628975 
2.708  0.616138 
2.709  0.603535 
2.71  0.591162 
2.711  0.579014 
2.712  0.567086 
2.713  0.555376 
2.714  0.543879 
2.715  0.53259 
2.716  0.521507 
2.717  0.510625 
2.718  0.49994 
2.719  0.489449 
2.72  0.479148 
2.721  0.469034 
2.722  0.459104 
2.723  0.449353 
2.724  0.439779 
2.725  0.430378 
2.726  0.421147 
2.727  0.412083 
2.728  0.403183 
2.729  0.394445 
2.73  0.385864 
2.731  0.377438 
2.732  0.369165 
2.733  0.361041 
2.734  0.353063 
2.735  0.34523 
2.736  0.337539 
2.737  0.329986 
2.738  0.322569 
2.739  0.315287 
2.74  0.308136 
2.741  0.301114 
2.742  0.294219 
2.743  0.287448 
2.744  0.280799 
2.745  0.27427 
2.746  0.26786 
2.747  0.261564 
2.748  0.255383 
2.749  0.249313 
2.75  0.243352 
2.751  0.237499 
2.752  0.231752 
2.753  0.226109 
2.754  0.220567 
2.755  0.215126 
2.756  0.209782 
2.757  0.204536 
2.758  0.199384 
2.759  0.194325 
2.76  0.189357 
2.761  0.18448 
2.762  0.17969 
2.763  0.174988 
2.764  0.17037 
2.765  0.165836 
2.766  0.161384 
2.767  0.157013 
2.768  0.152721 
2.769  0.148506 
2.77  0.144368 
2.771  0.140306 
2.772  0.136317 
2.773  0.1324 
2.774  0.128555 
2.775  0.124779 
2.776  0.121072 
2.777  0.117433 
2.778  0.11386 
2.779  0.110352 
2.78  0.106908 
2.781  0.103527 
2.782  0.100207 
2.783  0.0969487 
2.784  0.0937495 
2.785  0.0906089 
2.786  0.0875258 
2.787  0.0844993 
2.788  0.0815283 
2.789  0.0786118 
2.79  0.0757489 
2.791  0.0729387 
2.792  0.0701802 
2.793  0.0674726 
2.794  0.0648149 
2.795  0.0622064 
2.796  0.059646 
2.797  0.0571331 
2.798  0.0546667 
2.799  0.052246 
2.8  0.0498704 
2.801  0.0475389 
2.802  0.0452508 
2.803  0.0430054 
2.804  0.0408019 
2.805  0.0386396 
2.806  0.0365177 
2.807  0.0344357 
2.808  0.0323927 
2.809  0.0303882 
2.81  0.0284214 
2.811  0.0264916 
2.812  0.0245984 
2.813  0.0227409 
2.814  0.0209187 
2.815  0.019131 
2.816  0.0173774 
2.817  0.0156572 
2.818  0.0139698 
2.819  0.0123146 
2.82  0.0106912 
2.821  0.00909896 
2.822  0.00753733 
2.823  0.0060058 
2.824  0.00450386 
2.825  0.00303099 
2.826  0.00158669 
2.827  0.000170478 
2.828  -0.00121814 
2.829  -0.00257963 
2.83  -0.00391447 
2.831  -0.0052231 
2.832  -0.00650599 
2.833  -0.00776357 
2.834  -0.00899628 
2.835  -0.0102045 
2.836  -0.0113888 
2.837  -0.0125494 
2.838  -0.0136868 
2.839  -0.0148014 
2.84  -0.0158936 
2.841  -0.0169638 
2.842  -0.0180123 
2.843  -0.0190395 
2.844  -0.0200458 
2.845  -0.0210316 
2.846  -0.0219971 
2.847  -0.0229428 
2.848  -0.023869 
2.849  -0.024776 
2.85  -0.0256641 
2.851  -0.0265337 
2.852  -0.0273851 
2.853  -0.0282185 
2.854  -0.0290344 
2.855  -0.029833 
2.856  -0.0306146 
2.857  -0.0313795 
2.858  -0.032128 
2.859  -0.0328603 
2.86  -0.0335768 
2.861  -0.0342777 
2.862  -0.0349633 
2.863  -0.0356338 
2.864  -0.0362895 
2.865  -0.0369307 
2.866  -0.0375576 
2.867  -0.0381704 
2.868  -0.0387695 
2.869  -0.039355 
2.87  -0.0399271 
2.871  -0.0404861 
2.872  -0.0410323 
2.873  -0.0415658 
2.874  -0.0420868 
2.875  -0.0425956 
2.876  -0.0430925 
2.877  -0.0435775 
2.878  -0.0440509 
2.879  -0.0445129 
2.88  -0.0449636 
2.881  -0.0454034 
2.882  -0.0458324 
2.883  -0.0462507 
2.884  -0.0466586 
2.885  -0.0470562 
2.886  -0.0474437 
2.887  -0.0478212 
2.888  -0.0481891 
2.889  -0.0485473 
2.89  -0.0488962 
2.891  -0.0492358 
2.892  -0.0495663 
2.893  -0.0498879 
2.894  -0.0502007 
2.895  -0.0505049 
2.896  -0.0508006 
2.897  -0.051088 
2.898  -0.0513672 
2.899  -0.0516384 
2.9  -0.0519017 
2.901  -0.0521572 
2.902  -0.0524052 
2.903  -0.0526456 
2.904  -0.0528787 
2.905  -0.0531045 
2.906  -0.0533233 
2.907  -0.053535 
2.908  -0.05374 
2.909  -0.0539382 
2.91  -0.0541298 
2.911  -0.0543148 
2.912  -0.0544936 
2.913  -0.054666 
2.914  -0.0548323 
2.915  -0.0549925 
2.916  -0.0551468 
2.917  -0.0552953 
2.918  -0.055438 
2.919  -0.0555752 
2.92  -0.0557067 
2.921  -0.0558329 
2.922  -0.0559537 
2.923  -0.0560693 
2.924  -0.0561798 
2.925  -0.0562852 
2.926  -0.0563856 
2.927  -0.0564812 
2.928  -0.056572 
2.929  -0.0566581 
2.93  -0.0567396 
2.931  -0.0568166 
2.932  -0.0568891 
2.933  -0.0569573 
2.934  -0.0570212 
2.935  -0.0570809 
2.936  -0.0571365 
2.937  -0.057188 
2.938  -0.0572355 
2.939  -0.0572791 
2.94  -0.057319 
2.941  -0.057355 
2.942  -0.0573874 
2.943  -0.0574161 
2.944  -0.0574413 
2.945  -0.057463 
2.946  -0.0574812 
2.947  -0.0574962 
2.948  -0.0575078 
2.949  -0.0575162 
2.95  -0.0575214 
2.951  -0.0575235 
2.952  -0.0575226 
2.953  -0.0575186 
2.954  -0.0575117 
2.955  -0.057502 
2.956  -0.0574894 
2.957  -0.057474 
2.958  -0.057456 
2.959  -0.0574352 
2.96  -0.0574119 
2.961  -0.057386 
2.962  -0.0573576 
2.963  -0.0573267 
2.964  -0.0572934 
2.965  -0.0572577 
2.966  -0.0572197 
2.967  -0.0571794 
2.968  -0.057137 
2.969  -0.0570923 
2.97  -0.0570455 
2.971  -0.0569965 
2.972  -0.0569456 
2.973  -0.0568926 
2.974  -0.0568376 
2.975  -0.0567808 
2.976  -0.056722 
2.977  -0.0566614 
2.978  -0.0565989 
2.979  -0.0565347 
2.98  -0.0564687 
2.981  -0.0564011 
2.982  -0.0563317 
2.983  -0.0562608 
2.984  -0.0561882 
2.985  -0.0561141 
2.986  -0.0560384 
2.987  -0.0559613 
2.988  -0.0558826 
2.989  -0.0558026 
2.99  -0.0557211 
2.991  -0.0556383 
2.992  -0.0555542 
2.993  -0.0554687 
2.994  -0.0553819 
2.995  -0.0552939 
2.996  -0.0552047 
2.997  -0.0551143 
2.998  -0.0550227 
2.999  -0.05493 
3  -0.0548361 
3.001  -0.0547412 
3.002  -0.0546452 
3.003  -0.0545482 
3.004  -0.0544501 
3.005  -0.0543511 
3.006  -0.0542511 
3.007  -0.0541502 
3.008  -0.0540483 
3.009  -0.0539456 
3.01  -0.053842 
3.011  -0.0537375 
3.012  -0.0536322 
3.013  -0.0535261 
3.014  -0.0534192 
3.015  -0.0533116 
3.016  -0.0532032 
3.017  -0.0530941 
3.018  -0.0529842 
3.019  -0.0528737 
3.02  -0.0527626 
3.021  -0.0526507 
3.022  -0.0525383 
3.023  -0.0524252 
3.024  -0.0523115 
3.025  -0.0521973 
3.026  -0.0520825 
3.027  -0.0519672 
3.028  -0.0518513 
3.029  -0.0517349 
3.03  -0.051618 
3.031  -0.0515007 
3.032  -0.0513829 
3.033  -0.0512646 
3.034  -0.0511459 
3.035  -0.0510268 
3.036  -0.0509073 
3.037  -0.0507874 
3.038  -0.0506671 
3.039  -0.0505464 
3.04  -0.0504254 
3.041  -0.0503041 
3.042  -0.0501824 
3.043  -0.0500605 
3.044  -0.0499382 
3.045  -0.0498156 
3.046  -0.0496928 
3.047  -0.0495697 
3.048  -0.0494464 
3.049  -0.0493228 
3.05  -0.049199 
3.051  -0.049075 
3.052  -0.0489508 
3.053  -0.0488264 
3.054  -0.0487018 
3.055  -0.048577 
3.056  -0.048452 
3.057  -0.0483269 
3.058  -0.0482017 
3.059  -0.0480763 
3.06  -0.0479508 
3.061  -0.0478252 
3.062  -0.0476995 
3.063  -0.0475737 
3.064  -0.0474478 
3.065  -0.0473218 
3.066  -0.0471957 
3.067  -0.0470696 
3.068  -0.0469434 
3.069  -0.0468172 
3.07  -0.0466909 
3.071  -0.0465646 
3.072  -0.0464383 
3.073  -0.0463119 
3.074  -0.0461855 
3.075  -0.0460592 
3.076  -0.0459328 
3.077  -0.0458065 
3.078  -0.0456801 
3.079  -0.0455538 
3.08  -0.0454276 
3.081  -0.0453013 
3.082  -0.0451751 
3.083  -0.045049 
3.084  -0.0449229 
3.085  -0.0447969 
3.086  -0.0446709 
3.087  -0.044545 
3.088  -0.0444192 
3.089  -0.0442935 
3.09  -0.0441678 
3.091  -0.0440423 
3.092  -0.0439168 
3.093  -0.0437915 
3.094  -0.0436662 
3.095  -0.0435411 
3.096  -0.0434161 
3.097  -0.0432912 
3.098  -0.0431665 
3.099  -0.0430419 
3.1  -0.0429174 
3.101  -0.042793 
3.102  -0.0426688 
3.103  -0.0425448 
3.104  -0.0424209 
3.105  -0.0422972 
3.106  -0.0421736 
3.107  -0.0420502 
3.108  -0.0419269 
3.109  -0.0418039 
3.11  -0.041681 
3.111  -0.0415583 
3.112  -0.0414357 
3.113  -0.0413134 
3.114  -0.0411912 
3.115  -0.0410692 
3.116  -0.0409475 
3.117  -0.0408259 
3.118  -0.0407045 
3.119  -0.0405834 
3.12  -0.0404624 
3.121  -0.0403416 
3.122  -0.0402211 
3.123  -0.0401008 
3.124  -0.0399807 
3.125  -0.0398608 
3.126  -0.0397411 
3.127  -0.0396217 
3.128  -0.0395025 
3.129  -0.0393835 
3.13  -0.0392647 
3.131  -0.0391462 
3.132  -0.0390279 
3.133  -0.0389099 
3.134  -0.0387921 
3.135  -0.0386745 
3.136  -0.0385572 
3.137  -0.0384402 
3.138  -0.0383233 
3.139  -0.0382068 
3.14  -0.0380904 
3.141  -0.0379744 
3.142  -0.0378586 
3.143  -0.037743 
3.144  -0.0376277 
3.145  -0.0375127 
3.146  -0.0373979 
3.147  -0.0372834 
3.148  -0.0371691 
3.149  -0.0370552 
3.15  -0.0369414 
3.151  -0.036828 
3.152  -0.0367148 
3.153  -0.0366019 
3.154  -0.0364892 
3.155  -0.0363769 
3.156  -0.0362648 
3.157  -0.036153 
3.158  -0.0360414 
3.159  -0.0359301 
3.16  -0.0358191 
3.161  -0.0357084 
3.162  -0.035598 
3.163  -0.0354878 
3.164  -0.035378 
3.165  -0.0352684 
3.166  -0.035159 
3.167  -0.03505 
3.168  -0.0349413 
3.169  -0.0348328 
3.17  -0.0347246 
3.171  -0.0346167 
3.172  -0.0345091 
3.173  -0.0344018 
3.174  -0.0342948 
3.175  -0.034188 
3.176  -0.0340816 
3.177  -0.0339754 
3.178  -0.0338695 
3.179  -0.0337639 
3.18  -0.0336586 
3.181  -0.0335536 
3.182  -0.0334489 
3.183  -0.0333445 
3.184  -0.0332403 
3.185  -0.0331365 
3.186  -0.0330329 
3.187  -0.0329297 
3.188  -0.0328267 
3.189  -0.032724 
3.19  -0.0326216 
3.191  -0.0325195 
3.192  -0.0324177 
3.193  -0.0323162 
3.194  -0.032215 
3.195  -0.0321141 
3.196  -0.0320135 
3.197  -0.0319131 
3.198  -0.0318131 
3.199  -0.0317133 
3.2  -0.0316139 
3.201  -0.0315147 
3.202  -0.0314158 
3.203  -0.0313172 
3.204  -0.0312189 
3.205  -0.0311209 
3.206  -0.0310232 
3.207  -0.0309258 
3.208  -0.0308287 
3.209  -0.0307319 
3.21  -0.0306353 
3.211  -0.0305391 
3.212  -0.0304431 
3.213  -0.0303475 
3.214  -0.0302521 
3.215  -0.030157 
3.216  -0.0300622 
3.217  -0.0299677 
3.218  -0.0298735 
3.219  -0.0297796 
3.22  -0.029686 
3.221  -0.0295926 
3.222  -0.0294996 
3.223  -0.0294068 
3.224  -0.0293143 
3.225  -0.0292221 
3.226  -0.0291302 
3.227  -0.0290386 
3.228  -0.0289473 
3.229  -0.0288562 
3.23  -0.0287655 
3.231  -0.028675 
3.232  -0.0285848 
3.233  -0.0284949 
3.234  -0.0284053 
3.235  -0.0283159 
3.236  -0.0282269 
3.237  -0.0281381 
3.238  -0.0280496 
3.239  -0.0279614 
3.24  -0.0278735 
3.241  -0.0277859 
3.242  -0.0276985 
3.243  -0.0276114 
3.244  -0.0275246 
3.245  -0.0274381 
3.246  -0.0273518 
3.247  -0.0272659 
3.248  -0.0271802 
3.249  -0.0270948 
3.25  -0.0270096 
3.251  -0.0269248 
3.252  -0.0268402 
3.253  -0.0267559 
3.254  -0.0266718 
3.255  -0.0265881 
3.256  -0.0265046 
3.257  -0.0264213 
3.258  -0.0263384 
3.259  -0.0262557 
3.26  -0.0261733 
3.261  -0.0260912 
3.262  -0.0260093 
3.263  -0.0259277 
3.264  -0.0258464 
3.265  -0.0257653 
3.266  -0.0256845 
3.267  -0.025604 
3.268  -0.0255237 
3.269  -0.0254437 
3.27  -0.025364 
3.271  -0.0252845 
3.272  -0.0252053 
3.273  -0.0251264 
3.274  -0.0250477 
3.275  -0.0249693 
3.276  -0.0248911 
3.277  -0.0248132 
3.278  -0.0247356 
3.279  -0.0246582 
3.28  -0.024581 
3.281  -0.0245042 
3.282  -0.0244276 
3.283  -0.0243512 
3.284  -0.0242751 
3.285  -0.0241993 
3.286  -0.0241237 
3.287  -0.0240483 
3.288  -0.0239732 
3.289  -0.0238984 
3.29  -0.0238238 
3.291  -0.0237495 
3.292  -0.0236754 
3.293  -0.0236016 
3.294  -0.023528 
3.295  -0.0234546 
3.296  -0.0233816 
3.297  -0.0233087 
3.298  -0.0232361 
3.299  -0.0231638 
3.3  -0.0230917 
3.301  -0.0230198 
3.302  -0.0229482 
3.303  -0.0228768 
3.304  -0.0228056 
3.305  -0.0227347 
3.306  -0.0226641 
3.307  -0.0225937 
3.308  -0.0225235 
3.309  -0.0224535 
3.31  -0.0223838 
3.311  -0.0223144 
3.312  -0.0222451 
3.313  -0.0221761 
3.314  -0.0221074 
3.315  -0.0220388 
3.316  -0.0219705 
3.317  -0.0219025 
3.318  -0.0218347 
3.319  -0.0217671 
3.32  -0.0216997 
3.321  -0.0216325 
3.322  -0.0215656 
3.323  -0.0214989 
3.324  -0.0214325 
3.325  -0.0213663 
3.326  -0.0213002 
3.327  -0.0212345 
3.328  -0.0211689 
3.329  -0.0211036 
3.33  -0.0210385 
3.331  -0.0209736 
3.332  -0.0209089 
3.333  -0.0208445 
3.334  -0.0207803 
3.335  -0.0207163 
3.336  -0.0206525 
3.337  -0.0205889 
3.338  -0.0205256 
3.339  -0.0204624 
3.34  -0.0203995 
3.341  -0.0203368 
3.342  -0.0202743 
3.343  -0.0202121 
3.344  -0.02015 
3.345  -0.0200882 
3.346  -0.0200265 
3.347  -0.0199651 
3.348  -0.0199039 
3.349  -0.0198429 
3.35  -0.0197821 
3.351  -0.0197215 
3.352  -0.0196612 
3.353  -0.019601 
3.354  -0.019541 
3.355  -0.0194813 
3.356  -0.0194217 
3.357  -0.0193624 
3.358  -0.0193032 
3.359  -0.0192443 
3.36  -0.0191856 
3.361  -0.019127 
3.362  -0.0190687 
3.363  -0.0190106 
3.364  -0.0189526 
3.365  -0.0188949 
3.366  -0.0188374 
3.367  -0.01878 
3.368  -0.0187229 
3.369  -0.0186659 
3.37  -0.0186092 
3.371  -0.0185526 
3.372  -0.0184963 
3.373  -0.0184401 
3.374  -0.0183841 
3.375  -0.0183283 
3.376  -0.0182727 
3.377  -0.0182173 
3.378  -0.0181621 
3.379  -0.0181071 
3.38  -0.0180523 
3.381  -0.0179976 
3.382  -0.0179432 
3.383  -0.0178889 
3.384  -0.0178348 
3.385  -0.017781 
3.386  -0.0177272 
3.387  -0.0176737 
3.388  -0.0176204 
3.389  -0.0175672 
3.39  -0.0175142 
3.391  -0.0174614 
3.392  -0.0174088 
3.393  -0.0173564 
3.394  -0.0173042 
3.395  -0.0172521 
3.396  -0.0172002 
3.397  -0.0171485 
3.398  -0.0170969 
3.399  -0.0170456 
3.4  -0.0169944 
3.401  -0.0169434 
3.402  -0.0168925 
3.403  -0.0168419 
3.404  -0.0167914 
3.405  -0.0167411 
3.406  -0.0166909 
3.407  -0.016641 
3.408  -0.0165912 
3.409  -0.0165415 
3.41  -0.0164921 
3.411  -0.0164428 
3.412  -0.0163937 
3.413  -0.0163447 
3.414  -0.016296 
3.415  -0.0162473 
3.416  -0.0161989 
3.417  -0.0161506 
3.418  -0.0161025 
3.419  -0.0160545 
3.42  -0.0160067 
3.421  -0.0159591 
3.422  -0.0159117 
3.423  -0.0158644 
3.424  -0.0158172 
3.425  -0.0157702 
3.426  -0.0157234 
3.427  -0.0156768 
3.428  -0.0156303 
3.429  -0.0155839 
3.43  -0.0155378 
3.431  -0.0154917 
3.432  -0.0154459 
3.433  -0.0154002 
3.434  -0.0153546 
3.435  -0.0153092 
3.436  -0.015264 
3.437  -0.0152189 
3.438  -0.015174 
3.439  -0.0151292 
3.44  -0.0150845 
3.441  -0.0150401 
3.442  -0.0149957 
3.443  -0.0149516 
3.444  -0.0149075 
3.445  -0.0148637 
3.446  -0.01482 
3.447  -0.0147764 
3.448  -0.014733 
3.449  -0.0146897 
3.45  -0.0146465 
3.451  -0.0146036 
3.452  -0.0145607 
3.453  -0.014518 
3.454  -0.0144755 
3.455  -0.0144331 
3.456  -0.0143908 
3.457  -0.0143487 
3.458  -0.0143067 
3.459  -0.0142649 
3.46  -0.0142232 
3.461  -0.0141817 
3.462  -0.0141403 
3.463  -0.014099 
3.464  -0.0140579 
3.465  -0.0140169 
3.466  -0.013976 
3.467  -0.0139353 
3.468  -0.0138948 
3.469  -0.0138543 
3.47  -0.013814 
3.471  -0.0137739 
3.472  -0.0137338 
3.473  -0.0136939 
3.474  -0.0136542 
3.475  -0.0136146 
3.476  -0.0135751 
3.477  -0.0135357 
3.478  -0.0134965 
3.479  -0.0134574 
3.48  -0.0134185 
3.481  -0.0133796 
3.482  -0.013341 
3.483  -0.0133024 
3.484  -0.013264 
3.485  -0.0132257 
3.486  -0.0131875 
3.487  -0.0131494 
3.488  -0.0131115 
3.489  -0.0130737 
3.49  -0.0130361 
3.491  -0.0129985 
3.492  -0.0129611 
3.493  -0.0129238 
3.494  -0.0128867 
3.495  -0.0128496 
3.496  -0.0128127 
3.497  -0.0127759 
3.498  -0.0127393 
3.499  -0.0127027 
3.5  -0.0126663 
3.501  -0.01263 
3.502  -0.0125938 
3.503  -0.0125578 
3.504  -0.0125219 
3.505  -0.0124861 
3.506  -0.0124504 
3.507  -0.0124148 
3.508  -0.0123793 
3.509  -0.012344 
3.51  -0.0123088 
3.511  -0.0122737 
3.512  -0.0122387 
3.513  -0.0122038 
3.514  -0.0121691 
3.515  -0.0121345 
3.516  -0.0120999 
3.517  -0.0120655 
3.518  -0.0120312 
3.519  -0.0119971 
3.52  -0.011963 
3.521  -0.0119291 
3.522  -0.0118952 
3.523  -0.0118615 
3.524  -0.0118279 
3.525  -0.0117944 
3.526  -0.011761 
3.527  -0.0117278 
3.528  -0.0116946 
3.529  -0.0116615 
3.53  -0.0116286 
3.531  -0.0115958 
3.532  -0.011563 
3.533  -0.0115304 
3.534  -0.0114979 
3.535  -0.0114655 
3.536  -0.0114332 
3.537  -0.011401 
3.538  -0.0113689 
3.539  -0.011337 
3.54  -0.0113051 
3.541  -0.0112733 
3.542  -0.0112417 
3.543  -0.0112101 
3.544  -0.0111787 
3.545  -0.0111473 
3.546  -0.0111161 
3.547  -0.0110849 
3.548  -0.0110539 
3.549  -0.011023 
3.55  -0.0109921 
3.551  -0.0109614 
3.552  -0.0109308 
3.553  -0.0109002 
3.554  -0.0108698 
3.555  -0.0108395 
3.556  -0.0108093 
3.557  -0.0107791 
3.558  -0.0107491 
3.559  -0.0107192 
3.56  -0.0106893 
3.561  -0.0106596 
3.562  -0.0106299 
3.563  -0.0106004 
3.564  -0.010571 
3.565  -0.0105416 
3.566  -0.0105124 
3.567  -0.0104832 
3.568  -0.0104541 
3.569  -0.0104252 
3.57  -0.0103963 
3.571  -0.0103675 
3.572  -0.0103388 
3.573  -0.0103102 
3.574  -0.0102818 
3.575  -0.0102533 
3.576  -0.010225 
3.577  -0.0101968 
3.578  -0.0101687 
3.579  -0.0101407 
3.58  -0.0101127 
3.581  -0.0100849 
3.582  -0.0100571 
3.583  -0.0100294 
3.584  -0.0100018 
3.585  -0.00997435 
3.586  -0.00994694 
3.587  -0.00991963 
3.588  -0.0098924 
3.589  -0.00986526 
3.59  -0.00983821 
3.591  -0.00981125 
3.592  -0.00978438 
3.593  -0.00975759 
3.594  -0.00973089 
3.595  -0.00970427 
3.596  -0.00967774 
3.597  -0.0096513 
3.598  -0.00962494 
3.599  -0.00959867 
3.6  -0.00957248 
3.601  -0.00954638 
3.602  -0.00952036 
3.603  -0.00949442 
3.604  -0.00946857 
3.605  -0.0094428 
3.606  -0.00941712 
3.607  -0.00939152 
3.608  -0.009366 
3.609  -0.00934056 
3.61  -0.0093152 
3.611  -0.00928993 
3.612  -0.00926473 
3.613  -0.00923962 
3.614  -0.00921459 
3.615  -0.00918964 
3.616  -0.00916476 
3.617  -0.00913997 
3.618  -0.00911526 
3.619  -0.00909063 
3.62  -0.00906607 
3.621  -0.00904159 
3.622  -0.0090172 
3.623  -0.00899288 
3.624  -0.00896863 
3.625  -0.00894447 
3.626  -0.00892038 
3.627  -0.00889637 
3.628  -0.00887244 
3.629  -0.00884858 
3.63  -0.0088248 
3.631  -0.00880109 
3.632  -0.00877746 
3.633  -0.0087539 
3.634  -0.00873042 
3.635  -0.00870702 
3.636  -0.00868369 
3.637  -0.00866043 
3.638  -0.00863724 
3.639  -0.00861413 
3.64  -0.0085911 
3.641  -0.00856813 
3.642  -0.00854524 
3.643  -0.00852243 
3.644  -0.00849968 
3.645  -0.00847701 
3.646  -0.0084544 
3.647  -0.00843187 
3.648  -0.00840941 
3.649  -0.00838703 
3.65  -0.00836471 
3.651  -0.00834246 
3.652  -0.00832028 
3.653  -0.00829818 
3.654  -0.00827614 
3.655  -0.00825417 
3.656  -0.00823227 
3.657  -0.00821044 
3.658  -0.00818868 
3.659  -0.00816699 
3.66  -0.00814537 
3.661  -0.00812381 
3.662  -0.00810232 
3.663  -0.0080809 
3.664  -0.00805955 
3.665  -0.00803826 
3.666  -0.00801704 
3.667  -0.00799589 
3.668  -0.0079748 
3.669  -0.00795378 
3.67  -0.00793282 
3.671  -0.00791193 
3.672  -0.00789111 
3.673  -0.00787035 
3.674  -0.00784966 
3.675  -0.00782903 
3.676  -0.00780846 
3.677  -0.00778796 
3.678  -0.00776752 
3.679  -0.00774715 
3.68  -0.00772684 
3.681  -0.0077066 
3.682  -0.00768641 
3.683  -0.00766629 
3.684  -0.00764623 
3.685  -0.00762624 
3.686  -0.0076063 
3.687  -0.00758643 
3.688  -0.00756662 
3.689  -0.00754688 
3.69  -0.00752719 
3.691  -0.00750756 
3.692  -0.007488 
3.693  -0.00746849 
3.694  -0.00744905 
3.695  -0.00742967 
3.696  -0.00741034 
3.697  -0.00739108 
3.698  -0.00737187 
3.699  -0.00735273 
3.7  -0.00733364 
3.701  -0.00731462 
3.702  -0.00729565 
3.703  -0.00727674 
3.704  -0.00725789 
3.705  -0.00723909 
3.706  -0.00722036 
3.707  -0.00720168 
3.708  -0.00718306 
3.709  -0.0071645 
3.71  -0.00714599 
3.711  -0.00712754 
3.712  -0.00710915 
3.713  -0.00709081 
3.714  -0.00707253 
3.715  -0.00705431 
3.716  -0.00703614 
3.717  -0.00701803 
3.718  -0.00699998 
3.719  -0.00698198 
3.72  -0.00696403 
3.721  -0.00694614 
3.722  -0.0069283 
3.723  -0.00691052 
3.724  -0.00689279 
3.725  -0.00687512 
3.726  -0.0068575 
3.727  -0.00683994 
3.728  -0.00682242 
3.729  -0.00680496 
3.73  -0.00678756 
3.731  -0.00677021 
3.732  -0.00675291 
3.733  -0.00673566 
3.734  -0.00671847 
3.735  -0.00670132 
3.736  -0.00668423 
3.737  -0.0066672 
3.738  -0.00665021 
3.739  -0.00663328 
3.74  -0.00661639 
3.741  -0.00659956 
3.742  -0.00658278 
3.743  -0.00656605 
3.744  -0.00654937 
3.745  -0.00653274 
3.746  -0.00651616 
3.747  -0.00649963 
3.748  -0.00648315 
3.749  -0.00646672 
3.75  -0.00645034 
3.751  -0.00643401 
3.752  -0.00641773 
3.753  -0.0064015 
3.754  -0.00638532 
3.755  -0.00636919 
3.756  -0.0063531 
3.757  -0.00633706 
3.758  -0.00632108 
3.759  -0.00630513 
3.76  -0.00628924 
3.761  -0.0062734 
3.762  -0.0062576 
3.763  -0.00624185 
3.764  -0.00622615 
3.765  -0.00621049 
3.766  -0.00619488 
3.767  -0.00617932 
3.768  -0.00616381 
3.769  -0.00614834 
3.77  -0.00613292 
3.771  -0.00611754 
3.772  -0.00610221 
3.773  -0.00608692 
3.774  -0.00607168 
3.775  -0.00605649 
3.776  -0.00604134 
3.777  -0.00602624 
3.778  -0.00601118 
3.779  -0.00599617 
3.78  -0.0059812 
3.781  -0.00596628 
3.782  -0.0059514 
3.783  -0.00593656 
3.784  -0.00592177 
3.785  -0.00590702 
3.786  -0.00589232 
3.787  -0.00587766 
3.788  -0.00586305 
3.789  -0.00584847 
3.79  -0.00583394 
3.791  -0.00581946 
3.792  -0.00580501 
3.793  -0.00579061 
3.794  -0.00577625 
3.795  -0.00576194 
3.796  -0.00574767 
3.797  -0.00573343 
3.798  -0.00571925 
3.799  -0.0057051 
3.8  -0.00569099 
3.801  -0.00567693 
3.802  -0.00566291 
3.803  -0.00564893 
3.804  -0.00563499 
3.805  -0.00562109 
3.806  -0.00560723 
3.807  -0.00559341 
3.808  -0.00557964 
3.809  -0.0055659 
3.81  -0.0055522 
3.811  -0.00553855 
3.812  -0.00552493 
3.813  -0.00551136 
3.814  -0.00549782 
3.815  -0.00548433 
3.816  -0.00547087 
3.817  -0.00545745 
3.818  -0.00544407 
3.819  -0.00543074 
3.82  -0.00541744 
3.821  -0.00540418 
3.822  -0.00539095 
3.823  -0.00537777 
3.824  -0.00536462 
3.825  -0.00535152 
3.826  -0.00533845 
3.827  -0.00532542 
3.828  -0.00531243 
3.829  -0.00529947 
3.83  -0.00528656 
3.831  -0.00527368 
3.832  -0.00526084 
3.833  -0.00524803 
3.834  -0.00523526 
3.835  -0.00522253 
3.836  -0.00520984 
3.837  -0.00519718 
3.838  -0.00518456 
3.839  -0.00517198 
3.84  -0.00515943 
3.841  -0.00514692 
3.842  -0.00513445 
3.843  -0.00512201 
3.844  -0.00510961 
3.845  -0.00509724 
3.846  -0.00508491 
3.847  -0.00507262 
3.848  -0.00506036 
3.849  -0.00504814 
3.85  -0.00503595 
3.851  -0.00502379 
3.852  -0.00501168 
3.853  -0.00499959 
3.854  -0.00498754 
3.855  -0.00497553 
3.856  -0.00496355 
3.857  -0.00495161 
3.858  -0.00493969 
3.859  -0.00492782 
3.86  -0.00491598 
3.861  -0.00490417 
3.862  -0.00489239 
3.863  -0.00488065 
3.864  -0.00486894 
3.865  -0.00485727 
3.866  -0.00484563 
3.867  -0.00483402 
3.868  -0.00482245 
3.869  -0.00481091 
3.87  -0.0047994 
3.871  -0.00478793 
3.872  -0.00477649 
3.873  -0.00476508 
3.874  -0.0047537 
3.875  -0.00474235 
3.876  -0.00473104 
3.877  -0.00471976 
3.878  -0.00470852 
3.879  -0.0046973 
3.88  -0.00468612 
3.881  -0.00467496 
3.882  -0.00466384 
3.883  -0.00465276 
3.884  -0.0046417 
3.885  -0.00463067 
3.886  -0.00461968 
3.887  -0.00460872 
3.888  -0.00459778 
3.889  -0.00458688 
3.89  -0.00457601 
3.891  -0.00456517 
3.892  -0.00455436 
3.893  -0.00454358 
3.894  -0.00453284 
3.895  -0.00452212 
3.896  -0.00451143 
3.897  -0.00450078 
3.898  -0.00449015 
3.899  -0.00447955 
3.9  -0.00446898 
3.901  -0.00445845 
3.902  -0.00444794 
3.903  -0.00443746 
3.904  -0.00442701 
3.905  -0.00441659 
3.906  -0.0044062 
3.907  -0.00439584 
3.908  -0.00438551 
3.909  -0.00437521 
3.91  -0.00436494 
3.911  -0.00435469 
3.912  -0.00434447 
3.913  -0.00433429 
3.914  -0.00432413 
3.915  -0.004314 
3.916  -0.0043039 
3.917  -0.00429382 
3.918  -0.00428378 
3.919  -0.00427376 
3.92  -0.00426377 
3.921  -0.00425381 
3.922  -0.00424387 
3.923  -0.00423397 
3.924  -0.00422409 
3.925  -0.00421424 
3.926  -0.00420441 
3.927  -0.00419462 
3.928  -0.00418485 
3.929  -0.00417511 
3.93  -0.00416539 
3.931  -0.0041557 
3.932  -0.00414604 
3.933  -0.00413641 
3.934  -0.0041268 
3.935  -0.00411722 
3.936  -0.00410767 
3.937  -0.00409814 
3.938  -0.00408864 
3.939  -0.00407917 
3.94  -0.00406972 
3.941  -0.0040603 
3.942  -0.0040509 
3.943  -0.00404153 
3.944  -0.00403218 
3.945  -0.00402287 
3.946  -0.00401357 
3.947  -0.00400431 
3.948  -0.00399506 
3.949  -0.00398585 
3.95  -0.00397666 
3.951  -0.00396749 
3.952  -0.00395835 
3.953  -0.00394924 
3.954  -0.00394015 
3.955  -0.00393108 
3.956  -0.00392204 
3.957  -0.00391303 
3.958  -0.00390404 
3.959  -0.00389507 
3.96  -0.00388613 
3.961  -0.00387721 
3.962  -0.00386832 
3.963  -0.00385945 
3.964  -0.00385061 
3.965  -0.00384179 
3.966  -0.003833 
3.967  -0.00382423 
3.968  -0.00381548 
3.969  -0.00380676 
3.97  -0.00379806 
3.971  -0.00378938 
3.972  -0.00378073 
3.973  -0.0037721 
3.974  -0.0037635 
3.975  -0.00375491 
3.976  -0.00374636 
3.977  -0.00373782 
3.978  -0.00372931 
3.979  -0.00372082 
3.98  -0.00371236 
3.981  -0.00370392 
3.982  -0.0036955 
3.983  -0.0036871 
3.984  -0.00367873 
3.985  -0.00367038 
3.986  -0.00366205 
3.987  -0.00365374 
3.988  -0.00364546 
3.989  -0.0036372 
3.99  -0.00362896 
3.991  -0.00362075 
3.992  -0.00361255 
3.993  -0.00360438 
3.994  -0.00359623 
3.995  -0.0035881 
3.996  -0.00358 
3.997  -0.00357191 
3.998  -0.00356385 
3.999  -0.00355581 
4  -0.00354779 
4.001  -0.0035398 
4.002  -0.00353182 
4.003  -0.00352387 
4.004  -0.00351594 
4.005  -0.00350803 
4.006  -0.00350014 
4.007  -0.00349227 
4.008  -0.00348442 
4.009  -0.00347659 
4.01  -0.00346879 
4.011  -0.003461 
4.012  -0.00345324 
4.013  -0.0034455 
4.014  -0.00343778 
4.015  -0.00343008 
4.016  -0.0034224 
4.017  -0.00341474 
4.018  -0.0034071 
4.019  -0.00339948 
4.02  -0.00339188 
4.021  -0.0033843 
4.022  -0.00337674 
4.023  -0.0033692 
4.024  -0.00336169 
4.025  -0.00335419 
4.026  -0.00334671 
4.027  -0.00333925 
4.028  -0.00333181 
4.029  -0.0033244 
4.03  -0.003317 
4.031  -0.00330962 
4.032  -0.00330226 
4.033  -0.00329492 
4.034  -0.0032876 
4.035  -0.0032803 
4.036  -0.00327302 
4.037  -0.00326575 
4.038  -0.00325851 
4.039  -0.00325129 
4.04  -0.00324408 
4.041  -0.0032369 
4.042  -0.00322973 
4.043  -0.00322258 
4.044  -0.00321546 
4.045  -0.00320835 
4.046  -0.00320126 
4.047  -0.00319418 
4.048  -0.00318713 
4.049  -0.00318009 
4.05  -0.00317308 
4.051  -0.00316608 
4.052  -0.0031591 
4.053  -0.00315214 
4.054  -0.0031452 
4.055  -0.00313827 
4.056  -0.00313137 
4.057  -0.00312448 
4.058  -0.00311761 
4.059  -0.00311076 
4.06  -0.00310392 
4.061  -0.00309711 
4.062  -0.00309031 
4.063  -0.00308353 
4.064  -0.00307677 
4.065  -0.00307002 
4.066  -0.0030633 
4.067  -0.00305659 
4.068  -0.00304989 
4.069  -0.00304322 
4.07  -0.00303656 
4.071  -0.00302992 
4.072  -0.0030233 
4.073  -0.0030167 
4.074  -0.00301011 
4.075  -0.00300354 
4.076  -0.00299698 
4.077  -0.00299045 
4.078  -0.00298393 
4.079  -0.00297743 
4.08  -0.00297094 
4.081  -0.00296447 
4.082  -0.00295802 
4.083  -0.00295159 
4.084  -0.00294517 
4.085  -0.00293877 
4.086  -0.00293238 
4.087  -0.00292601 
4.088  -0.00291966 
4.089  -0.00291333 
4.09  -0.00290701 
4.091  -0.00290071 
4.092  -0.00289442 
4.093  -0.00288815 
4.094  -0.0028819 
4.095  -0.00287566 
4.096  -0.00286944 
4.097  -0.00286323 
4.098  -0.00285704 
4.099  -0.00285087 
4.1  -0.00284471 
4.101  -0.00283857 
4.102  -0.00283245 
4.103  -0.00282634 
4.104  -0.00282024 
4.105  -0.00281417 
4.106  -0.0028081 
4.107  -0.00280206 
4.108  -0.00279603 
4.109  -0.00279001 
4.11  -0.00278401 
4.111  -0.00277802 
4.112  -0.00277205 
4.113  -0.0027661 
4.114  -0.00276016 
4.115  -0.00275424 
4.116  -0.00274833 
4.117  -0.00274243 
4.118  -0.00273656 
4.119  -0.00273069 
4.12  -0.00272484 
4.121  -0.00271901 
4.122  -0.00271319 
4.123  -0.00270739 
4.124  -0.0027016 
4.125  -0.00269583 
4.126  -0.00269007 
4.127  -0.00268432 
4.128  -0.00267859 
4.129  -0.00267288 
4.13  -0.00266718 
4.131  -0.00266149 
4.132  -0.00265582 
4.133  -0.00265016 
4.134  -0.00264452 
4.135  -0.00263889 
4.136  -0.00263328 
4.137  -0.00262768 
4.138  -0.00262209 
4.139  -0.00261652 
4.14  -0.00261096 
4.141  -0.00260542 
4.142  -0.00259989 
4.143  -0.00259438 
4.144  -0.00258887 
4.145  -0.00258339 
4.146  -0.00257791 
4.147  -0.00257245 
4.148  -0.00256701 
4.149  -0.00256158 
4.15  -0.00255616 
4.151  -0.00255075 
4.152  -0.00254536 
4.153  -0.00253999 
4.154  -0.00253462 
4.155  -0.00252927 
4.156  -0.00252394 
4.157  -0.00251861 
4.158  -0.0025133 
4.159  -0.00250801 
4.16  -0.00250272 
4.161  -0.00249745 
4.162  -0.0024922 
4.163  -0.00248695 
4.164  -0.00248172 
4.165  -0.00247651 
4.166  -0.0024713 
4.167  -0.00246611 
4.168  -0.00246093 
4.169  -0.00245577 
4.17  -0.00245062 
4.171  -0.00244548 
4.172  -0.00244035 
4.173  -0.00243524 
4.174  -0.00243014 
4.175  -0.00242505 
4.176  -0.00241998 
4.177  -0.00241491 
4.178  -0.00240986 
4.179  -0.00240483 
4.18  -0.0023998 
4.181  -0.00239479 
4.182  -0.00238979 
4.183  -0.0023848 
4.184  -0.00237983 
4.185  -0.00237487 
4.186  -0.00236992 
4.187  -0.00236498 
4.188  -0.00236006 
4.189  -0.00235514 
4.19  -0.00235024 
4.191  -0.00234535 
4.192  -0.00234048 
4.193  -0.00233561 
4.194  -0.00233076 
4.195  -0.00232592 
4.196  -0.00232109 
4.197  -0.00231628 
4.198  -0.00231147 
4.199  -0.00230668 
4.2  -0.0023019 
4.201  -0.00229713 
4.202  -0.00229237 
4.203  -0.00228763 
4.204  -0.0022829 
4.205  -0.00227817 
4.206  -0.00227346 
4.207  -0.00226877 
4.208  -0.00226408 
4.209  -0.0022594 
4.21  -0.00225474 
4.211  -0.00225009 
4.212  -0.00224545 
4.213  -0.00224082 
4.214  -0.0022362 
4.215  -0.00223159 
4.216  -0.002227 
4.217  -0.00222241 
4.218  -0.00221784 
4.219  -0.00221328 
4.22  -0.00220873 
4.221  -0.00220419 
4.222  -0.00219966 
4.223  -0.00219515 
4.224  -0.00219064 
4.225  -0.00218615 
4.226  -0.00218166 
4.227  -0.00217719 
4.228  -0.00217273 
4.229  -0.00216828 
4.23  -0.00216384 
4.231  -0.00215941 
4.232  -0.00215499 
4.233  -0.00215058 
4.234  -0.00214619 
4.235  -0.0021418 
4.236  -0.00213742 
4.237  -0.00213306 
4.238  -0.00212871 
4.239  -0.00212436 
4.24  -0.00212003 
4.241  -0.00211571 
4.242  -0.0021114 
4.243  -0.00210709 
4.244  -0.0021028 
4.245  -0.00209852 
4.246  -0.00209425 
4.247  -0.00208999 
4.248  -0.00208574 
4.249  -0.00208151 
4.25  -0.00207728 
4.251  -0.00207306 
4.252  -0.00206885 
4.253  -0.00206465 
4.254  -0.00206047 
4.255  -0.00205629 
4.256  -0.00205212 
4.257  -0.00204796 
4.258  -0.00204382 
4.259  -0.00203968 
4.26  -0.00203555 
4.261  -0.00203143 
4.262  -0.00202733 
4.263  -0.00202323 
4.264  -0.00201914 
4.265  -0.00201506 
4.266  -0.002011 
4.267  -0.00200694 
4.268  -0.00200289 
4.269  -0.00199885 
4.27  -0.00199482 
4.271  -0.0019908 
4.272  -0.00198679 
4.273  -0.00198279 
4.274  -0.0019788 
4.275  -0.00197482 
4.276  -0.00197085 
4.277  -0.00196689 
4.278  -0.00196294 
4.279  -0.00195899 
4.28  -0.00195506 
4.281  -0.00195114 
4.282  -0.00194722 
4.283  -0.00194332 
4.284  -0.00193942 
4.285  -0.00193554 
4.286  -0.00193166 
4.287  -0.00192779 
4.288  -0.00192393 
4.289  -0.00192008 
4.29  -0.00191624 
4.291  -0.00191241 
4.292  -0.00190859 
4.293  -0.00190478 
4.294  -0.00190098 
4.295  -0.00189718 
4.296  -0.0018934 
4.297  -0.00188962 
4.298  -0.00188585 
4.299  -0.00188209 
4.3  -0.00187834 
4.301  -0.0018746 
4.302  -0.00187087 
4.303  -0.00186715 
4.304  -0.00186343 
4.305  -0.00185973 
4.306  -0.00185603 
4.307  -0.00185234 
4.308  -0.00184867 
4.309  -0.001845 
4.31  -0.00184133 
4.311  -0.00183768 
4.312  -0.00183404 
4.313  -0.0018304 
4.314  -0.00182677 
4.315  -0.00182316 
4.316  -0.00181955 
4.317  -0.00181595 
4.318  -0.00181235 
4.319  -0.00180877 
4.32  -0.00180519 
4.321  -0.00180162 
4.322  -0.00179807 
4.323  -0.00179452 
4.324  -0.00179097 
4.325  -0.00178744 
4.326  -0.00178391 
4.327  -0.0017804 
4.328  -0.00177689 
4.329  -0.00177339 
4.33  -0.00176989 
4.331  -0.00176641 
4.332  -0.00176293 
4.333  -0.00175947 
4.334  -0.00175601 
4.335  -0.00175255 
4.336  -0.00174911 
4.337  -0.00174567 
4.338  -0.00174225 
4.339  -0.00173883 
4.34  -0.00173542 
4.341  -0.00173201 
4.342  -0.00172862 
4.343  -0.00172523 
4.344  -0.00172185 
4.345  -0.00171848 
4.346  -0.00171511 
4.347  -0.00171176 
4.348  -0.00170841 
4.349  -0.00170507 
4.35  -0.00170174 
4.351  -0.00169841 
4.352  -0.00169509 
4.353  -0.00169179 
4.354  -0.00168848 
4.355  -0.00168519 
4.356  -0.0016819 
4.357  -0.00167863 
4.358  -0.00167535 
4.359  -0.00167209 
4.36  -0.00166883 
4.361  -0.00166559 
4.362  -0.00166235 
4.363  -0.00165911 
4.364  -0.00165589 
4.365  -0.00165267 
4.366  -0.00164946 
4.367  -0.00164625 
4.368  -0.00164306 
4.369  -0.00163987 
4.37  -0.00163669 
4.371  -0.00163352 
4.372  -0.00163035 
4.373  -0.00162719 
4.374  -0.00162404 
4.375  -0.00162089 
4.376  -0.00161776 
4.377  -0.00161463 
4.378  -0.0016115 
4.379  -0.00160839 
4.38  -0.00160528 
4.381  -0.00160218 
4.382  -0.00159908 
4.383  -0.001596 
4.384  -0.00159292 
4.385  -0.00158984 
4.386  -0.00158678 
4.387  -0.00158372 
4.388  -0.00158067 
4.389  -0.00157762 
4.39  -0.00157459 
4.391  -0.00157156 
4.392  -0.00156853 
4.393  -0.00156552 
4.394  -0.00156251 
4.395  -0.0015595 
4.396  -0.00155651 
4.397  -0.00155352 
4.398  -0.00155053 
4.399  -0.00154756 
4.4  -0.00154459 
4.401  -0.00154163 
4.402  -0.00153867 
4.403  -0.00153573 
4.404  -0.00153278 
4.405  -0.00152985 
4.406  -0.00152692 
4.407  -0.001524 
4.408  -0.00152108 
4.409  -0.00151818 
4.41  -0.00151527 
4.411  -0.00151238 
4.412  -0.00150949 
4.413  -0.00150661 
4.414  -0.00150373 
4.415  -0.00150086 
4.416  -0.001498 
4.417  -0.00149515 
4.418  -0.0014923 
4.419  -0.00148945 
4.42  -0.00148662 
4.421  -0.00148379 
4.422  -0.00148097 
4.423  -0.00147815 
4.424  -0.00147534 
4.425  -0.00147253 
4.426  -0.00146974 
4.427  -0.00146694 
4.428  -0.00146416 
4.429  -0.00146138 
4.43  -0.00145861 
4.431  -0.00145584 
4.432  -0.00145308 
4.433  -0.00145033 
4.434  -0.00144758 
4.435  -0.00144484 
4.436  -0.0014421 
4.437  -0.00143937 
4.438  -0.00143665 
4.439  -0.00143393 
4.44  -0.00143122 
4.441  -0.00142852 
4.442  -0.00142582 
4.443  -0.00142313 
4.444  -0.00142044 
4.445  -0.00141776 
4.446  -0.00141509 
4.447  -0.00141242 
4.448  -0.00140976 
4.449  -0.0014071 
4.45  -0.00140445 
4.451  -0.00140181 
4.452  -0.00139917 
4.453  -0.00139653 
4.454  -0.00139391 
4.455  -0.00139129 
4.456  -0.00138867 
4.457  -0.00138606 
4.458  -0.00138346 
4.459  -0.00138086 
4.46  -0.00137827 
4.461  -0.00137569 
4.462  -0.00137311 
4.463  -0.00137053 
4.464  -0.00136796 
4.465  -0.0013654 
4.466  -0.00136284 
4.467  -0.00136029 
4.468  -0.00135775 
4.469  -0.00135521 
4.47  -0.00135267 
4.471  -0.00135015 
4.472  -0.00134762 
4.473  -0.0013451 
4.474  -0.00134259 
4.475  -0.00134009 
4.476  -0.00133759 
4.477  -0.00133509 
4.478  -0.0013326 
4.479  -0.00133012 
4.48  -0.00132764 
4.481  -0.00132517 
4.482  -0.0013227 
4.483  -0.00132024 
4.484  -0.00131778 
4.485  -0.00131533 
4.486  -0.00131288 
4.487  -0.00131044 
4.488  -0.00130801 
4.489  -0.00130558 
4.49  -0.00130316 
4.491  -0.00130074 
4.492  -0.00129832 
4.493  -0.00129592 
4.494  -0.00129351 
4.495  -0.00129112 
4.496  -0.00128872 
4.497  -0.00128634 
4.498  -0.00128396 
4.499  -0.00128158 
4.5  -0.00127921 
4.501  -0.00127684 
4.502  -0.00127448 
4.503  -0.00127213 
4.504  -0.00126978 
4.505  -0.00126743 
4.506  -0.00126509 
4.507  -0.00126276 
4.508  -0.00126043 
4.509  -0.0012581 
4.51  -0.00125579 
4.511  -0.00125347 
4.512  -0.00125116 
4.513  -0.00124886 
4.514  -0.00124656 
4.515  -0.00124426 
4.516  -0.00124198 
4.517  -0.00123969 
4.518  -0.00123741 
4.519  -0.00123514 
4.52  -0.00123287 
4.521  -0.00123061 
4.522  -0.00122835 
4.523  -0.00122609 
4.524  -0.00122384 
4.525  -0.0012216 
4.526  -0.00121936 
4.527  -0.00121713 
4.528  -0.0012149 
4.529  -0.00121267 
4.53  -0.00121045 
4.531  -0.00120824 
4.532  -0.00120603 
4.533  -0.00120382 
4.534  -0.00120162 
4.535  -0.00119942 
4.536  -0.00119723 
4.537  -0.00119505 
4.538  -0.00119287 
4.539  -0.00119069 
4.54  -0.00118852 
4.541  -0.00118635 
4.542  -0.00118419 
4.543  -0.00118203 
4.544  -0.00117988 
4.545  -0.00117773 
4.546  -0.00117558 
4.547  -0.00117344 
4.548  -0.00117131 
4.549  -0.00116918 
4.55  -0.00116705 
4.551  -0.00116493 
4.552  -0.00116282 
4.553  -0.00116071 
4.554  -0.0011586 
4.555  -0.0011565 
4.556  -0.0011544 
4.557  -0.00115231 
4.558  -0.00115022 
4.559  -0.00114813 
4.56  -0.00114605 
4.561  -0.00114398 
4.562  -0.00114191 
4.563  -0.00113984 
4.564  -0.00113778 
4.565  -0.00113572 
4.566  -0.00113367 
4.567  -0.00113162 
4.568  -0.00112957 
4.569  -0.00112753 
4.57  -0.0011255 
4.571  -0.00112347 
4.572  -0.00112144 
4.573  -0.00111942 
4.574  -0.0011174 
4.575  -0.00111539 
4.576  -0.00111338 
4.577  -0.00111137 
4.578  -0.00110937 
4.579  -0.00110737 
4.58  -0.00110538 
4.581  -0.00110339 
4.582  -0.00110141 
4.583  -0.00109943 
4.584  -0.00109746 
4.585  -0.00109549 
4.586  -0.00109352 
4.587  -0.00109156 
4.588  -0.0010896 
4.589  -0.00108764 
4.59  -0.00108569 
4.591  -0.00108375 
4.592  -0.00108181 
4.593  -0.00107987 
4.594  -0.00107793 
4.595  -0.00107601 
4.596  -0.00107408 
4.597  -0.00107216 
4.598  -0.00107024 
4.599  -0.00106833 
4.6  -0.00106642 
4.601  -0.00106452 
4.602  -0.00106261 
4.603  -0.00106072 
4.604  -0.00105883 
4.605  -0.00105694 
4.606  -0.00105505 
4.607  -0.00105317 
4.608  -0.00105129 
4.609  -0.00104942 
4.61  -0.00104755 
4.611  -0.00104569 
4.612  -0.00104383 
4.613  -0.00104197 
4.614  -0.00104012 
4.615  -0.00103827 
4.616  -0.00103642 
4.617  -0.00103458 
4.618  -0.00103275 
4.619  -0.00103091 
4.62  -0.00102908 
4.621  -0.00102726 
4.622  -0.00102544 
4.623  -0.00102362 
4.624  -0.0010218 
4.625  -0.00101999 
4.626  -0.00101819 
4.627  -0.00101638 
4.628  -0.00101458 
4.629  -0.00101279 
4.63  -0.001011 
4.631  -0.00100921 
4.632  -0.00100743 
4.633  -0.00100565 
4.634  -0.00100387 
4.635  -0.0010021 
4.636  -0.00100033 
4.637  -0.000998564 
4.638  -0.000996803 
4.639  -0.000995045 
4.64  -0.000993291 
4.641  -0.000991541 
4.642  -0.000989794 
4.643  -0.000988051 
4.644  -0.000986312 
4.645  -0.000984576 
4.646  -0.000982844 
4.647  -0.000981115 
4.648  -0.00097939 
4.649  -0.000977669 
4.65  -0.000975952 
4.651  -0.000974238 
4.652  -0.000972527 
4.653  -0.00097082 
4.654  -0.000969117 
4.655  -0.000967417 
4.656  -0.000965721 
4.657  -0.000964028 
4.658  -0.000962339 
4.659  -0.000960653 
4.66  -0.000958971 
4.661  -0.000957293 
4.662  -0.000955618 
4.663  -0.000953946 
4.664  -0.000952278 
4.665  -0.000950613 
4.666  -0.000948952 
4.667  -0.000947294 
4.668  -0.00094564 
4.669  -0.000943989 
4.67  -0.000942342 
4.671  -0.000940698 
4.672  -0.000939057 
4.673  -0.00093742 
4.674  -0.000935786 
4.675  -0.000934156 
4.676  -0.000932529 
4.677  -0.000930905 
4.678  -0.000929285 
4.679  -0.000927668 
4.68  -0.000926054 
4.681  -0.000924444 
4.682  -0.000922837 
4.683  -0.000921233 
4.684  -0.000919633 
4.685  -0.000918036 
4.686  -0.000916442 
4.687  -0.000914852 
4.688  -0.000913265 
4.689  -0.000911681 
4.69  -0.0009101 
4.691  -0.000908523 
4.692  -0.000906949 
4.693  -0.000905378 
4.694  -0.00090381 
4.695  -0.000902246 
4.696  -0.000900685 
4.697  -0.000899127 
4.698  -0.000897572 
4.699  -0.000896021 
4.7  -0.000894472 
4.701  -0.000892927 
4.702  -0.000891385 
4.703  -0.000889847 
4.704  -0.000888311 
4.705  -0.000886778 
4.706  -0.000885249 
4.707  -0.000883723 
4.708  -0.0008822 
4.709  -0.00088068 
4.71  -0.000879163 
4.711  -0.000877649 
4.712  -0.000876139 
4.713  -0.000874631 
4.714  -0.000873127 
4.715  -0.000871625 
4.716  -0.000870127 
4.717  -0.000868632 
4.718  -0.000867139 
4.719  -0.00086565 
4.72  -0.000864164 
4.721  -0.000862681 
4.722  -0.000861201 
4.723  -0.000859724 
4.724  -0.00085825 
4.725  -0.000856779 
4.726  -0.000855311 
4.727  -0.000853846 
4.728  -0.000852384 
4.729  -0.000850925 
4.73  -0.000849469 
4.731  -0.000848016 
4.732  -0.000846566 
4.733  -0.000845118 
4.734  -0.000843674 
4.735  -0.000842233 
4.736  -0.000840794 
4.737  -0.000839359 
4.738  -0.000837926 
4.739  -0.000836497 
4.74  -0.00083507 
4.741  -0.000833646 
4.742  -0.000832225 
4.743  -0.000830807 
4.744  -0.000829392 
4.745  -0.000827979 
4.746  -0.00082657 
4.747  -0.000825163 
4.748  -0.000823759 
4.749  -0.000822358 
4.75  -0.00082096 
4.751  -0.000819565 
4.752  -0.000818172 
4.753  -0.000816783 
4.754  -0.000815396 
4.755  -0.000814012 
4.756  -0.00081263 
4.757  -0.000811252 
4.758  -0.000809876 
4.759  -0.000808503 
4.76  -0.000807133 
4.761  -0.000805766 
4.762  -0.000804401 
4.763  -0.000803039 
4.764  -0.00080168 
4.765  -0.000800324 
4.766  -0.00079897 
4.767  -0.000797619 
4.768  -0.000796271 
4.769  -0.000794925 
4.77  -0.000793582 
4.771  -0.000792242 
4.772  -0.000790905 
4.773  -0.00078957 
4.774  -0.000788238 
4.775  -0.000786908 
4.776  -0.000785581 
4.777  -0.000784257 
4.778  -0.000782936 
4.779  -0.000781617 
4.78  -0.000780301 
4.781  -0.000778987 
4.782  -0.000777676 
4.783  -0.000776368 
4.784  -0.000775062 
4.785  -0.000773759 
4.786  -0.000772459 
4.787  -0.000771161 
4.788  -0.000769866 
4.789  -0.000768573 
4.79  -0.000767283 
4.791  -0.000765996 
4.792  -0.000764711 
4.793  -0.000763428 
4.794  -0.000762148 
4.795  -0.000760871 
4.796  -0.000759596 
4.797  -0.000758324 
4.798  -0.000757054 
4.799  -0.000755787 
4.8  -0.000754523 
4.801  -0.000753261 
4.802  -0.000752001 
4.803  -0.000750744 
4.804  -0.000749489 
4.805  -0.000748237 
4.806  -0.000746987 
4.807  -0.00074574 
4.808  -0.000744496 
4.809  -0.000743253 
4.81  -0.000742014 
4.811  -0.000740776 
4.812  -0.000739542 
4.813  -0.000738309 
4.814  -0.000737079 
4.815  -0.000735852 
4.816  -0.000734627 
4.817  -0.000733404 
4.818  -0.000732184 
4.819  -0.000730966 
4.82  -0.000729751 
4.821  -0.000728538 
4.822  -0.000727327 
4.823  -0.000726119 
4.824  -0.000724913 
4.825  -0.000723709 
4.826  -0.000722508 
4.827  -0.00072131 
4.828  -0.000720113 
4.829  -0.000718919 
4.83  -0.000717728 
4.831  -0.000716538 
4.832  -0.000715351 
4.833  -0.000714167 
4.834  -0.000712984 
4.835  -0.000711804 
4.836  -0.000710627 
4.837  -0.000709451 
4.838  -0.000708278 
4.839  -0.000707108 
4.84  -0.000705939 
4.841  -0.000704773 
4.842  -0.000703609 
4.843  -0.000702448 
4.844  -0.000701288 
4.845  -0.000700131 
4.846  -0.000698977 
4.847  -0.000697824 
4.848  -0.000696674 
4.849  -0.000695526 
4.85  -0.00069438 
4.851  -0.000693237 
4.852  -0.000692096 
4.853  -0.000690957 
4.854  -0.00068982 
4.855  -0.000688685 
4.856  -0.000687553 
4.857  -0.000686423 
4.858  -0.000685295 
4.859  -0.000684169 
4.86  -0.000683046 
4.861  -0.000681924 
4.862  -0.000680805 
4.863  -0.000679688 
4.864  -0.000678573 
4.865  -0.000677461 
4.866  -0.00067635 
4.867  -0.000675242 
4.868  -0.000674136 
4.869  -0.000673032 
4.87  -0.00067193 
4.871  -0.00067083 
4.872  -0.000669733 
4.873  -0.000668637 
4.874  -0.000667544 
4.875  -0.000666453 
4.876  -0.000665364 
4.877  -0.000664277 
4.878  -0.000663192 
4.879  -0.000662109 
4.88  -0.000661029 
4.881  -0.00065995 
4.882  -0.000658874 
4.883  -0.000657799 
4.884  -0.000656727 
4.885  -0.000655657 
4.886  -0.000654589 
4.887  -0.000653523 
4.888  -0.000652459 
4.889  -0.000651397 
4.89  -0.000650337 
4.891  -0.000649279 
4.892  -0.000648223 
4.893  -0.00064717 
4.894  -0.000646118 
4.895  -0.000645068 
4.896  -0.000644021 
4.897  -0.000642975 
4.898  -0.000641931 
4.899  -0.00064089 
4.9  -0.00063985 
4.901  -0.000638812 
4.902  -0.000637777 
4.903  -0.000636743 
4.904  -0.000635712 
4.905  -0.000634682 
4.906  -0.000633654 
4.907  -0.000632629 
4.908  -0.000631605 
4.909  -0.000630583 
4.91  -0.000629563 
4.911  -0.000628546 
4.912  -0.00062753 
4.913  -0.000626516 
4.914  -0.000625504 
4.915  -0.000624494 
4.916  -0.000623486 
4.917  -0.000622479 
4.918  -0.000621475 
4.919  -0.000620473 
4.92  -0.000619473 
4.921  -0.000618474 
4.922  -0.000617477 
4.923  -0.000616483 
4.924  -0.00061549 
4.925  -0.000614499 
4.926  -0.00061351 
4.927  -0.000612523 
4.928  -0.000611538 
4.929  -0.000610555 
4.93  -0.000609573 
4.931  -0.000608594 
4.932  -0.000607616 
4.933  -0.00060664 
4.934  -0.000605666 
4.935  -0.000604694 
4.936  -0.000603724 
4.937  -0.000602755 
4.938  -0.000601789 
4.939  -0.000600824 
4.94  -0.000599861 
4.941  -0.0005989 
4.942  -0.000597941 
4.943  -0.000596983 
4.944  -0.000596028 
4.945  -0.000595074 
4.946  -0.000594122 
4.947  -0.000593172 
4.948  -0.000592224 
4.949  -0.000591277 
4.95  -0.000590332 
4.951  -0.000589389 
4.952  -0.000588448 
4.953  -0.000587509 
4.954  -0.000586571 
4.955  -0.000585635 
4.956  -0.000584701 
4.957  -0.000583769 
4.958  -0.000582839 
4.959  -0.00058191 
4.96  -0.000580983 
4.961  -0.000580057 
4.962  -0.000579134 
4.963  -0.000578212 
4.964  -0.000577292 
4.965  -0.000576374 
4.966  -0.000575457 
4.967  -0.000574543 
4.968  -0.000573629 
4.969  -0.000572718 
4.97  -0.000571808 
4.971  -0.000570901 
4.972  -0.000569994 
4.973  -0.00056909 
4.974  -0.000568187 
4.975  -0.000567286 
4.976  -0.000566386 
4.977  -0.000565489 
4.978  -0.000564593 
4.979  -0.000563698 
4.98  -0.000562806 
4.981  -0.000561915 
4.982  -0.000561025 
4.983  -0.000560138 
4.984  -0.000559252 
4.985  -0.000558367 
4.986  -0.000557485 
4.987  -0.000556604 
4.988  -0.000555724 
4.989  -0.000554847 
4.99  -0.000553971 
4.991  -0.000553096 
4.992  -0.000552223 
4.993  -0.000551352 
4.994  -0.000550483 
4.995  -0.000549615 
4.996  -0.000548749 
4.997  -0.000547884 
4.998  -0.000547021 
4.999  -0.000546159 
5  -0.0005453 
