0.001  1.61652e+72 
0.002  2.33034e+79 
0.003  2.07523e+69 
0.004  2.55948e+72 
0.005  6.76703e+66 
0.006  2.41171e+60 
0.007  8.39728e+67 
0.008  5.44108e+63 
0.009  1.99795e+77 
0.01  3.61646e+68 
0.011  5.68318e+69 
0.012  1.08967e+69 
0.013  3.74996e+65 
0.014  8.75512e+64 
0.015  1.8259e+78 
0.016  2.13027e+71 
0.017  1.17025e+69 
0.018  4.86905e+73 
0.019  6.9092e+62 
0.02  1.5419e+58 
0.021  1.7965e+58 
0.022  1.71356e+60 
0.023  8.46498e+62 
0.024  4.27292e+85 
0.025  5.88205e+53 
0.026  1.64893e+65 
0.027  5.14713e+68 
0.028  1.07632e+63 
0.029  2.62527e+65 
0.03  6.0339e+54 
0.031  1.92394e+72 
0.032  1.42942e+57 
0.033  2.92675e+71 
0.034  8.58838e+68 
0.035  9.36663e+55 
0.036  1.11764e+68 
0.037  5.03722e+66 
0.038  2.08597e+72 
0.039  1.04548e+60 
0.04  3.5206e+59 
0.041  4.70732e+63 
0.042  1.10968e+66 
0.043  8.91931e+64 
0.044  1.09913e+58 
0.045  2.7099e+73 
0.046  1.55866e+65 
0.047  1.38928e+75 
0.048  1.84736e+65 
0.049  2.95591e+60 
0.05  9.65027e+60 
0.051  1.13021e+79 
0.052  1.76046e+70 
0.053  8.31223e+60 
0.054  8.71513e+63 
0.055  1.01179e+76 
0.056  2.84098e+65 
0.057  2.52731e+59 
0.058  2.5815e+59 
0.059  2.09854e+67 
0.06  1.29916e+73 
0.061  6.01263e+60 
0.062  2.28238e+62 
0.063  2.49314e+61 
0.064  7.32091e+63 
0.065  5.67835e+58 
0.066  2.40145e+68 
0.067  8.09216e+68 
0.068  2.11336e+58 
0.069  5.71933e+59 
0.07  5.53588e+62 
0.071  1.12489e+75 
0.072  2.40222e+70 
0.073  4.51118e+55 
0.074  4.47432e+69 
0.075  1.34746e+58 
0.076  7.17473e+69 
0.077  2.98846e+54 
0.078  3.56143e+65 
0.079  3.18016e+63 
0.08  3.65326e+81 
0.081  3.39474e+62 
0.082  5.93411e+67 
0.083  1.56591e+63 
0.084  7.36495e+59 
0.085  1.51717e+65 
0.086  1.29983e+61 
0.087  1.00235e+73 
0.088  2.50515e+65 
0.089  2.8832e+73 
0.09  3.9233e+72 
0.091  4.73024e+67 
0.092  1.8604e+63 
0.093  4.36965e+58 
0.094  2.54192e+67 
0.095  4.14026e+77 
0.096  3.69611e+56 
0.097  4.90629e+65 
0.098  3.79387e+65 
0.099  2.37631e+62 
0.1  3.86104e+63 
0.101  5.31918e+66 
0.102  1.33436e+59 
0.103  3.95574e+60 
0.104  6.33046e+60 
0.105  3.59112e+75 
0.106  3.09273e+60 
0.107  2.0943e+74 
0.108  3.13406e+72 
0.109  1.09426e+72 
0.11  5.4702e+56 
0.111  1.82658e+66 
0.112  8.59412e+68 
0.113  4.4613e+61 
0.114  1.10737e+69 
0.115  2.94697e+56 
0.116  2.61767e+64 
0.117  2.38273e+59 
0.118  5.3746e+55 
0.119  4.06603e+61 
0.12  2.66247e+59 
0.121  7.9002e+60 
0.122  4.56248e+55 
0.123  3.69164e+61 
0.124  6.64283e+52 
0.125  4.04678e+58 
0.126  3.65842e+68 
0.127  6.05752e+58 
0.128  3.97754e+60 
0.129  4.16391e+72 
0.13  1.30743e+76 
0.131  2.31821e+59 
0.132  7.47521e+62 
0.133  1.12752e+63 
0.134  5.132e+67 
0.135  1.9625e+67 
0.136  1.88401e+62 
0.137  1.61763e+65 
0.138  1.24903e+67 
0.139  1.0987e+60 
0.14  6.73016e+61 
0.141  8.5449e+58 
0.142  8.33992e+60 
0.143  2.12619e+59 
0.144  1.48718e+65 
0.145  1.02932e+78 
0.146  7.54979e+77 
0.147  9.39447e+66 
0.148  2.01124e+72 
0.149  3.33788e+59 
0.15  6.55548e+59 
0.151  9.11673e+55 
0.152  5.51666e+68 
0.153  3.04126e+62 
0.154  2.52554e+61 
0.155  3.89337e+63 
0.156  1.05261e+64 
0.157  1.15265e+66 
0.158  8.47887e+62 
0.159  1.08014e+62 
0.16  6.48274e+59 
0.161  2.15967e+72 
0.162  1.97928e+64 
0.163  1.11332e+62 
0.164  7.10499e+66 
0.165  7.98327e+64 
0.166  1.84095e+63 
0.167  4.4202e+62 
0.168  5.31883e+59 
0.169  1.04045e+66 
0.17  4.25972e+61 
0.171  2.04842e+58 
0.172  4.73722e+66 
0.173  3.49342e+59 
0.174  2.39088e+72 
0.175  3.74382e+73 
0.176  2.61013e+66 
0.177  4.51755e+63 
0.178  4.02914e+58 
0.179  1.00593e+63 
0.18  9.3531e+55 
0.181  3.29175e+66 
0.182  5.86487e+62 
0.183  1.6506e+71 
0.184  1.37088e+62 
0.185  2.89679e+57 
0.186  2.93596e+82 
0.187  5.77813e+71 
0.188  1.86721e+62 
0.189  4.08292e+66 
0.19  1.90912e+58 
0.191  2.56583e+59 
0.192  2.30788e+69 
0.193  2.97947e+64 
0.194  7.11457e+63 
0.195  4.48737e+85 
0.196  1.33874e+67 
0.197  2.6701e+58 
0.198  1.8674e+72 
0.199  1.79165e+76 
0.2  2.85846e+65 
0.201  7.36956e+67 
0.202  4.25913e+56 
0.203  2.07139e+56 
0.204  4.22617e+57 
0.205  3.3773e+59 
0.206  1.30274e+57 
0.207  8.32617e+68 
0.208  6.95107e+54 
0.209  6.23006e+59 
0.21  3.32911e+66 
0.211  6.82489e+64 
0.212  2.95144e+59 
0.213  3.40465e+70 
0.214  4.88062e+54 
0.215  3.54641e+57 
0.216  7.0762e+105 
0.217  7.73093e+64 
0.218  1.17426e+63 
0.219  1.57456e+93 
0.22  1.50773e+53 
0.221  4.30953e+59 
0.222  8.26106e+71 
0.223  6.04368e+59 
0.224  3.46824e+57 
0.225  5.92227e+69 
0.226  4.08955e+71 
0.227  7.07736e+54 
0.228  1.47111e+63 
0.229  3.81019e+65 
0.23  2.48443e+62 
0.231  2.21933e+66 
0.232  9.22325e+69 
0.233  5.20443e+66 
0.234  6.89182e+55 
0.235  9.37499e+68 
0.236  1.38207e+55 
0.237  8.94391e+60 
0.238  6.93845e+68 
0.239  4.84852e+59 
0.24  3.47083e+69 
0.241  8.76557e+68 
0.242  1.10371e+59 
0.243  1.03446e+59 
0.244  2.12767e+72 
0.245  3.2485e+63 
0.246  3.27089e+56 
0.247  1.7889e+60 
0.248  2.76441e+62 
0.249  2.17637e+72 
0.25  1.63652e+75 
0.251  2.5271e+64 
0.252  2.12757e+60 
0.253  1.89947e+58 
0.254  3.73553e+52 
0.255  4.29448e+56 
0.256  2.55437e+65 
0.257  2.02024e+69 
0.258  6.11042e+64 
0.259  9.98538e+61 
0.26  3.39742e+63 
0.261  6.52055e+70 
0.262  1.15616e+67 
0.263  3.38783e+57 
0.264  4.01237e+77 
0.265  2.7038e+65 
0.266  2.71249e+69 
0.267  1.9674e+92 
0.268  5.77699e+70 
0.269  8.65812e+68 
0.27  1.29503e+73 
0.271  1.38058e+65 
0.272  3.43901e+65 
0.273  1.10786e+64 
0.274  2.20696e+54 
0.275  5.52966e+62 
0.276  5.83707e+67 
0.277  7.27258e+57 
0.278  2.23259e+77 
0.279  4.51234e+58 
0.28  3.40586e+59 
0.281  2.62105e+62 
0.282  4.2016e+61 
0.283  4.34978e+69 
0.284  6.25516e+61 
0.285  2.05691e+70 
0.286  1.78879e+65 
0.287  5.99872e+58 
0.288  5.596e+70 
0.289  6.46979e+55 
0.29  3.2588e+57 
0.291  5.41861e+81 
0.292  1.086e+67 
0.293  5.36952e+55 
0.294  1.50373e+58 
0.295  6.18464e+63 
0.296  8.38898e+62 
0.297  9.96286e+57 
0.298  9.90548e+68 
0.299  8.75044e+67 
0.3  6.30352e+65 
0.301  9.54204e+78 
0.302  6.58165e+61 
0.303  8.45026e+61 
0.304  2.6234e+65 
0.305  8.29136e+61 
0.306  6.71269e+65 
0.307  4.89744e+70 
0.308  7.34407e+60 
0.309  1.97406e+59 
0.31  8.97821e+54 
0.311  8.93356e+54 
0.312  3.33142e+62 
0.313  2.39839e+59 
0.314  9.97284e+63 
0.315  6.29058e+58 
0.316  1.0408e+63 
0.317  5.92558e+59 
0.318  5.34365e+61 
0.319  7.76711e+61 
0.32  5.2445e+62 
0.321  5.9445e+66 
0.322  9.74673e+58 
0.323  1.19458e+56 
0.324  7.16638e+69 
0.325  1.24727e+60 
0.326  6.61093e+61 
0.327  1.41828e+59 
0.328  5.23451e+66 
0.329  2.69843e+55 
0.33  5.9534e+63 
0.331  6.8408e+61 
0.332  1.38006e+58 
0.333  8.84515e+60 
0.334  2.91206e+73 
0.335  5.94964e+58 
0.336  9.75353e+64 
0.337  1.95871e+79 
0.338  8.41522e+64 
0.339  4.68786e+62 
0.34  1.30745e+66 
0.341  3.86241e+65 
0.342  1.7632e+57 
0.343  4.49996e+58 
0.344  3.64902e+87 
0.345  7.27057e+63 
0.346  9.68991e+57 
0.347  7.71161e+60 
0.348  1.41338e+58 
0.349  2.10375e+72 
0.35  4.02359e+63 
0.351  4.74475e+65 
0.352  1.4326e+64 
0.353  1.78657e+71 
0.354  7.84292e+57 
0.355  1.95802e+67 
0.356  1.58309e+64 
0.357  1.70655e+71 
0.358  1.66926e+66 
0.359  6.65778e+61 
0.36  6.20334e+58 
0.361  1.4682e+61 
0.362  4.5483e+53 
0.363  9.46844e+57 
0.364  1.40563e+66 
0.365  3.3214e+55 
0.366  5.93446e+67 
0.367  2.09444e+55 
0.368  3.11184e+72 
0.369  1.29031e+62 
0.37  1.89083e+56 
0.371  1.47679e+86 
0.372  1.01865e+61 
0.373  4.61522e+61 
0.374  2.82286e+74 
0.375  4.36086e+64 
0.376  8.23848e+59 
0.377  3.58527e+58 
0.378  2.21905e+55 
0.379  9.72088e+58 
0.38  5.33028e+78 
0.381  8.0528e+57 
0.382  7.99316e+70 
0.383  6.51285e+62 
0.384  5.19012e+65 
0.385  5.49626e+66 
0.386  9.45366e+54 
0.387  3.5007e+53 
0.388  8.97665e+57 
0.389  2.04802e+59 
0.39  1.90437e+57 
0.391  4.69795e+66 
0.392  1.08086e+66 
0.393  9.6395e+55 
0.394  2.69346e+86 
0.395  6.05237e+66 
0.396  6.78046e+64 
0.397  4.16856e+76 
0.398  1.11731e+63 
0.399  6.07657e+60 
0.4  1.29372e+85 
0.401  4.1928e+65 
0.402  6.57077e+58 
0.403  1.00258e+64 
0.404  2.5293e+58 
0.405  1.77214e+63 
0.406  2.86199e+58 
0.407  3.19272e+63 
0.408  4.17871e+89 
0.409  2.40688e+68 
0.41  6.49548e+57 
0.411  4.75996e+62 
0.412  1.69481e+72 
0.413  5.08959e+81 
0.414  7.69485e+63 
0.415  7.63452e+65 
0.416  3.74504e+58 
0.417  1.23318e+71 
0.418  8.48718e+69 
0.419  1.27155e+59 
0.42  5.4605e+69 
0.421  6.6182e+62 
0.422  1.11885e+53 
0.423  3.12134e+64 
0.424  4.46921e+59 
0.425  5.38285e+70 
0.426  4.36637e+62 
0.427  2.9624e+68 
0.428  2.95368e+63 
0.429  1.49464e+64 
0.43  4.08815e+63 
0.431  1.27871e+68 
0.432  6.01811e+66 
0.433  1.75257e+59 
0.434  1.16238e+55 
0.435  1.92884e+70 
0.436  3.55225e+81 
0.437  6.00226e+56 
0.438  4.6586e+62 
0.439  1.60937e+62 
0.44  1.6842e+69 
0.441  1.57225e+57 
0.442  1.43099e+60 
0.443  2.35929e+60 
0.444  1.74257e+58 
0.445  1.9591e+58 
0.446  5.58354e+61 
0.447  7.12061e+65 
0.448  2.39153e+76 
0.449  1.08935e+57 
0.45  4.08191e+82 
0.451  2.18612e+72 
0.452  4.11007e+62 
0.453  7.50088e+55 
0.454  6.69973e+70 
0.455  1.01965e+63 
0.456  1.8107e+71 
0.457  1.3276e+71 
0.458  1.84995e+63 
0.459  1.44433e+57 
0.46  1.42867e+87 
0.461  3.02671e+62 
0.462  1.6874e+71 
0.463  1.25485e+73 
0.464  3.54725e+56 
0.465  2.40221e+62 
0.466  4.78343e+69 
0.467  6.15726e+73 
0.468  1.64542e+58 
0.469  1.03524e+58 
0.47  1.98888e+60 
0.471  6.9246e+59 
0.472  1.1045e+58 
0.473  1.39644e+60 
0.474  4.35795e+68 
0.475  1.15132e+55 
0.476  2.22232e+55 
0.477  5.69169e+61 
0.478  6.75331e+60 
0.479  8.52544e+66 
0.48  9.71407e+72 
0.481  1.67433e+59 
0.482  1.75945e+69 
0.483  8.5688e+75 
0.484  4.94156e+55 
0.485  6.20263e+59 
0.486  3.28965e+69 
0.487  1.42586e+77 
0.488  1.80661e+61 
0.489  2.32302e+63 
0.49  1.31712e+65 
0.491  4.76488e+73 
0.492  6.88585e+65 
0.493  1.00629e+63 
0.494  1.29147e+60 
0.495  6.35958e+67 
0.496  2.98095e+61 
0.497  1.08263e+62 
0.498  1.02626e+55 
0.499  1.03199e+62 
0.5  1.49611e+64 
0.501  4.75608e+59 
0.502  1.23922e+63 
0.503  6.23146e+56 
0.504  3.71576e+56 
0.505  5.31102e+66 
0.506  7.28497e+77 
0.507  2.70225e+67 
0.508  2.3544e+80 
0.509  5.09746e+79 
0.51  1.10124e+61 
0.511  6.933e+55 
0.512  3.68452e+58 
0.513  2.09294e+62 
0.514  4.6834e+64 
0.515  4.48822e+57 
0.516  3.72695e+60 
0.517  3.09527e+89 
0.518  1.2259e+63 
0.519  1.04783e+72 
0.52  4.77956e+62 
0.521  2.53743e+55 
0.522  8.87554e+67 
0.523  4.67042e+62 
0.524  9.96261e+63 
0.525  2.4155e+74 
0.526  7.58847e+57 
0.527  4.36856e+61 
0.528  1.29914e+58 
0.529  2.20436e+61 
0.53  2.62177e+57 
0.531  3.607e+62 
0.532  3.32135e+69 
0.533  2.03318e+70 
0.534  7.11692e+56 
0.535  1.72741e+57 
0.536  3.86344e+76 
0.537  3.67909e+55 
0.538  2.01036e+66 
0.539  2.45281e+67 
0.54  3.33974e+66 
0.541  3.92675e+76 
0.542  2.65581e+56 
0.543  2.81271e+74 
0.544  4.05849e+57 
0.545  1.43476e+60 
0.546  2.64623e+65 
0.547  4.4483e+65 
0.548  2.17313e+80 
0.549  1.16461e+79 
0.55  4.69323e+62 
0.551  5.89356e+59 
0.552  3.34035e+68 
0.553  1.69696e+62 
0.554  7.95732e+72 
0.555  1.49335e+66 
0.556  2.78503e+62 
0.557  1.67481e+68 
0.558  1.34182e+72 
0.559  7.10225e+71 
0.56  1.89975e+62 
0.561  2.43227e+62 
0.562  3.43025e+56 
0.563  2.57859e+59 
0.564  9.96767e+61 
0.565  7.58305e+64 
0.566  8.85467e+61 
0.567  2.94301e+82 
0.568  7.20462e+59 
0.569  2.17327e+68 
0.57  6.86936e+62 
0.571  6.96153e+57 
0.572  1.421e+59 
0.573  2.4077e+59 
0.574  1.93513e+61 
0.575  6.77473e+66 
0.576  3.04771e+61 
0.577  1.03158e+61 
0.578  1.73208e+62 
0.579  4.22167e+69 
0.58  6.06458e+53 
0.581  3.12419e+56 
0.582  1.84631e+73 
0.583  5.69311e+68 
0.584  1.41531e+62 
0.585  2.87323e+60 
0.586  4.83755e+62 
0.587  2.11861e+62 
0.588  7.62723e+55 
0.589  3.08887e+56 
0.59  2.65681e+60 
0.591  1.2569e+64 
0.592  1.79165e+75 
0.593  5.37323e+62 
0.594  1.7599e+72 
0.595  5.69577e+60 
0.596  1.7514e+59 
0.597  1.03217e+60 
0.598  1.56453e+63 
0.599  1.45773e+64 
0.6  2.1168e+63 
0.601  2.91507e+69 
0.602  1.79597e+57 
0.603  1.28335e+64 
0.604  2.50435e+61 
0.605  3.16597e+64 
0.606  1.01032e+65 
0.607  1.61126e+71 
0.608  1.63862e+59 
0.609  1.95395e+63 
0.61  3.05022e+55 
0.611  6.27796e+59 
0.612  6.81503e+60 
0.613  2.36196e+58 
0.614  8.06873e+59 
0.615  2.1268e+71 
0.616  2.93081e+71 
0.617  1.45014e+57 
0.618  1.40496e+58 
0.619  1.88226e+69 
0.62  8.56297e+67 
0.621  3.24194e+54 
0.622  2.45411e+56 
0.623  4.50852e+64 
0.624  1.10943e+65 
0.625  1.33768e+65 
0.626  5.89235e+65 
0.627  1.04204e+66 
0.628  3.56953e+66 
0.629  1.75878e+74 
0.63  1.12964e+66 
0.631  7.27182e+59 
0.632  1.30237e+61 
0.633  1.23239e+68 
0.634  3.49114e+81 
0.635  6.88146e+58 
0.636  8.95059e+69 
0.637  3.92296e+61 
0.638  6.07952e+70 
0.639  1.99857e+58 
0.64  9.12434e+61 
0.641  5.05311e+65 
0.642  3.30169e+66 
0.643  8.05409e+53 
0.644  1.32676e+61 
0.645  1.28608e+66 
0.646  2.77699e+65 
0.647  1.7237e+78 
0.648  3.22421e+55 
0.649  1.35422e+55 
0.65  8.81798e+71 
0.651  7.69708e+62 
0.652  1.4984e+57 
0.653  5.28128e+57 
0.654  5.9283e+87 
0.655  2.76251e+67 
0.656  7.61385e+57 
0.657  6.61255e+62 
0.658  2.12907e+64 
0.659  4.58012e+57 
0.66  5.105e+71 
0.661  4.83025e+85 
0.662  1.15602e+60 
0.663  7.19293e+57 
0.664  4.14891e+57 
0.665  9.67014e+57 
0.666  8.93504e+55 
0.667  3.35981e+65 
0.668  9.73258e+68 
0.669  1.31294e+58 
0.67  5.67398e+57 
0.671  2.09822e+63 
0.672  3.6886e+62 
0.673  4.58662e+56 
0.674  2.29237e+62 
0.675  1.43032e+61 
0.676  1.14277e+64 
0.677  3.17829e+72 
0.678  1.46937e+52 
0.679  4.92568e+60 
0.68  5.14559e+64 
0.681  4.5296e+61 
0.682  1.91691e+66 
0.683  4.50443e+68 
0.684  2.25761e+73 
0.685  5.04252e+71 
0.686  8.70649e+67 
0.687  1.83319e+65 
0.688  9.22978e+60 
0.689  2.66009e+64 
0.69  5.3405e+74 
0.691  5.73785e+62 
0.692  9.89193e+57 
0.693  1.05098e+68 
0.694  1.12452e+69 
0.695  3.09006e+74 
0.696  1.57522e+73 
0.697  2.76602e+72 
0.698  1.51959e+80 
0.699  1.19898e+59 
0.7  3.27647e+77 
0.701  2.10741e+61 
0.702  5.23627e+57 
0.703  1.61222e+61 
0.704  2.21175e+64 
0.705  6.46118e+67 
0.706  7.85109e+68 
0.707  1.44884e+68 
0.708  2.6942e+59 
0.709  2.2292e+83 
0.71  3.18647e+57 
0.711  1.44571e+64 
0.712  2.82576e+60 
0.713  9.66628e+59 
0.714  1.98073e+84 
0.715  1.3155e+61 
0.716  1.06116e+60 
0.717  1.65032e+81 
0.718  6.22846e+63 
0.719  4.19816e+69 
0.72  5.20376e+69 
0.721  3.50711e+57 
0.722  6.14988e+64 
0.723  1.00872e+67 
0.724  9.50874e+84 
0.725  1.38747e+64 
0.726  6.28003e+63 
0.727  9.35726e+55 
0.728  2.1045e+60 
0.729  6.45009e+59 
0.73  4.47031e+72 
0.731  5.22251e+63 
0.732  1.53213e+72 
0.733  8.8481e+59 
0.734  2.46547e+58 
0.735  1.3602e+83 
0.736  1.83423e+54 
0.737  2.10858e+60 
0.738  5.49426e+55 
0.739  8.39287e+56 
0.74  2.62763e+58 
0.741  4.91068e+69 
0.742  2.65277e+77 
0.743  3.73172e+66 
0.744  1.3976e+58 
0.745  2.77393e+64 
0.746  1.40701e+63 
0.747  1.99448e+62 
0.748  1.55365e+58 
0.749  8.50084e+59 
0.75  5.16737e+69 
0.751  2.18184e+58 
0.752  4.09444e+65 
0.753  1.91884e+64 
0.754  3.17427e+60 
0.755  3.97261e+59 
0.756  1.75034e+69 
0.757  7.85034e+70 
0.758  1.09285e+68 
0.759  1.79287e+71 
0.76  6.59428e+61 
0.761  1.62074e+59 
0.762  7.25589e+62 
0.763  3.13907e+64 
0.764  2.95827e+61 
0.765  1.31787e+64 
0.766  9.67971e+51 
0.767  7.31709e+67 
0.768  2.99052e+59 
0.769  1.63876e+82 
0.77  5.38497e+57 
0.771  9.87797e+67 
0.772  1.70228e+60 
0.773  7.70261e+71 
0.774  1.50303e+62 
0.775  1.16021e+63 
0.776  3.70186e+76 
0.777  9.62585e+55 
0.778  4.06274e+56 
0.779  6.82527e+63 
0.78  6.59826e+61 
0.781  2.51958e+59 
0.782  1.13637e+58 
0.783  8.36048e+59 
0.784  9.36311e+65 
0.785  4.85207e+67 
0.786  1.91742e+53 
0.787  7.07844e+66 
0.788  5.43564e+61 
0.789  2.32554e+58 
0.79  1.3022e+60 
0.791  6.7618e+58 
0.792  2.52965e+63 
0.793  2.63244e+60 
0.794  1.07905e+60 
0.795  7.98706e+71 
0.796  1.56397e+56 
0.797  4.33533e+58 
0.798  2.18348e+67 
0.799  3.77772e+67 
0.8  1.8428e+61 
0.801  5.61844e+60 
0.802  2.31067e+74 
0.803  1.77399e+68 
0.804  3.32267e+60 
0.805  3.31696e+74 
0.806  1.27443e+79 
0.807  3.5867e+65 
0.808  6.30808e+64 
0.809  6.34886e+64 
0.81  2.80181e+60 
0.811  5.32068e+56 
0.812  3.07093e+68 
0.813  7.54381e+57 
0.814  3.18626e+63 
0.815  3.12379e+65 
0.816  1.14771e+55 
0.817  1.0289e+78 
0.818  6.52682e+61 
0.819  6.51994e+76 
0.82  1.48548e+62 
0.821  2.21284e+75 
0.822  3.28092e+59 
0.823  1.55548e+56 
0.824  2.45132e+70 
0.825  8.77071e+63 
0.826  2.60703e+78 
0.827  3.42877e+62 
0.828  5.43811e+62 
0.829  1.80851e+64 
0.83  1.20614e+60 
0.831  7.07632e+60 
0.832  2.15174e+62 
0.833  4.07178e+84 
0.834  7.82601e+63 
0.835  2.51488e+67 
0.836  9.42628e+64 
0.837  2.88081e+65 
0.838  7.42161e+61 
0.839  1.61247e+58 
0.84  2.01251e+57 
0.841  2.10936e+56 
0.842  7.28844e+67 
0.843  1.02546e+60 
0.844  5.23535e+75 
0.845  8.01355e+57 
0.846  6.24654e+67 
0.847  7.25651e+71 
0.848  8.60177e+63 
0.849  9.81123e+85 
0.85  1.29766e+65 
0.851  9.63386e+64 
0.852  1.39615e+64 
0.853  5.43349e+58 
0.854  2.20888e+59 
0.855  7.80438e+66 
0.856  1.65071e+80 
0.857  7.15134e+55 
0.858  1.49381e+60 
0.859  2.22323e+60 
0.86  2.4075e+83 
0.861  5.7739e+59 
0.862  1.22993e+54 
0.863  9.47488e+71 
0.864  4.61658e+76 
0.865  5.79185e+64 
0.866  2.12251e+71 
0.867  7.24662e+61 
0.868  5.87195e+54 
0.869  1.48155e+58 
0.87  4.4752e+84 
0.871  1.57343e+67 
0.872  6.02118e+60 
0.873  1.48927e+58 
0.874  1.44796e+59 
0.875  1.89438e+62 
0.876  6.56264e+79 
0.877  2.68479e+73 
0.878  1.25573e+56 
0.879  7.63196e+56 
0.88  3.61233e+85 
0.881  2.43695e+93 
0.882  8.6104e+76 
0.883  8.19535e+59 
0.884  8.12121e+67 
0.885  4.6151e+59 
0.886  1.16146e+67 
0.887  6.00261e+60 
0.888  7.46922e+76 
0.889  2.69766e+58 
0.89  5.67386e+55 
0.891  3.10982e+59 
0.892  3.7567e+56 
0.893  3.3342e+59 
0.894  7.21018e+76 
0.895  6.2001e+75 
0.896  3.70702e+61 
0.897  2.26939e+62 
0.898  1.00833e+94 
0.899  5.92095e+62 
0.9  9.12752e+57 
0.901  2.6162e+57 
0.902  1.58601e+58 
0.903  7.58779e+80 
0.904  7.774e+69 
0.905  2.22766e+69 
0.906  2.14799e+63 
0.907  1.32219e+58 
0.908  2.12531e+69 
0.909  3.88691e+64 
0.91  2.06241e+67 
0.911  3.28486e+72 
0.912  1.36196e+63 
0.913  7.80939e+61 
0.914  2.64971e+83 
0.915  3.6388e+71 
0.916  1.93425e+68 
0.917  3.10851e+60 
0.918  4.79084e+86 
0.919  9.53947e+62 
0.92  4.19561e+67 
0.921  1.32996e+62 
0.922  5.43208e+61 
0.923  3.63387e+61 
0.924  1.19018e+59 
0.925  1.03994e+59 
0.926  5.48698e+56 
0.927  1.2696e+57 
0.928  1.98443e+73 
0.929  4.17176e+62 
0.93  4.03732e+64 
0.931  5.74678e+70 
0.932  5.91895e+66 
0.933  2.24856e+90 
0.934  5.937e+56 
0.935  2.24511e+69 
0.936  1.66437e+65 
0.937  2.10312e+65 
0.938  8.09799e+65 
0.939  6.15845e+71 
0.94  2.98807e+77 
0.941  2.20925e+65 
0.942  3.2982e+61 
0.943  5.84426e+98 
0.944  1.481e+64 
0.945  1.49954e+67 
0.946  6.67515e+58 
0.947  5.90415e+64 
0.948  9.03991e+59 
0.949  3.96745e+64 
0.95  7.77642e+58 
0.951  2.45659e+60 
0.952  3.13129e+60 
0.953  1.53921e+89 
0.954  6.37514e+57 
0.955  6.87016e+59 
0.956  7.61129e+67 
0.957  1.04763e+53 
0.958  5.92867e+60 
0.959  1.4026e+66 
0.96  4.27133e+70 
0.961  2.26761e+73 
0.962  1.05441e+64 
0.963  1.19703e+60 
0.964  1.49757e+59 
0.965  1.18938e+57 
0.966  4.04101e+61 
0.967  5.21891e+75 
0.968  1.12984e+68 
0.969  4.14387e+61 
0.97  1.94591e+67 
0.971  6.73515e+84 
0.972  1.33022e+69 
0.973  3.02291e+58 
0.974  1.64733e+65 
0.975  1.28417e+60 
0.976  8.77812e+63 
0.977  3.67183e+61 
0.978  3.92056e+63 
0.979  4.20647e+57 
0.98  8.81331e+67 
0.981  1.13247e+70 
0.982  1.16391e+60 
0.983  3.20901e+66 
0.984  2.33362e+65 
0.985  1.38212e+61 
0.986  7.72191e+60 
0.987  2.24575e+58 
0.988  4.12079e+60 
0.989  1.81197e+85 
0.99  9.38323e+57 
0.991  3.08723e+63 
0.992  9.12287e+61 
0.993  8.89904e+59 
0.994  1.74417e+66 
0.995  2.62022e+57 
0.996  1.53419e+69 
0.997  3.47841e+61 
0.998  7.5624e+55 
0.999  9.1396e+60 
1  3.31003e+54 
1.001  2.42164e+64 
1.002  2.78856e+61 
1.003  1.12002e+55 
1.004  4.96363e+65 
1.005  1.70029e+85 
1.006  8.87344e+68 
1.007  1.06419e+67 
1.008  3.60144e+66 
1.009  9.48687e+69 
1.01  1.40023e+69 
1.011  1.74801e+61 
1.012  1.97257e+70 
1.013  1.32399e+64 
1.014  3.47284e+63 
1.015  2.58612e+67 
1.016  4.4067e+74 
1.017  5.77024e+59 
1.018  8.6016e+69 
1.019  2.45622e+66 
1.02  6.90284e+67 
1.021  1.53608e+60 
1.022  1.43988e+57 
1.023  5.02527e+55 
1.024  3.98436e+79 
1.025  9.53865e+59 
1.026  2.82392e+57 
1.027  3.04685e+59 
1.028  1.57418e+76 
1.029  2.82972e+74 
1.03  2.77308e+64 
1.031  3.14893e+62 
1.032  5.56604e+57 
1.033  4.75608e+58 
1.034  2.81467e+62 
1.035  1.07296e+63 
1.036  2.34074e+62 
1.037  3.3883e+63 
1.038  1.18466e+65 
1.039  4.72353e+62 
1.04  1.29166e+56 
1.041  1.14574e+70 
1.042  3.78725e+67 
1.043  1.55391e+66 
1.044  5.75888e+61 
1.045  5.04773e+58 
1.046  2.79893e+79 
1.047  7.40227e+84 
1.048  1.17857e+65 
1.049  1.15199e+61 
1.05  7.41115e+62 
1.051  1.36385e+65 
1.052  1.90772e+70 
1.053  1.68719e+69 
1.054  2.45553e+62 
1.055  1.56914e+71 
1.056  1.53726e+61 
1.057  7.93326e+90 
1.058  1.51958e+66 
1.059  2.09143e+68 
1.06  1.29072e+65 
1.061  1.41619e+76 
1.062  5.12898e+58 
1.063  1.09472e+78 
1.064  1.14195e+73 
1.065  8.81158e+59 
1.066  4.09676e+81 
1.067  1.36237e+70 
1.068  5.62476e+63 
1.069  3.93375e+69 
1.07  5.56208e+59 
1.071  6.04324e+65 
1.072  2.52307e+59 
1.073  1.68166e+59 
1.074  1.40281e+57 
1.075  5.47269e+74 
1.076  1.19531e+69 
1.077  3.71468e+67 
1.078  6.27985e+58 
1.079  2.61939e+58 
1.08  1.33016e+65 
1.081  6.69008e+56 
1.082  6.61303e+61 
1.083  1.3967e+82 
1.084  3.49581e+64 
1.085  8.2341e+57 
1.086  5.24419e+97 
1.087  6.44459e+63 
1.088  7.92379e+67 
1.089  3.89733e+77 
1.09  1.02363e+70 
1.091  2.306e+84 
1.092  2.58577e+76 
1.093  1.69172e+82 
1.094  9.11061e+101 
1.095  2.54902e+60 
1.096  6.34608e+83 
1.097  6.49234e+64 
1.098  1.09519e+65 
1.099  2.87621e+57 
1.1  3.60249e+65 
1.101  1.96492e+59 
1.102  1.38893e+60 
1.103  1.8344e+62 
1.104  2.39047e+91 
1.105  3.39127e+71 
1.106  1.10122e+73 
1.107  1.30827e+67 
1.108  2.28602e+82 
1.109  1.71641e+71 
1.11  5.15255e+64 
1.111  2.71317e+68 
1.112  1.44842e+71 
1.113  1.20435e+81 
1.114  3.96848e+69 
1.115  1.77529e+56 
1.116  1.2776e+71 
1.117  1.32664e+67 
1.118  3.46127e+73 
1.119  7.99505e+61 
1.12  5.53385e+63 
1.121  7.83079e+63 
1.122  1.94127e+75 
1.123  1.43657e+59 
1.124  1.98043e+66 
1.125  2.74303e+73 
1.126  2.03171e+64 
1.127  5.63471e+74 
1.128  2.73551e+68 
1.129  4.8646e+72 
1.13  7.32176e+58 
1.131  6.18424e+66 
1.132  1.12652e+67 
1.133  7.94787e+59 
1.134  6.96698e+70 
1.135  1.70266e+63 
1.136  1.98511e+60 
1.137  2.80314e+80 
1.138  3.05527e+57 
1.139  5.54641e+68 
1.14  2.16374e+67 
1.141  1.07146e+58 
1.142  1.2428e+65 
1.143  1.63967e+75 
1.144  1.74297e+62 
1.145  4.77704e+67 
1.146  4.31349e+61 
1.147  3.02628e+60 
1.148  2.435e+63 
1.149  4.34606e+65 
1.15  7.4057e+71 
1.151  1.93707e+71 
1.152  1.32499e+70 
1.153  1.54747e+62 
1.154  1.5662e+61 
1.155  2.4464e+70 
1.156  1.17407e+68 
1.157  1.45683e+60 
1.158  2.50281e+77 
1.159  1.47777e+63 
1.16  9.62227e+66 
1.161  5.48052e+80 
1.162  2.26454e+65 
1.163  1.11468e+61 
1.164  2.24751e+64 
1.165  2.19168e+61 
1.166  1.57163e+73 
1.167  7.26621e+77 
1.168  1.38301e+64 
1.169  5.73177e+66 
1.17  2.5424e+63 
1.171  3.88962e+58 
1.172  3.61489e+64 
1.173  1.68564e+59 
1.174  2.67731e+87 
1.175  4.60495e+69 
1.176  6.36698e+74 
1.177  3.19129e+65 
1.178  1.59868e+81 
1.179  3.31695e+69 
1.18  1.83967e+70 
1.181  5.12544e+69 
1.182  9.10571e+62 
1.183  7.73977e+74 
1.184  7.83532e+77 
1.185  5.23418e+74 
1.186  3.36906e+67 
1.187  8.36914e+65 
1.188  4.56994e+84 
1.189  2.75272e+69 
1.19  1.86684e+78 
1.191  4.75928e+61 
1.192  1.84217e+63 
1.193  3.61688e+61 
1.194  1.09389e+59 
1.195  3.8007e+73 
1.196  1.99983e+65 
1.197  7.7713e+60 
1.198  6.53481e+64 
1.199  1.11143e+68 
1.2  5.63899e+64 
1.201  4.54733e+63 
1.202  3.16213e+66 
1.203  2.41002e+89 
1.204  1.69922e+69 
1.205  8.44097e+63 
1.206  2.37107e+63 
1.207  6.66823e+59 
1.208  3.15342e+61 
1.209  8.30948e+69 
1.21  1.63425e+61 
1.211  1.15963e+68 
1.212  3.11498e+63 
1.213  1.88807e+80 
1.214  3.18734e+61 
1.215  3.46121e+74 
1.216  1.90626e+66 
1.217  7.21123e+57 
1.218  1.68936e+68 
1.219  2.20091e+63 
1.22  5.00842e+78 
1.221  4.03924e+73 
1.222  3.81773e+70 
1.223  9.35716e+74 
1.224  1.62357e+67 
1.225  4.64336e+78 
1.226  6.47772e+92 
1.227  5.53402e+66 
1.228  2.35912e+63 
1.229  5.32018e+65 
1.23  3.1774e+80 
1.231  3.70056e+62 
1.232  1.64465e+72 
1.233  5.13793e+71 
1.234  8.24192e+69 
1.235  8.32484e+75 
1.236  6.6174e+70 
1.237  2.37564e+82 
1.238  1.34876e+90 
1.239  2.01491e+70 
1.24  4.85597e+75 
1.241  1.4444e+69 
1.242  3.38733e+66 
1.243  1.10141e+69 
1.244  3.62328e+62 
1.245  1.00015e+70 
1.246  3.83869e+71 
1.247  2.77578e+67 
1.248  1.57848e+71 
1.249  6.47218e+66 
1.25  7.41846e+69 
1.251  3.08408e+63 
1.252  9.81339e+79 
1.253  1.09646e+67 
1.254  8.72944e+81 
1.255  3.09131e+59 
1.256  1.17447e+77 
1.257  3.0425e+62 
1.258  1.74462e+65 
1.259  3.27151e+87 
1.26  3.0804e+78 
1.261  5.85396e+68 
1.262  1.85271e+67 
1.263  3.05325e+69 
1.264  4.89064e+62 
1.265  2.65513e+71 
1.266  1.51784e+71 
1.267  5.94333e+62 
1.268  1.78745e+93 
1.269  6.74302e+64 
1.27  7.63423e+70 
1.271  7.29376e+68 
1.272  4.64434e+77 
1.273  4.50703e+73 
1.274  1.0871e+69 
1.275  2.99423e+65 
1.276  5.27879e+65 
1.277  3.31075e+64 
1.278  4.3716e+73 
1.279  2.84008e+82 
1.28  8.90452e+57 
1.281  7.04193e+62 
1.282  1.11799e+61 
1.283  2.36598e+62 
1.284  4.33956e+68 
1.285  1.40687e+67 
1.286  7.36191e+63 
1.287  2.5007e+69 
1.288  1.51669e+74 
1.289  6.45548e+64 
1.29  8.50976e+66 
1.291  3.98446e+72 
1.292  7.34664e+66 
1.293  2.19034e+65 
1.294  9.42302e+89 
1.295  3.54952e+73 
1.296  2.10124e+62 
1.297  1.47577e+62 
1.298  1.24661e+61 
1.299  2.40704e+77 
1.3  2.39138e+87 
1.301  1.67088e+58 
1.302  5.08221e+67 
1.303  5.93192e+66 
1.304  7.6044e+63 
1.305  2.06507e+66 
1.306  4.39398e+64 
1.307  2.75613e+62 
1.308  3.06817e+63 
1.309  9.46769e+59 
1.31  4.93318e+58 
1.311  1.11045e+58 
1.312  1.94689e+58 
1.313  2.88768e+61 
1.314  2.03759e+63 
1.315  2.34473e+63 
1.316  1.02035e+61 
1.317  3.4072e+62 
1.318  1.50168e+66 
1.319  3.59563e+64 
1.32  1.38467e+78 
1.321  1.2644e+65 
1.322  1.1057e+64 
1.323  5.65769e+62 
1.324  1.17126e+74 
1.325  1.34684e+73 
1.326  1.19836e+70 
1.327  3.94129e+65 
1.328  2.05239e+63 
1.329  1.047e+67 
1.33  7.49766e+57 
1.331  3.85967e+58 
1.332  7.85019e+65 
1.333  8.28048e+68 
1.334  6.30278e+69 
1.335  1.53647e+66 
1.336  9.86049e+67 
1.337  1.44888e+93 
1.338  3.7215e+66 
1.339  4.53542e+59 
1.34  1.24595e+66 
1.341  3.58266e+63 
1.342  4.87935e+72 
1.343  7.52073e+62 
1.344  4.22772e+62 
1.345  3.48023e+77 
1.346  1.96334e+63 
1.347  4.44553e+70 
1.348  1.46286e+80 
1.349  2.09494e+63 
1.35  9.94124e+56 
1.351  1.55671e+59 
1.352  1.18462e+62 
1.353  5.99131e+63 
1.354  9.23698e+61 
1.355  2.27893e+62 
1.356  3.21179e+60 
1.357  4.63394e+57 
1.358  1.9841e+71 
1.359  2.36198e+75 
1.36  5.70197e+79 
1.361  7.51715e+57 
1.362  2.3881e+69 
1.363  1.20416e+60 
1.364  2.87966e+66 
1.365  6.61167e+64 
1.366  1.3728e+64 
1.367  6.32453e+64 
1.368  2.62186e+64 
1.369  3.99157e+58 
1.37  4.99423e+64 
1.371  7.89193e+70 
1.372  1.18741e+66 
1.373  3.76545e+63 
1.374  8.67054e+63 
1.375  3.95541e+59 
1.376  1.22654e+54 
1.377  1.14324e+66 
1.378  7.63485e+76 
1.379  1.07636e+59 
1.38  7.21422e+65 
1.381  6.63248e+65 
1.382  6.6962e+70 
1.383  1.07309e+66 
1.384  5.85992e+67 
1.385  9.46567e+61 
1.386  9.6744e+62 
1.387  5.49782e+66 
1.388  8.59529e+65 
1.389  1.27629e+61 
1.39  1.23357e+88 
1.391  1.15766e+59 
1.392  2.97744e+61 
1.393  1.66609e+59 
1.394  1.83059e+62 
1.395  6.60529e+63 
1.396  1.45774e+56 
1.397  5.13642e+61 
1.398  2.76283e+67 
1.399  6.17167e+59 
1.4  1.27565e+65 
1.401  1.50585e+63 
1.402  3.06236e+68 
1.403  3.82565e+61 
1.404  4.87498e+55 
1.405  9.46088e+63 
1.406  1.06783e+71 
1.407  3.17897e+56 
1.408  7.21256e+61 
1.409  1.29561e+59 
1.41  4.30971e+59 
1.411  2.6972e+67 
1.412  1.89628e+70 
1.413  1.80552e+62 
1.414  9.59191e+60 
1.415  2.3394e+66 
1.416  2.19976e+68 
1.417  6.31884e+63 
1.418  6.17445e+80 
1.419  2.07346e+59 
1.42  1.80298e+64 
1.421  3.24791e+77 
1.422  1.14849e+67 
1.423  2.04926e+59 
1.424  3.84943e+60 
1.425  2.52961e+63 
1.426  1.16626e+67 
1.427  3.39426e+62 
1.428  5.96605e+56 
1.429  1.41726e+57 
1.43  2.46894e+65 
1.431  4.84964e+59 
1.432  2.06863e+73 
1.433  3.92538e+60 
1.434  3.683e+59 
1.435  1.65125e+76 
1.436  1.48055e+63 
1.437  5.52773e+53 
1.438  4.94679e+79 
1.439  3.12871e+73 
1.44  2.2413e+60 
1.441  1.26272e+60 
1.442  9.2948e+83 
1.443  2.91029e+62 
1.444  6.59493e+60 
1.445  1.15354e+63 
1.446  1.16764e+61 
1.447  6.88009e+70 
1.448  1.14578e+61 
1.449  1.55289e+76 
1.45  1.68726e+62 
1.451  3.97028e+80 
1.452  1.20281e+64 
1.453  5.32703e+61 
1.454  2.28243e+61 
1.455  4.54471e+64 
1.456  9.18316e+61 
1.457  1.01902e+62 
1.458  1.06749e+69 
1.459  2.74617e+54 
1.46  1.59589e+61 
1.461  8.06093e+57 
1.462  3.61263e+73 
1.463  1.06932e+60 
1.464  1.90552e+56 
1.465  1.46619e+62 
1.466  3.24447e+69 
1.467  4.03889e+97 
1.468  4.69129e+56 
1.469  1.45435e+65 
1.47  1.89234e+61 
1.471  2.25623e+65 
1.472  9.95556e+80 
1.473  1.99417e+59 
1.474  4.18836e+63 
1.475  6.02207e+56 
1.476  2.50125e+55 
1.477  5.49487e+68 
1.478  3.06181e+60 
1.479  1.06356e+70 
1.48  1.18249e+59 
1.481  1.75071e+66 
1.482  1.42393e+92 
1.483  1.22926e+68 
1.484  1.67825e+60 
1.485  4.20818e+76 
1.486  5.75062e+62 
1.487  5.34923e+61 
1.488  4.51405e+62 
1.489  8.4885e+54 
1.49  1.07365e+76 
1.491  8.97327e+67 
1.492  4.59192e+56 
1.493  1.71491e+70 
1.494  1.4743e+59 
1.495  4.67737e+59 
1.496  1.48437e+76 
1.497  2.2617e+66 
1.498  9.6835e+56 
1.499  1.39732e+58 
1.5  1.7504e+68 
1.501  9.62817e+66 
1.502  1.75157e+55 
1.503  5.72589e+64 
1.504  8.13671e+93 
1.505  4.6868e+66 
1.506  7.34935e+83 
1.507  3.91975e+68 
1.508  2.47474e+61 
1.509  7.20896e+66 
1.51  1.13213e+84 
1.511  5.17387e+68 
1.512  9.91215e+58 
1.513  1.37544e+70 
1.514  1.57916e+60 
1.515  9.62e+66 
1.516  1.02666e+65 
1.517  4.46815e+75 
1.518  4.368e+62 
1.519  7.12243e+59 
1.52  5.3861e+62 
1.521  4.37958e+67 
1.522  8.21152e+61 
1.523  7.16154e+72 
1.524  5.16278e+79 
1.525  7.93895e+63 
1.526  6.59866e+57 
1.527  2.90142e+57 
1.528  2.90816e+64 
1.529  1.08778e+61 
1.53  1.12193e+54 
1.531  3.96492e+62 
1.532  9.80262e+69 
1.533  2.32958e+61 
1.534  1.17557e+85 
1.535  1.16078e+59 
1.536  1.12357e+61 
1.537  1.28609e+57 
1.538  3.05532e+84 
1.539  5.32326e+68 
1.54  4.71106e+56 
1.541  1.41154e+59 
1.542  3.76129e+61 
1.543  6.38251e+56 
1.544  1.86589e+80 
1.545  6.96475e+69 
1.546  1.05898e+71 
1.547  6.17221e+59 
1.548  2.69977e+61 
1.549  2.27353e+65 
1.55  1.14818e+59 
1.551  3.92791e+62 
1.552  8.52966e+66 
1.553  2.65654e+55 
1.554  2.31272e+57 
1.555  5.9513e+79 
1.556  9.97067e+67 
1.557  5.21741e+55 
1.558  2.20856e+65 
1.559  5.04146e+57 
1.56  1.71054e+61 
1.561  5.89516e+53 
1.562  3.15678e+62 
1.563  1.71244e+64 
1.564  3.36836e+66 
1.565  2.87362e+53 
1.566  2.59389e+58 
1.567  7.12668e+79 
1.568  5.65253e+61 
1.569  6.19633e+54 
1.57  9.34034e+52 
1.571  4.91003e+57 
1.572  1.4594e+71 
1.573  1.19393e+72 
1.574  2.06836e+58 
1.575  2.5358e+64 
1.576  9.40796e+60 
1.577  1.81767e+89 
1.578  1.33603e+63 
1.579  8.17364e+64 
1.58  6.52197e+66 
1.581  7.14394e+65 
1.582  6.41086e+61 
1.583  4.8425e+96 
1.584  3.23062e+54 
1.585  2.73446e+61 
1.586  8.84363e+61 
1.587  2.88541e+69 
1.588  5.61379e+65 
1.589  9.75957e+65 
1.59  1.0736e+66 
1.591  6.79596e+58 
1.592  1.90311e+59 
1.593  6.62196e+55 
1.594  1.8322e+60 
1.595  3.60155e+81 
1.596  6.45256e+71 
1.597  1.20202e+66 
1.598  5.03784e+60 
1.599  1.92891e+56 
1.6  3.93204e+56 
1.601  3.23645e+66 
1.602  5.4233e+60 
1.603  3.86523e+60 
1.604  4.26214e+56 
1.605  3.89032e+52 
1.606  1.47142e+63 
1.607  5.26755e+63 
1.608  5.42655e+55 
1.609  2.88821e+61 
1.61  5.06098e+67 
1.611  1.52162e+65 
1.612  8.70009e+66 
1.613  2.84627e+69 
1.614  1.91925e+65 
1.615  1.2218e+63 
1.616  1.76635e+65 
1.617  2.61106e+60 
1.618  4.81311e+60 
1.619  8.93607e+75 
1.62  1.46039e+70 
1.621  2.14181e+75 
1.622  1.05652e+67 
1.623  1.32941e+59 
1.624  8.3855e+63 
1.625  7.45947e+62 
1.626  2.72781e+65 
1.627  9.49279e+61 
1.628  5.22015e+59 
1.629  6.8763e+63 
1.63  8.85151e+58 
1.631  2.37802e+65 
1.632  3.52594e+67 
1.633  1.73858e+60 
1.634  5.9421e+58 
1.635  1.40638e+65 
1.636  2.08983e+59 
1.637  4.83932e+59 
1.638  8.51558e+60 
1.639  9.9774e+58 
1.64  4.81021e+62 
1.641  4.57406e+54 
1.642  2.34429e+66 
1.643  8.21333e+55 
1.644  7.67739e+57 
1.645  8.23409e+67 
1.646  6.13873e+62 
1.647  1.52255e+68 
1.648  1.03258e+57 
1.649  1.1532e+60 
1.65  1.80979e+58 
1.651  4.68513e+56 
1.652  4.23242e+60 
1.653  4.96773e+63 
1.654  5.89128e+59 
1.655  7.57757e+71 
1.656  5.9232e+51 
1.657  1.12242e+57 
1.658  2.85393e+54 
1.659  2.77733e+62 
1.66  7.51649e+52 
1.661  3.22235e+76 
1.662  7.28502e+75 
1.663  5.69205e+63 
1.664  5.02225e+54 
1.665  5.71064e+64 
1.666  3.28176e+63 
1.667  2.69374e+59 
1.668  5.85446e+61 
1.669  9.9202e+54 
1.67  1.91539e+62 
1.671  2.27362e+60 
1.672  3.7609e+62 
1.673  1.59618e+74 
1.674  2.59378e+61 
1.675  7.48576e+62 
1.676  2.75077e+60 
1.677  1.96025e+78 
1.678  1.47906e+62 
1.679  2.49179e+57 
1.68  2.13678e+55 
1.681  2.60511e+80 
1.682  1.23197e+60 
1.683  8.50719e+69 
1.684  2.71667e+59 
1.685  1.79368e+59 
1.686  4.83388e+63 
1.687  4.00389e+58 
1.688  5.45421e+68 
1.689  4.03793e+74 
1.69  2.71395e+58 
1.691  3.55283e+56 
1.692  2.5504e+64 
1.693  1.1203e+55 
1.694  1.3794e+55 
1.695  5.559e+58 
1.696  1.49253e+63 
1.697  2.32439e+62 
1.698  4.59254e+71 
1.699  6.95898e+59 
1.7  1.1072e+74 
1.701  1.33784e+58 
1.702  3.70106e+57 
1.703  1.24307e+58 
1.704  2.75367e+57 
1.705  1.0736e+62 
1.706  2.8154e+79 
1.707  3.31043e+66 
1.708  8.13402e+53 
1.709  1.13259e+62 
1.71  3.91351e+56 
1.711  6.71276e+59 
1.712  6.51302e+65 
1.713  1.12448e+57 
1.714  5.78133e+61 
1.715  2.84521e+56 
1.716  1.18866e+65 
1.717  1.14954e+77 
1.718  4.84152e+57 
1.719  6.47048e+67 
1.72  3.2302e+67 
1.721  4.95925e+62 
1.722  4.29157e+67 
1.723  5.09318e+64 
1.724  1.28362e+58 
1.725  3.37842e+75 
1.726  5.65383e+56 
1.727  2.01338e+59 
1.728  2.06922e+60 
1.729  8.95994e+58 
1.73  6.62452e+54 
1.731  7.97325e+76 
1.732  7.14837e+54 
1.733  7.19362e+61 
1.734  2.40234e+60 
1.735  1.4586e+61 
1.736  3.85985e+62 
1.737  1.49006e+57 
1.738  8.08702e+81 
1.739  2.26393e+60 
1.74  2.43897e+53 
1.741  7.86873e+57 
1.742  4.3117e+63 
1.743  9.51472e+60 
1.744  9.03079e+52 
1.745  1.07222e+77 
1.746  1.16949e+60 
1.747  8.12838e+61 
1.748  7.13976e+55 
1.749  1.43347e+56 
1.75  6.74609e+58 
1.751  1.94167e+63 
1.752  6.77291e+60 
1.753  4.72197e+57 
1.754  1.19897e+59 
1.755  2.84125e+52 
1.756  1.51989e+62 
1.757  8.13441e+54 
1.758  1.23594e+52 
1.759  2.61498e+61 
1.76  2.90247e+53 
1.761  1.83781e+58 
1.762  8.67458e+65 
1.763  3.97325e+65 
1.764  4.31429e+78 
1.765  1.18634e+60 
1.766  5.60823e+62 
1.767  4.22992e+54 
1.768  2.97223e+54 
1.769  2.56625e+66 
1.77  2.96815e+58 
1.771  2.59756e+68 
1.772  3.7779e+56 
1.773  2.64127e+74 
1.774  1.16012e+58 
1.775  5.29459e+56 
1.776  1.96742e+56 
1.777  8.15696e+63 
1.778  3.95315e+75 
1.779  3.37441e+55 
1.78  9.12268e+61 
1.781  4.99886e+52 
1.782  5.70916e+76 
1.783  1.16787e+75 
1.784  3.93566e+52 
1.785  1.86336e+71 
1.786  1.95566e+56 
1.787  8.99273e+63 
1.788  2.82183e+62 
1.789  3.91785e+56 
1.79  8.31252e+47 
1.791  1.23176e+54 
1.792  3.16644e+65 
1.793  6.77238e+63 
1.794  6.67129e+57 
1.795  1.04297e+62 
1.796  3.51936e+56 
1.797  1.11084e+78 
1.798  1.39318e+60 
1.799  1.04957e+58 
1.8  1.51365e+62 
1.801  8.17002e+57 
1.802  4.86193e+51 
1.803  1.23538e+71 
1.804  1.4818e+62 
1.805  1.55119e+62 
1.806  9.47513e+66 
1.807  2.87402e+56 
1.808  2.60129e+51 
1.809  1.3179e+67 
1.81  1.0641e+65 
1.811  1.7955e+58 
1.812  1.72196e+53 
1.813  3.95539e+52 
1.814  2.25251e+68 
1.815  4.13368e+53 
1.816  7.42185e+70 
1.817  5.06207e+79 
1.818  1.21106e+52 
1.819  2.26208e+74 
1.82  9.30448e+53 
1.821  4.0027e+59 
1.822  2.59201e+57 
1.823  1.18457e+66 
1.824  2.12643e+60 
1.825  1.77287e+57 
1.826  5.61963e+54 
1.827  1.6276e+61 
1.828  3.05789e+66 
1.829  4.17663e+59 
1.83  1.72975e+75 
1.831  1.0448e+55 
1.832  2.15981e+84 
1.833  6.21541e+51 
1.834  1.4815e+55 
1.835  1.3797e+59 
1.836  8.93379e+53 
1.837  1.10825e+52 
1.838  8.77842e+51 
1.839  3.80942e+50 
1.84  6.27006e+54 
1.841  1.47378e+60 
1.842  1.87619e+69 
1.843  3.18876e+53 
1.844  1.45997e+65 
1.845  5.62635e+58 
1.846  8.81826e+55 
1.847  1.0911e+66 
1.848  1.651e+56 
1.849  2.46636e+55 
1.85  3.3335e+74 
1.851  1.85942e+65 
1.852  1.06629e+55 
1.853  2.46174e+52 
1.854  8.89933e+52 
1.855  3.02043e+60 
1.856  3.40386e+59 
1.857  4.53658e+51 
1.858  6.28091e+54 
1.859  4.51632e+59 
1.86  9.61369e+62 
1.861  9.67016e+63 
1.862  1.88192e+63 
1.863  1.09895e+57 
1.864  1.10813e+62 
1.865  9.87117e+54 
1.866  1.50776e+51 
1.867  1.70331e+98 
1.868  8.14138e+54 
1.869  4.96661e+58 
1.87  7.75745e+55 
1.871  1.75425e+71 
1.872  7.99296e+56 
1.873  8.86725e+53 
1.874  5.49689e+63 
1.875  1.31854e+58 
1.876  8.416e+62 
1.877  2.1216e+59 
1.878  3.55132e+64 
1.879  8.49468e+59 
1.88  1.65656e+53 
1.881  5.81953e+59 
1.882  2.90593e+59 
1.883  1.19501e+77 
1.884  1.64276e+48 
1.885  1.85937e+63 
1.886  5.8937e+50 
1.887  7.10873e+57 
1.888  9.92265e+60 
1.889  1.82064e+57 
1.89  4.78153e+51 
1.891  3.30023e+58 
1.892  5.79369e+55 
1.893  9.24078e+63 
1.894  4.76915e+55 
1.895  7.08501e+59 
1.896  2.9726e+57 
1.897  2.63785e+52 
1.898  2.32084e+55 
1.899  3.57194e+81 
1.9  1.52093e+52 
1.901  1.31098e+55 
1.902  1.05048e+55 
1.903  1.01645e+60 
1.904  6.34827e+56 
1.905  4.1167e+65 
1.906  4.26786e+53 
1.907  1.53394e+56 
1.908  9.46045e+55 
1.909  5.0219e+68 
1.91  1.94929e+57 
1.911  3.1507e+54 
1.912  8.3907e+53 
1.913  1.49282e+56 
1.914  1.56168e+55 
1.915  3.94655e+56 
1.916  7.00191e+51 
1.917  1.55207e+69 
1.918  1.39829e+55 
1.919  2.68559e+53 
1.92  1.78268e+64 
1.921  7.35798e+60 
1.922  1.56361e+54 
1.923  2.28464e+55 
1.924  2.72136e+74 
1.925  4.1074e+52 
1.926  1.16437e+62 
1.927  2.74659e+84 
1.928  1.32465e+65 
1.929  2.93361e+58 
1.93  5.99875e+59 
1.931  2.00902e+69 
1.932  1.47414e+68 
1.933  6.43e+48 
1.934  1.32854e+54 
1.935  9.21092e+52 
1.936  2.27117e+53 
1.937  2.91249e+60 
1.938  1.41096e+65 
1.939  1.4286e+56 
1.94  1.88635e+55 
1.941  2.3339e+57 
1.942  5.02041e+48 
1.943  2.07872e+77 
1.944  1.17271e+53 
1.945  4.8645e+55 
1.946  3.66749e+60 
1.947  3.69439e+51 
1.948  8.2503e+56 
1.949  1.16941e+55 
1.95  1.01521e+50 
1.951  5.48324e+59 
1.952  8.00521e+56 
1.953  1.73478e+64 
1.954  7.50963e+53 
1.955  1.55795e+57 
1.956  4.09675e+57 
1.957  9.26657e+60 
1.958  2.3346e+50 
1.959  1.35189e+55 
1.96  1.24666e+48 
1.961  1.82163e+60 
1.962  2.33276e+66 
1.963  2.51469e+55 
1.964  1.85845e+69 
1.965  1.5934e+59 
1.966  3.6001e+59 
1.967  2.10932e+66 
1.968  9.57128e+57 
1.969  3.68754e+52 
1.97  9.71108e+64 
1.971  4.84621e+59 
1.972  1.07109e+55 
1.973  3.76839e+55 
1.974  1.19745e+53 
1.975  7.78318e+55 
1.976  6.89302e+61 
1.977  3.59889e+52 
1.978  2.352e+58 
1.979  9.29913e+55 
1.98  1.8606e+56 
1.981  1.06283e+53 
1.982  4.54244e+54 
1.983  4.197e+52 
1.984  3.12582e+65 
1.985  1.21742e+59 
1.986  5.20416e+61 
1.987  1.1149e+62 
1.988  1.9816e+58 
1.989  3.89889e+57 
1.99  5.19903e+69 
1.991  5.73283e+56 
1.992  4.05869e+62 
1.993  3.10816e+52 
1.994  6.11981e+55 
1.995  2.1462e+53 
1.996  4.7978e+51 
1.997  1.47703e+56 
1.998  7.35056e+56 
1.999  3.05407e+58 
2  2.16121e+174 
2.001  1.93587e+31 
2.002  9.43485e+27 
2.003  1.09034e+26 
2.004  4.60466e+24 
2.005  3.95545e+23 
2.006  5.32395e+22 
2.007  9.76931e+21 
2.008  2.24908e+21 
2.009  6.1572e+20 
2.01  1.93246e+20 
2.011  6.77414e+19 
2.012  2.60162e+19 
2.013  1.07876e+19 
2.014  4.77485e+18 
2.015  2.23579e+18 
2.016  1.09947e+18 
2.017  5.64459e+17 
2.018  3.01051e+17 
2.019  1.66118e+17 
2.02  9.45029e+16 
2.021  5.52627e+16 
2.022  3.31332e+16 
2.023  2.03224e+16 
2.024  1.27271e+16 
2.025  8.1242e+15 
2.026  5.27817e+15 
2.027  3.48545e+15 
2.028  2.33664e+15 
2.029  1.58863e+15 
2.03  1.0943e+15 
2.031  7.63064e+14 
2.032  5.3822e+14 
2.033  3.8373e+14 
2.034  2.76364e+14 
2.035  2.00942e+14 
2.036  1.47422e+14 
2.037  1.09079e+14 
2.038  8.136e+13 
2.039  6.11491e+13 
2.04  4.62925e+13 
2.041  3.52873e+13 
2.042  2.70751e+13 
2.043  2.0904e+13 
2.044  1.62358e+13 
2.045  1.26819e+13 
2.046  9.95997e+12 
2.047  7.863e+12 
2.048  6.23852e+12 
2.049  4.97335e+12 
2.05  3.98297e+12 
2.051  3.20387e+12 
2.052  2.5881e+12 
2.053  2.0992e+12 
2.054  1.70934e+12 
2.055  1.39714e+12 
2.056  1.14613e+12 
2.057  9.43516e+11 
2.058  7.79356e+11 
2.059  6.45866e+11 
2.06  5.36935e+11 
2.061  4.47743e+11 
2.062  3.74472e+11 
2.063  3.14089e+11 
2.064  2.64174e+11 
2.065  2.22789e+11 
2.066  1.88378e+11 
2.067  1.59684e+11 
2.068  1.35693e+11 
2.069  1.15581e+11 
2.07  9.86777e+10 
2.071  8.44359e+10 
2.072  7.24074e+10 
2.073  6.22243e+10 
2.074  5.35839e+10 
2.075  4.6236e+10 
2.076  3.99739e+10 
2.077  3.46258e+10 
2.078  3.00489e+10 
2.079  2.61242e+10 
2.08  2.27522e+10 
2.081  1.98495e+10 
2.082  1.73462e+10 
2.083  1.51834e+10 
2.084  1.33115e+10 
2.085  1.16886e+10 
2.086  1.02792e+10 
2.087  9.05321e+09 
2.088  7.98503e+09 
2.089  7.0529e+09 
2.09  6.23824e+09 
2.091  5.52518e+09 
2.092  4.90013e+09 
2.093  4.35144e+09 
2.094  3.86911e+09 
2.095  3.44453e+09 
2.096  3.07028e+09 
2.097  2.73996e+09 
2.098  2.44804e+09 
2.099  2.18973e+09 
2.1  1.96088e+09 
2.101  1.75787e+09 
2.102  1.57758e+09 
2.103  1.41728e+09 
2.104  1.27459e+09 
2.105  1.14744e+09 
2.106  1.034e+09 
2.107  9.32683e+08 
2.108  8.42106e+08 
2.109  7.61042e+08 
2.11  6.88419e+08 
2.111  6.23293e+08 
2.112  5.64832e+08 
2.113  5.12303e+08 
2.114  4.6506e+08 
2.115  4.22531e+08 
2.116  3.84211e+08 
2.117  3.49652e+08 
2.118  3.18457e+08 
2.119  2.90274e+08 
2.12  2.64792e+08 
2.121  2.4173e+08 
2.122  2.20844e+08 
2.123  2.01911e+08 
2.124  1.84735e+08 
2.125  1.69142e+08 
2.126  1.54974e+08 
2.127  1.42091e+08 
2.128  1.30368e+08 
2.129  1.19692e+08 
2.13  1.09963e+08 
2.131  1.01091e+08 
2.132  9.29946e+07 
2.133  8.56004e+07 
2.134  7.88432e+07 
2.135  7.26638e+07 
2.136  6.70093e+07 
2.137  6.18315e+07 
2.138  5.70872e+07 
2.139  5.27374e+07 
2.14  4.87468e+07 
2.141  4.50835e+07 
2.142  4.17186e+07 
2.143  3.86258e+07 
2.144  3.57816e+07 
2.145  3.31644e+07 
2.146  3.07547e+07 
2.147  2.85349e+07 
2.148  2.64887e+07 
2.149  2.46016e+07 
2.15  2.28603e+07 
2.151  2.12527e+07 
2.152  1.97676e+07 
2.153  1.8395e+07 
2.154  1.71258e+07 
2.155  1.59516e+07 
2.156  1.48647e+07 
2.157  1.38581e+07 
2.158  1.29254e+07 
2.159  1.20608e+07 
2.16  1.1259e+07 
2.161  1.0515e+07 
2.162  9.82428e+06 
2.163  9.18281e+06 
2.164  8.58678e+06 
2.165  8.03272e+06 
2.166  7.51745e+06 
2.167  7.03804e+06 
2.168  6.5918e+06 
2.169  6.17627e+06 
2.17  5.78915e+06 
2.171  5.42837e+06 
2.172  5.09199e+06 
2.173  4.77822e+06 
2.174  4.48544e+06 
2.175  4.21213e+06 
2.176  3.95689e+06 
2.177  3.71845e+06 
2.178  3.49559e+06 
2.179  3.28724e+06 
2.18  3.09236e+06 
2.181  2.91003e+06 
2.182  2.73936e+06 
2.183  2.57956e+06 
2.184  2.42988e+06 
2.185  2.28963e+06 
2.186  2.15817e+06 
2.187  2.03491e+06 
2.188  1.91928e+06 
2.189  1.81079e+06 
2.19  1.70896e+06 
2.191  1.61335e+06 
2.192  1.52355e+06 
2.193  1.43917e+06 
2.194  1.35987e+06 
2.195  1.28531e+06 
2.196  1.21519e+06 
2.197  1.14923e+06 
2.198  1.08716e+06 
2.199  1.02872e+06 
2.2  973701 
2.201  921876 
2.202  873046 
2.203  827026 
2.204  783640 
2.205  742727 
2.206  704134 
2.207  667720 
2.208  633351 
2.209  600904 
2.21  570263 
2.211  541319 
2.212  513972 
2.213  488125 
2.214  463690 
2.215  440585 
2.216  418730 
2.217  398053 
2.218  378486 
2.219  359963 
2.22  342426 
2.221  325817 
2.222  310084 
2.223  295176 
2.224  281047 
2.225  267653 
2.226  254952 
2.227  242907 
2.228  231480 
2.229  220637 
2.23  210346 
2.231  200577 
2.232  191301 
2.233  182492 
2.234  174123 
2.235  166171 
2.236  158614 
2.237  151431 
2.238  144601 
2.239  138106 
2.24  131928 
2.241  126051 
2.242  120458 
2.243  115135 
2.244  110067 
2.245  105242 
2.246  100647 
2.247  96270.6 
2.248  92100.6 
2.249  88127 
2.25  84339.8 
2.251  80729.6 
2.252  77287.3 
2.253  74004.7 
2.254  70873.6 
2.255  67886.5 
2.256  65036.4 
2.257  62316.3 
2.258  59719.9 
2.259  57241.2 
2.26  54874.3 
2.261  52613.8 
2.262  50454.6 
2.263  48391.8 
2.264  46420.6 
2.265  44536.8 
2.266  42736 
2.267  41014.5 
2.268  39368.4 
2.269  37794.1 
2.27  36288.3 
2.271  34847.7 
2.272  33469.3 
2.273  32150.2 
2.274  30887.6 
2.275  29679 
2.276  28521.7 
2.277  27413.6 
2.278  26352.3 
2.279  25335.6 
2.28  24361.7 
2.281  23428.4 
2.282  22534 
2.283  21676.8 
2.284  20855 
2.285  20067.1 
2.286  19311.6 
2.287  18587 
2.288  17892 
2.289  17225.2 
2.29  16585.5 
2.291  15971.6 
2.292  15382.4 
2.293  14816.9 
2.294  14274 
2.295  13752.7 
2.296  13252.1 
2.297  12771.3 
2.298  12309.6 
2.299  11865.9 
2.3  11439.7 
2.301  11030.1 
2.302  10636.5 
2.303  10258.1 
2.304  9894.38 
2.305  9544.68 
2.306  9208.43 
2.307  8885.07 
2.308  8574.05 
2.309  8274.88 
2.31  7987.06 
2.311  7710.13 
2.312  7443.64 
2.313  7187.17 
2.314  6940.31 
2.315  6702.68 
2.316  6473.89 
2.317  6253.6 
2.318  6041.46 
2.319  5837.15 
2.32  5640.35 
2.321  5450.77 
2.322  5268.12 
2.323  5092.13 
2.324  4922.53 
2.325  4759.07 
2.326  4601.52 
2.327  4449.64 
2.328  4303.22 
2.329  4162.03 
2.33  4025.88 
2.331  3894.58 
2.332  3767.93 
2.333  3645.76 
2.334  3527.9 
2.335  3414.19 
2.336  3304.46 
2.337  3198.56 
2.338  3096.36 
2.339  2997.71 
2.34  2902.47 
2.341  2810.53 
2.342  2721.75 
2.343  2636.02 
2.344  2553.23 
2.345  2473.27 
2.346  2396.03 
2.347  2321.41 
2.348  2249.32 
2.349  2179.67 
2.35  2112.36 
2.351  2047.3 
2.352  1984.43 
2.353  1923.66 
2.354  1864.91 
2.355  1808.11 
2.356  1753.19 
2.357  1700.09 
2.358  1648.74 
2.359  1599.07 
2.36  1551.02 
2.361  1504.55 
2.362  1459.59 
2.363  1416.09 
2.364  1374 
2.365  1333.28 
2.366  1293.86 
2.367  1255.71 
2.368  1218.78 
2.369  1183.03 
2.37  1148.43 
2.371  1114.92 
2.372  1082.47 
2.373  1051.05 
2.374  1020.63 
2.375  991.157 
2.376  962.612 
2.377  934.96 
2.378  908.171 
2.379  882.216 
2.38  857.068 
2.381  832.698 
2.382  809.081 
2.383  786.192 
2.384  764.006 
2.385  742.501 
2.386  721.653 
2.387  701.441 
2.388  681.844 
2.389  662.842 
2.39  644.415 
2.391  626.545 
2.392  609.213 
2.393  592.401 
2.394  576.094 
2.395  560.273 
2.396  544.925 
2.397  530.033 
2.398  515.584 
2.399  501.562 
2.4  487.954 
2.401  474.747 
2.402  461.928 
2.403  449.484 
2.404  437.405 
2.405  425.678 
2.406  414.292 
2.407  403.237 
2.408  392.502 
2.409  382.077 
2.41  371.953 
2.411  362.12 
2.412  352.569 
2.413  343.291 
2.414  334.278 
2.415  325.522 
2.416  317.015 
2.417  308.749 
2.418  300.717 
2.419  292.911 
2.42  285.325 
2.421  277.952 
2.422  270.786 
2.423  263.82 
2.424  257.049 
2.425  250.466 
2.426  244.065 
2.427  237.842 
2.428  231.791 
2.429  225.907 
2.43  220.185 
2.431  214.62 
2.432  209.207 
2.433  203.942 
2.434  198.821 
2.435  193.839 
2.436  188.993 
2.437  184.277 
2.438  179.69 
2.439  175.225 
2.44  170.881 
2.441  166.654 
2.442  162.54 
2.443  158.535 
2.444  154.638 
2.445  150.844 
2.446  147.151 
2.447  143.556 
2.448  140.056 
2.449  136.648 
2.45  133.33 
2.451  130.1 
2.452  126.953 
2.453  123.89 
2.454  120.906 
2.455  118 
2.456  115.169 
2.457  112.412 
2.458  109.726 
2.459  107.11 
2.46  104.561 
2.461  102.077 
2.462  99.6574 
2.463  97.2997 
2.464  95.0022 
2.465  92.7634 
2.466  90.5815 
2.467  88.455 
2.468  86.3825 
2.469  84.3624 
2.47  82.3933 
2.471  80.4738 
2.472  78.6026 
2.473  76.7783 
2.474  74.9997 
2.475  73.2656 
2.476  71.5747 
2.477  69.9259 
2.478  68.3181 
2.479  66.7501 
2.48  65.221 
2.481  63.7296 
2.482  62.2749 
2.483  60.856 
2.484  59.472 
2.485  58.1219 
2.486  56.8048 
2.487  55.5198 
2.488  54.2661 
2.489  53.043 
2.49  51.8494 
2.491  50.6848 
2.492  49.5484 
2.493  48.4393 
2.494  47.357 
2.495  46.3007 
2.496  45.2697 
2.497  44.2634 
2.498  43.2811 
2.499  42.3223 
2.5  41.3862 
2.501  40.4725 
2.502  39.5804 
2.503  38.7094 
2.504  37.859 
2.505  37.0286 
2.506  36.2178 
2.507  35.4261 
2.508  34.6529 
2.509  33.8978 
2.51  33.1604 
2.511  32.4401 
2.512  31.7366 
2.513  31.0495 
2.514  30.3783 
2.515  29.7227 
2.516  29.0822 
2.517  28.4565 
2.518  27.8452 
2.519  27.248 
2.52  26.6644 
2.521  26.0943 
2.522  25.5371 
2.523  24.9927 
2.524  24.4607 
2.525  23.9408 
2.526  23.4327 
2.527  22.9361 
2.528  22.4508 
2.529  21.9764 
2.53  21.5127 
2.531  21.0594 
2.532  20.6164 
2.533  20.1833 
2.534  19.7598 
2.535  19.3459 
2.536  18.9412 
2.537  18.5455 
2.538  18.1586 
2.539  17.7803 
2.54  17.4103 
2.541  17.0486 
2.542  16.6949 
2.543  16.3489 
2.544  16.0106 
2.545  15.6798 
2.546  15.3561 
2.547  15.0396 
2.548  14.73 
2.549  14.4272 
2.55  14.1309 
2.551  13.8412 
2.552  13.5577 
2.553  13.2803 
2.554  13.009 
2.555  12.7436 
2.556  12.4838 
2.557  12.2297 
2.558  11.9811 
2.559  11.7378 
2.56  11.4997 
2.561  11.2667 
2.562  11.0387 
2.563  10.8156 
2.564  10.5972 
2.565  10.3835 
2.566  10.1743 
2.567  9.96958 
2.568  9.76919 
2.569  9.57303 
2.57  9.38102 
2.571  9.19307 
2.572  9.00907 
2.573  8.82894 
2.574  8.6526 
2.575  8.47996 
2.576  8.31093 
2.577  8.14544 
2.578  7.9834 
2.579  7.82474 
2.58  7.66938 
2.581  7.51725 
2.582  7.36829 
2.583  7.2224 
2.584  7.07954 
2.585  6.93964 
2.586  6.80261 
2.587  6.66842 
2.588  6.53698 
2.589  6.40825 
2.59  6.28216 
2.591  6.15865 
2.592  6.03767 
2.593  5.91916 
2.594  5.80307 
2.595  5.68935 
2.596  5.57794 
2.597  5.4688 
2.598  5.36187 
2.599  5.25711 
2.6  5.15447 
2.601  5.0539 
2.602  4.95537 
2.603  4.85882 
2.604  4.76421 
2.605  4.67151 
2.606  4.58067 
2.607  4.49165 
2.608  4.40441 
2.609  4.31892 
2.61  4.23514 
2.611  4.15303 
2.612  4.07255 
2.613  3.99368 
2.614  3.91637 
2.615  3.8406 
2.616  3.76633 
2.617  3.69353 
2.618  3.62217 
2.619  3.55222 
2.62  3.48365 
2.621  3.41643 
2.622  3.35053 
2.623  3.28593 
2.624  3.2226 
2.625  3.1605 
2.626  3.09963 
2.627  3.03995 
2.628  2.98143 
2.629  2.92405 
2.63  2.86779 
2.631  2.81263 
2.632  2.75854 
2.633  2.7055 
2.634  2.65349 
2.635  2.60249 
2.636  2.55248 
2.637  2.50343 
2.638  2.45533 
2.639  2.40816 
2.64  2.36189 
2.641  2.31652 
2.642  2.27202 
2.643  2.22838 
2.644  2.18557 
2.645  2.14359 
2.646  2.1024 
2.647  2.06201 
2.648  2.02239 
2.649  1.98352 
2.65  1.9454 
2.651  1.908 
2.652  1.87131 
2.653  1.83532 
2.654  1.80002 
2.655  1.76538 
2.656  1.7314 
2.657  1.69807 
2.658  1.66536 
2.659  1.63328 
2.66  1.6018 
2.661  1.57091 
2.662  1.54061 
2.663  1.51087 
2.664  1.4817 
2.665  1.45307 
2.666  1.42499 
2.667  1.39743 
2.668  1.37038 
2.669  1.34384 
2.67  1.3178 
2.671  1.29225 
2.672  1.26717 
2.673  1.24256 
2.674  1.21841 
2.675  1.19471 
2.676  1.17145 
2.677  1.14863 
2.678  1.12623 
2.679  1.10424 
2.68  1.08266 
2.681  1.06149 
2.682  1.0407 
2.683  1.0203 
2.684  1.00028 
2.685  0.980629 
2.686  0.96134 
2.687  0.942407 
2.688  0.923824 
2.689  0.905583 
2.69  0.887678 
2.691  0.870103 
2.692  0.852852 
2.693  0.835917 
2.694  0.819294 
2.695  0.802976 
2.696  0.786958 
2.697  0.771233 
2.698  0.755797 
2.699  0.740643 
2.7  0.725767 
2.701  0.711163 
2.702  0.696826 
2.703  0.682751 
2.704  0.668933 
2.705  0.655368 
2.706  0.64205 
2.707  0.628975 
2.708  0.616138 
2.709  0.603535 
2.71  0.591162 
2.711  0.579014 
2.712  0.567086 
2.713  0.555376 
2.714  0.543879 
2.715  0.53259 
2.716  0.521507 
2.717  0.510625 
2.718  0.49994 
2.719  0.489449 
2.72  0.479148 
2.721  0.469034 
2.722  0.459104 
2.723  0.449353 
2.724  0.439779 
2.725  0.430378 
2.726  0.421147 
2.727  0.412083 
2.728  0.403184 
2.729  0.394445 
2.73  0.385864 
2.731  0.377438 
2.732  0.369165 
2.733  0.361041 
2.734  0.353064 
2.735  0.34523 
2.736  0.337539 
2.737  0.329986 
2.738  0.32257 
2.739  0.315287 
2.74  0.308136 
2.741  0.301114 
2.742  0.294219 
2.743  0.287448 
2.744  0.280799 
2.745  0.27427 
2.746  0.26786 
2.747  0.261564 
2.748  0.255383 
2.749  0.249313 
2.75  0.243352 
2.751  0.237499 
2.752  0.231752 
2.753  0.226109 
2.754  0.220567 
2.755  0.215126 
2.756  0.209782 
2.757  0.204536 
2.758  0.199384 
2.759  0.194325 
2.76  0.189357 
2.761  0.18448 
2.762  0.17969 
2.763  0.174988 
2.764  0.17037 
2.765  0.165836 
2.766  0.161384 
2.767  0.157013 
2.768  0.152721 
2.769  0.148506 
2.77  0.144368 
2.771  0.140306 
2.772  0.136317 
2.773  0.1324 
2.774  0.128555 
2.775  0.124779 
2.776  0.121072 
2.777  0.117433 
2.778  0.11386 
2.779  0.110352 
2.78  0.106908 
2.781  0.103527 
2.782  0.100207 
2.783  0.0969487 
2.784  0.0937495 
2.785  0.0906089 
2.786  0.0875259 
2.787  0.0844993 
2.788  0.0815283 
2.789  0.0786118 
2.79  0.0757489 
2.791  0.0729387 
2.792  0.0701802 
2.793  0.0674726 
2.794  0.064815 
2.795  0.0622064 
2.796  0.059646 
2.797  0.0571331 
2.798  0.0546667 
2.799  0.0522461 
2.8  0.0498704 
2.801  0.0475389 
2.802  0.0452508 
2.803  0.0430054 
2.804  0.0408019 
2.805  0.0386396 
2.806  0.0365178 
2.807  0.0344357 
2.808  0.0323927 
2.809  0.0303882 
2.81  0.0284214 
2.811  0.0264917 
2.812  0.0245984 
2.813  0.022741 
2.814  0.0209187 
2.815  0.0191311 
2.816  0.0173774 
2.817  0.0156572 
2.818  0.0139698 
2.819  0.0123146 
2.82  0.0106912 
2.821  0.00909897 
2.822  0.00753734 
2.823  0.00600582 
2.824  0.00450387 
2.825  0.003031 
2.826  0.00158671 
2.827  0.000170492 
2.828  -0.00121813 
2.829  -0.00257962 
2.83  -0.00391445 
2.831  -0.00522309 
2.832  -0.00650598 
2.833  -0.00776356 
2.834  -0.00899627 
2.835  -0.0102045 
2.836  -0.0113888 
2.837  -0.0125494 
2.838  -0.0136868 
2.839  -0.0148014 
2.84  -0.0158936 
2.841  -0.0169638 
2.842  -0.0180123 
2.843  -0.0190395 
2.844  -0.0200458 
2.845  -0.0210316 
2.846  -0.0219971 
2.847  -0.0229428 
2.848  -0.023869 
2.849  -0.0247759 
2.85  -0.0256641 
2.851  -0.0265337 
2.852  -0.027385 
2.853  -0.0282185 
2.854  -0.0290344 
2.855  -0.029833 
2.856  -0.0306146 
2.857  -0.0313795 
2.858  -0.032128 
2.859  -0.0328603 
2.86  -0.0335768 
2.861  -0.0342777 
2.862  -0.0349633 
2.863  -0.0356338 
2.864  -0.0362895 
2.865  -0.0369307 
2.866  -0.0375576 
2.867  -0.0381704 
2.868  -0.0387695 
2.869  -0.0393549 
2.87  -0.0399271 
2.871  -0.0404861 
2.872  -0.0410323 
2.873  -0.0415658 
2.874  -0.0420868 
2.875  -0.0425956 
2.876  -0.0430924 
2.877  -0.0435775 
2.878  -0.0440509 
2.879  -0.0445129 
2.88  -0.0449636 
2.881  -0.0454034 
2.882  -0.0458324 
2.883  -0.0462507 
2.884  -0.0466586 
2.885  -0.0470561 
2.886  -0.0474437 
2.887  -0.0478212 
2.888  -0.0481891 
2.889  -0.0485473 
2.89  -0.0488962 
2.891  -0.0492358 
2.892  -0.0495663 
2.893  -0.0498879 
2.894  -0.0502007 
2.895  -0.0505049 
2.896  -0.0508006 
2.897  -0.051088 
2.898  -0.0513672 
2.899  -0.0516384 
2.9  -0.0519017 
2.901  -0.0521572 
2.902  -0.0524052 
2.903  -0.0526456 
2.904  -0.0528787 
2.905  -0.0531045 
2.906  -0.0533233 
2.907  -0.053535 
2.908  -0.05374 
2.909  -0.0539382 
2.91  -0.0541298 
2.911  -0.0543148 
2.912  -0.0544936 
2.913  -0.054666 
2.914  -0.0548323 
2.915  -0.0549925 
2.916  -0.0551468 
2.917  -0.0552953 
2.918  -0.055438 
2.919  -0.0555752 
2.92  -0.0557067 
2.921  -0.0558329 
2.922  -0.0559537 
2.923  -0.0560693 
2.924  -0.0561798 
2.925  -0.0562852 
2.926  -0.0563856 
2.927  -0.0564812 
2.928  -0.056572 
2.929  -0.0566581 
2.93  -0.0567396 
2.931  -0.0568166 
2.932  -0.0568891 
2.933  -0.0569573 
2.934  -0.0570212 
2.935  -0.0570809 
2.936  -0.0571365 
2.937  -0.057188 
2.938  -0.0572355 
2.939  -0.0572791 
2.94  -0.057319 
2.941  -0.057355 
2.942  -0.0573874 
2.943  -0.0574161 
2.944  -0.0574413 
2.945  -0.057463 
2.946  -0.0574812 
2.947  -0.0574962 
2.948  -0.0575078 
2.949  -0.0575162 
2.95  -0.0575214 
2.951  -0.0575235 
2.952  -0.0575226 
2.953  -0.0575186 
2.954  -0.0575117 
2.955  -0.057502 
2.956  -0.0574894 
2.957  -0.057474 
2.958  -0.057456 
2.959  -0.0574352 
2.96  -0.0574119 
2.961  -0.057386 
2.962  -0.0573576 
2.963  -0.0573267 
2.964  -0.0572934 
2.965  -0.0572577 
2.966  -0.0572197 
2.967  -0.0571794 
2.968  -0.057137 
2.969  -0.0570923 
2.97  -0.0570455 
2.971  -0.0569965 
2.972  -0.0569456 
2.973  -0.0568926 
2.974  -0.0568376 
2.975  -0.0567808 
2.976  -0.056722 
2.977  -0.0566614 
2.978  -0.0565989 
2.979  -0.0565347 
2.98  -0.0564687 
2.981  -0.0564011 
2.982  -0.0563317 
2.983  -0.0562608 
2.984  -0.0561882 
2.985  -0.0561141 
2.986  -0.0560384 
2.987  -0.0559613 
2.988  -0.0558826 
2.989  -0.0558026 
2.99  -0.0557211 
2.991  -0.0556383 
2.992  -0.0555542 
2.993  -0.0554687 
2.994  -0.0553819 
2.995  -0.0552939 
2.996  -0.0552047 
2.997  -0.0551143 
2.998  -0.0550227 
2.999  -0.05493 
3  -0.0548361 
3.001  -0.0547412 
3.002  -0.0546452 
3.003  -0.0545482 
3.004  -0.0544501 
3.005  -0.0543511 
3.006  -0.0542511 
3.007  -0.0541502 
3.008  -0.0540483 
3.009  -0.0539456 
3.01  -0.053842 
3.011  -0.0537375 
3.012  -0.0536322 
3.013  -0.0535261 
3.014  -0.0534192 
3.015  -0.0533116 
3.016  -0.0532032 
3.017  -0.0530941 
3.018  -0.0529842 
3.019  -0.0528737 
3.02  -0.0527625 
3.021  -0.0526507 
3.022  -0.0525383 
3.023  -0.0524252 
3.024  -0.0523115 
3.025  -0.0521973 
3.026  -0.0520825 
3.027  -0.0519672 
3.028  -0.0518513 
3.029  -0.0517349 
3.03  -0.051618 
3.031  -0.0515007 
3.032  -0.0513829 
3.033  -0.0512646 
3.034  -0.0511459 
3.035  -0.0510268 
3.036  -0.0509073 
3.037  -0.0507874 
3.038  -0.0506671 
3.039  -0.0505464 
3.04  -0.0504254 
3.041  -0.0503041 
3.042  -0.0501824 
3.043  -0.0500605 
3.044  -0.0499382 
3.045  -0.0498156 
3.046  -0.0496928 
3.047  -0.0495697 
3.048  -0.0494464 
3.049  -0.0493228 
3.05  -0.049199 
3.051  -0.049075 
3.052  -0.0489508 
3.053  -0.0488264 
3.054  -0.0487018 
3.055  -0.048577 
3.056  -0.048452 
3.057  -0.0483269 
3.058  -0.0482017 
3.059  -0.0480763 
3.06  -0.0479508 
3.061  -0.0478252 
3.062  -0.0476995 
3.063  -0.0475737 
3.064  -0.0474478 
3.065  -0.0473218 
3.066  -0.0471957 
3.067  -0.0470696 
3.068  -0.0469434 
3.069  -0.0468172 
3.07  -0.0466909 
3.071  -0.0465646 
3.072  -0.0464383 
3.073  -0.0463119 
3.074  -0.0461855 
3.075  -0.0460592 
3.076  -0.0459328 
3.077  -0.0458065 
3.078  -0.0456801 
3.079  -0.0455538 
3.08  -0.0454276 
3.081  -0.0453013 
3.082  -0.0451751 
3.083  -0.045049 
3.084  -0.0449229 
3.085  -0.0447969 
3.086  -0.0446709 
3.087  -0.044545 
3.088  -0.0444192 
3.089  -0.0442935 
3.09  -0.0441678 
3.091  -0.0440423 
3.092  -0.0439168 
3.093  -0.0437915 
3.094  -0.0436662 
3.095  -0.0435411 
3.096  -0.0434161 
3.097  -0.0432912 
3.098  -0.0431665 
3.099  -0.0430419 
3.1  -0.0429174 
3.101  -0.042793 
3.102  -0.0426688 
3.103  -0.0425448 
3.104  -0.0424209 
3.105  -0.0422972 
3.106  -0.0421736 
3.107  -0.0420502 
3.108  -0.0419269 
3.109  -0.0418039 
3.11  -0.041681 
3.111  -0.0415583 
3.112  -0.0414357 
3.113  -0.0413134 
3.114  -0.0411912 
3.115  -0.0410692 
3.116  -0.0409475 
3.117  -0.0408259 
3.118  -0.0407045 
3.119  -0.0405834 
3.12  -0.0404624 
3.121  -0.0403416 
3.122  -0.0402211 
3.123  -0.0401008 
3.124  -0.0399807 
3.125  -0.0398608 
3.126  -0.0397411 
3.127  -0.0396217 
3.128  -0.0395025 
3.129  -0.0393835 
3.13  -0.0392647 
3.131  -0.0391462 
3.132  -0.0390279 
3.133  -0.0389099 
3.134  -0.0387921 
3.135  -0.0386745 
3.136  -0.0385572 
3.137  -0.0384402 
3.138  -0.0383233 
3.139  -0.0382068 
3.14  -0.0380904 
3.141  -0.0379744 
3.142  -0.0378586 
3.143  -0.037743 
3.144  -0.0376277 
3.145  -0.0375127 
3.146  -0.0373979 
3.147  -0.0372834 
3.148  -0.0371691 
3.149  -0.0370552 
3.15  -0.0369414 
3.151  -0.036828 
3.152  -0.0367148 
3.153  -0.0366019 
3.154  -0.0364892 
3.155  -0.0363769 
3.156  -0.0362648 
3.157  -0.036153 
3.158  -0.0360414 
3.159  -0.0359301 
3.16  -0.0358191 
3.161  -0.0357084 
3.162  -0.035598 
3.163  -0.0354878 
3.164  -0.035378 
3.165  -0.0352684 
3.166  -0.035159 
3.167  -0.03505 
3.168  -0.0349413 
3.169  -0.0348328 
3.17  -0.0347246 
3.171  -0.0346167 
3.172  -0.0345091 
3.173  -0.0344018 
3.174  -0.0342948 
3.175  -0.034188 
3.176  -0.0340816 
3.177  -0.0339754 
3.178  -0.0338695 
3.179  -0.0337639 
3.18  -0.0336586 
3.181  -0.0335536 
3.182  -0.0334489 
3.183  -0.0333445 
3.184  -0.0332403 
3.185  -0.0331365 
3.186  -0.0330329 
3.187  -0.0329297 
3.188  -0.0328267 
3.189  -0.032724 
3.19  -0.0326216 
3.191  -0.0325195 
3.192  -0.0324177 
3.193  -0.0323162 
3.194  -0.032215 
3.195  -0.0321141 
3.196  -0.0320135 
3.197  -0.0319131 
3.198  -0.0318131 
3.199  -0.0317133 
3.2  -0.0316139 
3.201  -0.0315147 
3.202  -0.0314158 
3.203  -0.0313172 
3.204  -0.0312189 
3.205  -0.0311209 
3.206  -0.0310232 
3.207  -0.0309258 
3.208  -0.0308287 
3.209  -0.0307319 
3.21  -0.0306353 
3.211  -0.0305391 
3.212  -0.0304431 
3.213  -0.0303475 
3.214  -0.0302521 
3.215  -0.030157 
3.216  -0.0300622 
3.217  -0.0299677 
3.218  -0.0298735 
3.219  -0.0297796 
3.22  -0.029686 
3.221  -0.0295926 
3.222  -0.0294996 
3.223  -0.0294068 
3.224  -0.0293143 
3.225  -0.0292221 
3.226  -0.0291302 
3.227  -0.0290386 
3.228  -0.0289473 
3.229  -0.0288562 
3.23  -0.0287655 
3.231  -0.028675 
3.232  -0.0285848 
3.233  -0.0284949 
3.234  -0.0284053 
3.235  -0.0283159 
3.236  -0.0282269 
3.237  -0.0281381 
3.238  -0.0280496 
3.239  -0.0279614 
3.24  -0.0278735 
3.241  -0.0277859 
3.242  -0.0276985 
3.243  -0.0276114 
3.244  -0.0275246 
3.245  -0.0274381 
3.246  -0.0273518 
3.247  -0.0272659 
3.248  -0.0271802 
3.249  -0.0270948 
3.25  -0.0270096 
3.251  -0.0269248 
3.252  -0.0268402 
3.253  -0.0267559 
3.254  -0.0266718 
3.255  -0.0265881 
3.256  -0.0265046 
3.257  -0.0264213 
3.258  -0.0263384 
3.259  -0.0262557 
3.26  -0.0261733 
3.261  -0.0260912 
3.262  -0.0260093 
3.263  -0.0259277 
3.264  -0.0258464 
3.265  -0.0257653 
3.266  -0.0256845 
3.267  -0.025604 
3.268  -0.0255237 
3.269  -0.0254437 
3.27  -0.025364 
3.271  -0.0252845 
3.272  -0.0252053 
3.273  -0.0251264 
3.274  -0.0250477 
3.275  -0.0249693 
3.276  -0.0248911 
3.277  -0.0248132 
3.278  -0.0247356 
3.279  -0.0246582 
3.28  -0.024581 
3.281  -0.0245042 
3.282  -0.0244276 
3.283  -0.0243512 
3.284  -0.0242751 
3.285  -0.0241993 
3.286  -0.0241237 
3.287  -0.0240483 
3.288  -0.0239732 
3.289  -0.0238984 
3.29  -0.0238238 
3.291  -0.0237495 
3.292  -0.0236754 
3.293  -0.0236016 
3.294  -0.023528 
3.295  -0.0234546 
3.296  -0.0233816 
3.297  -0.0233087 
3.298  -0.0232361 
3.299  -0.0231638 
3.3  -0.0230917 
3.301  -0.0230198 
3.302  -0.0229482 
3.303  -0.0228768 
3.304  -0.0228056 
3.305  -0.0227347 
3.306  -0.0226641 
3.307  -0.0225937 
3.308  -0.0225235 
3.309  -0.0224535 
3.31  -0.0223838 
3.311  -0.0223144 
3.312  -0.0222451 
3.313  -0.0221761 
3.314  -0.0221074 
3.315  -0.0220388 
3.316  -0.0219705 
3.317  -0.0219025 
3.318  -0.0218347 
3.319  -0.0217671 
3.32  -0.0216997 
3.321  -0.0216325 
3.322  -0.0215656 
3.323  -0.0214989 
3.324  -0.0214325 
3.325  -0.0213663 
3.326  -0.0213002 
3.327  -0.0212345 
3.328  -0.0211689 
3.329  -0.0211036 
3.33  -0.0210385 
3.331  -0.0209736 
3.332  -0.0209089 
3.333  -0.0208445 
3.334  -0.0207803 
3.335  -0.0207163 
3.336  -0.0206525 
3.337  -0.0205889 
3.338  -0.0205256 
3.339  -0.0204624 
3.34  -0.0203995 
3.341  -0.0203368 
3.342  -0.0202743 
3.343  -0.0202121 
3.344  -0.02015 
3.345  -0.0200882 
3.346  -0.0200265 
3.347  -0.0199651 
3.348  -0.0199039 
3.349  -0.0198429 
3.35  -0.0197821 
3.351  -0.0197215 
3.352  -0.0196612 
3.353  -0.019601 
3.354  -0.019541 
3.355  -0.0194813 
3.356  -0.0194217 
3.357  -0.0193624 
3.358  -0.0193032 
3.359  -0.0192443 
3.36  -0.0191856 
3.361  -0.019127 
3.362  -0.0190687 
3.363  -0.0190106 
3.364  -0.0189526 
3.365  -0.0188949 
3.366  -0.0188374 
3.367  -0.01878 
3.368  -0.0187229 
3.369  -0.0186659 
3.37  -0.0186092 
3.371  -0.0185526 
3.372  -0.0184963 
3.373  -0.0184401 
3.374  -0.0183841 
3.375  -0.0183283 
3.376  -0.0182727 
3.377  -0.0182173 
3.378  -0.0181621 
3.379  -0.0181071 
3.38  -0.0180523 
3.381  -0.0179976 
3.382  -0.0179432 
3.383  -0.0178889 
3.384  -0.0178348 
3.385  -0.017781 
3.386  -0.0177272 
3.387  -0.0176737 
3.388  -0.0176204 
3.389  -0.0175672 
3.39  -0.0175142 
3.391  -0.0174614 
3.392  -0.0174088 
3.393  -0.0173564 
3.394  -0.0173042 
3.395  -0.0172521 
3.396  -0.0172002 
3.397  -0.0171485 
3.398  -0.0170969 
3.399  -0.0170456 
3.4  -0.0169944 
3.401  -0.0169434 
3.402  -0.0168925 
3.403  -0.0168419 
3.404  -0.0167914 
3.405  -0.0167411 
3.406  -0.0166909 
3.407  -0.016641 
3.408  -0.0165912 
3.409  -0.0165415 
3.41  -0.0164921 
3.411  -0.0164428 
3.412  -0.0163937 
3.413  -0.0163447 
3.414  -0.016296 
3.415  -0.0162473 
3.416  -0.0161989 
3.417  -0.0161506 
3.418  -0.0161025 
3.419  -0.0160545 
3.42  -0.0160067 
3.421  -0.0159591 
3.422  -0.0159117 
3.423  -0.0158644 
3.424  -0.0158172 
3.425  -0.0157702 
3.426  -0.0157234 
3.427  -0.0156768 
3.428  -0.0156303 
3.429  -0.0155839 
3.43  -0.0155378 
3.431  -0.0154917 
3.432  -0.0154459 
3.433  -0.0154002 
3.434  -0.0153546 
3.435  -0.0153092 
3.436  -0.015264 
3.437  -0.0152189 
3.438  -0.015174 
3.439  -0.0151292 
3.44  -0.0150845 
3.441  -0.0150401 
3.442  -0.0149957 
3.443  -0.0149516 
3.444  -0.0149075 
3.445  -0.0148637 
3.446  -0.01482 
3.447  -0.0147764 
3.448  -0.014733 
3.449  -0.0146897 
3.45  -0.0146465 
3.451  -0.0146036 
3.452  -0.0145607 
3.453  -0.014518 
3.454  -0.0144755 
3.455  -0.0144331 
3.456  -0.0143908 
3.457  -0.0143487 
3.458  -0.0143067 
3.459  -0.0142649 
3.46  -0.0142232 
3.461  -0.0141817 
3.462  -0.0141403 
3.463  -0.014099 
3.464  -0.0140579 
3.465  -0.0140169 
3.466  -0.013976 
3.467  -0.0139353 
3.468  -0.0138948 
3.469  -0.0138543 
3.47  -0.013814 
3.471  -0.0137739 
3.472  -0.0137338 
3.473  -0.0136939 
3.474  -0.0136542 
3.475  -0.0136146 
3.476  -0.0135751 
3.477  -0.0135357 
3.478  -0.0134965 
3.479  -0.0134574 
3.48  -0.0134185 
3.481  -0.0133796 
3.482  -0.013341 
3.483  -0.0133024 
3.484  -0.013264 
3.485  -0.0132257 
3.486  -0.0131875 
3.487  -0.0131494 
3.488  -0.0131115 
3.489  -0.0130737 
3.49  -0.0130361 
3.491  -0.0129985 
3.492  -0.0129611 
3.493  -0.0129238 
3.494  -0.0128867 
3.495  -0.0128496 
3.496  -0.0128127 
3.497  -0.0127759 
3.498  -0.0127393 
3.499  -0.0127027 
3.5  -0.0126663 
3.501  -0.01263 
3.502  -0.0125938 
3.503  -0.0125578 
3.504  -0.0125219 
3.505  -0.0124861 
3.506  -0.0124504 
3.507  -0.0124148 
3.508  -0.0123793 
3.509  -0.012344 
3.51  -0.0123088 
3.511  -0.0122737 
3.512  -0.0122387 
3.513  -0.0122038 
3.514  -0.0121691 
3.515  -0.0121345 
3.516  -0.0120999 
3.517  -0.0120655 
3.518  -0.0120312 
3.519  -0.0119971 
3.52  -0.011963 
3.521  -0.0119291 
3.522  -0.0118952 
3.523  -0.0118615 
3.524  -0.0118279 
3.525  -0.0117944 
3.526  -0.011761 
3.527  -0.0117278 
3.528  -0.0116946 
3.529  -0.0116615 
3.53  -0.0116286 
3.531  -0.0115958 
3.532  -0.011563 
3.533  -0.0115304 
3.534  -0.0114979 
3.535  -0.0114655 
3.536  -0.0114332 
3.537  -0.011401 
3.538  -0.0113689 
3.539  -0.011337 
3.54  -0.0113051 
3.541  -0.0112733 
3.542  -0.0112417 
3.543  -0.0112101 
3.544  -0.0111787 
3.545  -0.0111473 
3.546  -0.0111161 
3.547  -0.0110849 
3.548  -0.0110539 
3.549  -0.011023 
3.55  -0.0109921 
3.551  -0.0109614 
3.552  -0.0109308 
3.553  -0.0109002 
3.554  -0.0108698 
3.555  -0.0108395 
3.556  -0.0108093 
3.557  -0.0107791 
3.558  -0.0107491 
3.559  -0.0107192 
3.56  -0.0106893 
3.561  -0.0106596 
3.562  -0.0106299 
3.563  -0.0106004 
3.564  -0.010571 
3.565  -0.0105416 
3.566  -0.0105124 
3.567  -0.0104832 
3.568  -0.0104541 
3.569  -0.0104252 
3.57  -0.0103963 
3.571  -0.0103675 
3.572  -0.0103388 
3.573  -0.0103102 
3.574  -0.0102818 
3.575  -0.0102533 
3.576  -0.010225 
3.577  -0.0101968 
3.578  -0.0101687 
3.579  -0.0101407 
3.58  -0.0101127 
3.581  -0.0100849 
3.582  -0.0100571 
3.583  -0.0100294 
3.584  -0.0100018 
3.585  -0.00997435 
3.586  -0.00994694 
3.587  -0.00991963 
3.588  -0.0098924 
3.589  -0.00986526 
3.59  -0.00983821 
3.591  -0.00981125 
3.592  -0.00978438 
3.593  -0.00975759 
3.594  -0.00973089 
3.595  -0.00970427 
3.596  -0.00967774 
3.597  -0.0096513 
3.598  -0.00962494 
3.599  -0.00959867 
3.6  -0.00957248 
3.601  -0.00954638 
3.602  -0.00952036 
3.603  -0.00949442 
3.604  -0.00946857 
3.605  -0.0094428 
3.606  -0.00941712 
3.607  -0.00939152 
3.608  -0.009366 
3.609  -0.00934056 
3.61  -0.0093152 
3.611  -0.00928993 
3.612  -0.00926473 
3.613  -0.00923962 
3.614  -0.00921459 
3.615  -0.00918964 
3.616  -0.00916476 
3.617  -0.00913997 
3.618  -0.00911526 
3.619  -0.00909063 
3.62  -0.00906607 
3.621  -0.00904159 
3.622  -0.0090172 
3.623  -0.00899288 
3.624  -0.00896863 
3.625  -0.00894447 
3.626  -0.00892038 
3.627  -0.00889637 
3.628  -0.00887244 
3.629  -0.00884858 
3.63  -0.0088248 
3.631  -0.00880109 
3.632  -0.00877746 
3.633  -0.0087539 
3.634  -0.00873042 
3.635  -0.00870702 
3.636  -0.00868369 
3.637  -0.00866043 
3.638  -0.00863724 
3.639  -0.00861413 
3.64  -0.0085911 
3.641  -0.00856813 
3.642  -0.00854524 
3.643  -0.00852243 
3.644  -0.00849968 
3.645  -0.00847701 
3.646  -0.0084544 
3.647  -0.00843187 
3.648  -0.00840941 
3.649  -0.00838703 
3.65  -0.00836471 
3.651  -0.00834246 
3.652  -0.00832028 
3.653  -0.00829818 
3.654  -0.00827614 
3.655  -0.00825417 
3.656  -0.00823227 
3.657  -0.00821044 
3.658  -0.00818868 
3.659  -0.00816699 
3.66  -0.00814537 
3.661  -0.00812381 
3.662  -0.00810232 
3.663  -0.0080809 
3.664  -0.00805955 
3.665  -0.00803826 
3.666  -0.00801704 
3.667  -0.00799589 
3.668  -0.0079748 
3.669  -0.00795378 
3.67  -0.00793282 
3.671  -0.00791193 
3.672  -0.00789111 
3.673  -0.00787035 
3.674  -0.00784966 
3.675  -0.00782903 
3.676  -0.00780846 
3.677  -0.00778796 
3.678  -0.00776752 
3.679  -0.00774715 
3.68  -0.00772684 
3.681  -0.0077066 
3.682  -0.00768641 
3.683  -0.00766629 
3.684  -0.00764623 
3.685  -0.00762624 
3.686  -0.0076063 
3.687  -0.00758643 
3.688  -0.00756662 
3.689  -0.00754688 
3.69  -0.00752719 
3.691  -0.00750756 
3.692  -0.007488 
3.693  -0.00746849 
3.694  -0.00744905 
3.695  -0.00742967 
3.696  -0.00741034 
3.697  -0.00739108 
3.698  -0.00737187 
3.699  -0.00735273 
3.7  -0.00733364 
3.701  -0.00731462 
3.702  -0.00729565 
3.703  -0.00727674 
3.704  -0.00725789 
3.705  -0.00723909 
3.706  -0.00722036 
3.707  -0.00720168 
3.708  -0.00718306 
3.709  -0.0071645 
3.71  -0.00714599 
3.711  -0.00712754 
3.712  -0.00710915 
3.713  -0.00709081 
3.714  -0.00707253 
3.715  -0.00705431 
3.716  -0.00703614 
3.717  -0.00701803 
3.718  -0.00699998 
3.719  -0.00698198 
3.72  -0.00696403 
3.721  -0.00694614 
3.722  -0.0069283 
3.723  -0.00691052 
3.724  -0.00689279 
3.725  -0.00687512 
3.726  -0.0068575 
3.727  -0.00683994 
3.728  -0.00682242 
3.729  -0.00680496 
3.73  -0.00678756 
3.731  -0.00677021 
3.732  -0.00675291 
3.733  -0.00673566 
3.734  -0.00671847 
3.735  -0.00670132 
3.736  -0.00668423 
3.737  -0.0066672 
3.738  -0.00665021 
3.739  -0.00663328 
3.74  -0.00661639 
3.741  -0.00659956 
3.742  -0.00658278 
3.743  -0.00656605 
3.744  -0.00654937 
3.745  -0.00653274 
3.746  -0.00651616 
3.747  -0.00649963 
3.748  -0.00648315 
3.749  -0.00646672 
3.75  -0.00645034 
3.751  -0.00643401 
3.752  -0.00641773 
3.753  -0.0064015 
3.754  -0.00638532 
3.755  -0.00636919 
3.756  -0.0063531 
3.757  -0.00633706 
3.758  -0.00632108 
3.759  -0.00630513 
3.76  -0.00628924 
3.761  -0.0062734 
3.762  -0.0062576 
3.763  -0.00624185 
3.764  -0.00622615 
3.765  -0.00621049 
3.766  -0.00619488 
3.767  -0.00617932 
3.768  -0.00616381 
3.769  -0.00614834 
3.77  -0.00613292 
3.771  -0.00611754 
3.772  -0.00610221 
3.773  -0.00608692 
3.774  -0.00607168 
3.775  -0.00605649 
3.776  -0.00604134 
3.777  -0.00602624 
3.778  -0.00601118 
3.779  -0.00599617 
3.78  -0.0059812 
3.781  -0.00596628 
3.782  -0.0059514 
3.783  -0.00593656 
3.784  -0.00592177 
3.785  -0.00590702 
3.786  -0.00589232 
3.787  -0.00587766 
3.788  -0.00586305 
3.789  -0.00584847 
3.79  -0.00583394 
3.791  -0.00581946 
3.792  -0.00580501 
3.793  -0.00579061 
3.794  -0.00577625 
3.795  -0.00576194 
3.796  -0.00574767 
3.797  -0.00573343 
3.798  -0.00571925 
3.799  -0.0057051 
3.8  -0.00569099 
3.801  -0.00567693 
3.802  -0.00566291 
3.803  -0.00564893 
3.804  -0.00563499 
3.805  -0.00562109 
3.806  -0.00560723 
3.807  -0.00559341 
3.808  -0.00557964 
3.809  -0.0055659 
3.81  -0.0055522 
3.811  -0.00553855 
3.812  -0.00552493 
3.813  -0.00551136 
3.814  -0.00549782 
3.815  -0.00548433 
3.816  -0.00547087 
3.817  -0.00545745 
3.818  -0.00544407 
3.819  -0.00543074 
3.82  -0.00541744 
3.821  -0.00540418 
3.822  -0.00539095 
3.823  -0.00537777 
3.824  -0.00536462 
3.825  -0.00535152 
3.826  -0.00533845 
3.827  -0.00532542 
3.828  -0.00531243 
3.829  -0.00529947 
3.83  -0.00528656 
3.831  -0.00527368 
3.832  -0.00526084 
3.833  -0.00524803 
3.834  -0.00523526 
3.835  -0.00522253 
3.836  -0.00520984 
3.837  -0.00519718 
3.838  -0.00518456 
3.839  -0.00517198 
3.84  -0.00515943 
3.841  -0.00514692 
3.842  -0.00513445 
3.843  -0.00512201 
3.844  -0.00510961 
3.845  -0.00509724 
3.846  -0.00508491 
3.847  -0.00507262 
3.848  -0.00506036 
3.849  -0.00504814 
3.85  -0.00503595 
3.851  -0.00502379 
3.852  -0.00501168 
3.853  -0.00499959 
3.854  -0.00498754 
3.855  -0.00497553 
3.856  -0.00496355 
3.857  -0.00495161 
3.858  -0.00493969 
3.859  -0.00492782 
3.86  -0.00491598 
3.861  -0.00490417 
3.862  -0.00489239 
3.863  -0.00488065 
3.864  -0.00486894 
3.865  -0.00485727 
3.866  -0.00484563 
3.867  -0.00483402 
3.868  -0.00482245 
3.869  -0.00481091 
3.87  -0.0047994 
3.871  -0.00478793 
3.872  -0.00477649 
3.873  -0.00476508 
3.874  -0.0047537 
3.875  -0.00474235 
3.876  -0.00473104 
3.877  -0.00471976 
3.878  -0.00470852 
3.879  -0.0046973 
3.88  -0.00468612 
3.881  -0.00467496 
3.882  -0.00466384 
3.883  -0.00465276 
3.884  -0.0046417 
3.885  -0.00463067 
3.886  -0.00461968 
3.887  -0.00460872 
3.888  -0.00459778 
3.889  -0.00458688 
3.89  -0.00457601 
3.891  -0.00456517 
3.892  -0.00455436 
3.893  -0.00454358 
3.894  -0.00453284 
3.895  -0.00452212 
3.896  -0.00451143 
3.897  -0.00450078 
3.898  -0.00449015 
3.899  -0.00447955 
3.9  -0.00446898 
3.901  -0.00445845 
3.902  -0.00444794 
3.903  -0.00443746 
3.904  -0.00442701 
3.905  -0.00441659 
3.906  -0.0044062 
3.907  -0.00439584 
3.908  -0.00438551 
3.909  -0.00437521 
3.91  -0.00436494 
3.911  -0.00435469 
3.912  -0.00434447 
3.913  -0.00433429 
3.914  -0.00432413 
3.915  -0.004314 
3.916  -0.0043039 
3.917  -0.00429382 
3.918  -0.00428378 
3.919  -0.00427376 
3.92  -0.00426377 
3.921  -0.00425381 
3.922  -0.00424387 
3.923  -0.00423397 
3.924  -0.00422409 
3.925  -0.00421424 
3.926  -0.00420441 
3.927  -0.00419462 
3.928  -0.00418485 
3.929  -0.00417511 
3.93  -0.00416539 
3.931  -0.0041557 
3.932  -0.00414604 
3.933  -0.00413641 
3.934  -0.0041268 
3.935  -0.00411722 
3.936  -0.00410767 
3.937  -0.00409814 
3.938  -0.00408864 
3.939  -0.00407917 
3.94  -0.00406972 
3.941  -0.0040603 
3.942  -0.0040509 
3.943  -0.00404153 
3.944  -0.00403218 
3.945  -0.00402287 
3.946  -0.00401357 
3.947  -0.00400431 
3.948  -0.00399506 
3.949  -0.00398585 
3.95  -0.00397666 
3.951  -0.00396749 
3.952  -0.00395835 
3.953  -0.00394924 
3.954  -0.00394015 
3.955  -0.00393108 
3.956  -0.00392204 
3.957  -0.00391303 
3.958  -0.00390404 
3.959  -0.00389507 
3.96  -0.00388613 
3.961  -0.00387721 
3.962  -0.00386832 
3.963  -0.00385945 
3.964  -0.00385061 
3.965  -0.00384179 
3.966  -0.003833 
3.967  -0.00382423 
3.968  -0.00381548 
3.969  -0.00380676 
3.97  -0.00379806 
3.971  -0.00378938 
3.972  -0.00378073 
3.973  -0.0037721 
3.974  -0.0037635 
3.975  -0.00375491 
3.976  -0.00374636 
3.977  -0.00373782 
3.978  -0.00372931 
3.979  -0.00372082 
3.98  -0.00371236 
3.981  -0.00370392 
3.982  -0.0036955 
3.983  -0.0036871 
3.984  -0.00367873 
3.985  -0.00367038 
3.986  -0.00366205 
3.987  -0.00365374 
3.988  -0.00364546 
3.989  -0.0036372 
3.99  -0.00362896 
3.991  -0.00362075 
3.992  -0.00361255 
3.993  -0.00360438 
3.994  -0.00359623 
3.995  -0.0035881 
3.996  -0.00358 
3.997  -0.00357191 
3.998  -0.00356385 
3.999  -0.00355581 
4  -0.00354779 
4.001  -0.0035398 
4.002  -0.00353182 
4.003  -0.00352387 
4.004  -0.00351594 
4.005  -0.00350803 
4.006  -0.00350014 
4.007  -0.00349227 
4.008  -0.00348442 
4.009  -0.00347659 
4.01  -0.00346879 
4.011  -0.003461 
4.012  -0.00345324 
4.013  -0.0034455 
4.014  -0.00343778 
4.015  -0.00343008 
4.016  -0.0034224 
4.017  -0.00341474 
4.018  -0.0034071 
4.019  -0.00339948 
4.02  -0.00339188 
4.021  -0.0033843 
4.022  -0.00337674 
4.023  -0.0033692 
4.024  -0.00336169 
4.025  -0.00335419 
4.026  -0.00334671 
4.027  -0.00333925 
4.028  -0.00333181 
4.029  -0.0033244 
4.03  -0.003317 
4.031  -0.00330962 
4.032  -0.00330226 
4.033  -0.00329492 
4.034  -0.0032876 
4.035  -0.0032803 
4.036  -0.00327302 
4.037  -0.00326575 
4.038  -0.00325851 
4.039  -0.00325129 
4.04  -0.00324408 
4.041  -0.0032369 
4.042  -0.00322973 
4.043  -0.00322258 
4.044  -0.00321546 
4.045  -0.00320835 
4.046  -0.00320126 
4.047  -0.00319418 
4.048  -0.00318713 
4.049  -0.00318009 
4.05  -0.00317308 
4.051  -0.00316608 
4.052  -0.0031591 
4.053  -0.00315214 
4.054  -0.0031452 
4.055  -0.00313827 
4.056  -0.00313137 
4.057  -0.00312448 
4.058  -0.00311761 
4.059  -0.00311076 
4.06  -0.00310392 
4.061  -0.00309711 
4.062  -0.00309031 
4.063  -0.00308353 
4.064  -0.00307677 
4.065  -0.00307002 
4.066  -0.0030633 
4.067  -0.00305659 
4.068  -0.00304989 
4.069  -0.00304322 
4.07  -0.00303656 
4.071  -0.00302992 
4.072  -0.0030233 
4.073  -0.0030167 
4.074  -0.00301011 
4.075  -0.00300354 
4.076  -0.00299698 
4.077  -0.00299045 
4.078  -0.00298393 
4.079  -0.00297743 
4.08  -0.00297094 
4.081  -0.00296447 
4.082  -0.00295802 
4.083  -0.00295159 
4.084  -0.00294517 
4.085  -0.00293877 
4.086  -0.00293238 
4.087  -0.00292601 
4.088  -0.00291966 
4.089  -0.00291333 
4.09  -0.00290701 
4.091  -0.00290071 
4.092  -0.00289442 
4.093  -0.00288815 
4.094  -0.0028819 
4.095  -0.00287566 
4.096  -0.00286944 
4.097  -0.00286323 
4.098  -0.00285704 
4.099  -0.00285087 
4.1  -0.00284471 
4.101  -0.00283857 
4.102  -0.00283245 
4.103  -0.00282634 
4.104  -0.00282024 
4.105  -0.00281417 
4.106  -0.0028081 
4.107  -0.00280206 
4.108  -0.00279602 
4.109  -0.00279001 
4.11  -0.00278401 
4.111  -0.00277802 
4.112  -0.00277205 
4.113  -0.0027661 
4.114  -0.00276016 
4.115  -0.00275424 
4.116  -0.00274833 
4.117  -0.00274243 
4.118  -0.00273656 
4.119  -0.00273069 
4.12  -0.00272484 
4.121  -0.00271901 
4.122  -0.00271319 
4.123  -0.00270739 
4.124  -0.0027016 
4.125  -0.00269583 
4.126  -0.00269007 
4.127  -0.00268432 
4.128  -0.00267859 
4.129  -0.00267288 
4.13  -0.00266718 
4.131  -0.00266149 
4.132  -0.00265582 
4.133  -0.00265016 
4.134  -0.00264452 
4.135  -0.00263889 
4.136  -0.00263328 
4.137  -0.00262768 
4.138  -0.00262209 
4.139  -0.00261652 
4.14  -0.00261096 
4.141  -0.00260542 
4.142  -0.00259989 
4.143  -0.00259438 
4.144  -0.00258887 
4.145  -0.00258339 
4.146  -0.00257791 
4.147  -0.00257245 
4.148  -0.00256701 
4.149  -0.00256158 
4.15  -0.00255616 
4.151  -0.00255075 
4.152  -0.00254536 
4.153  -0.00253999 
4.154  -0.00253462 
4.155  -0.00252927 
4.156  -0.00252394 
4.157  -0.00251861 
4.158  -0.0025133 
4.159  -0.00250801 
4.16  -0.00250272 
4.161  -0.00249745 
4.162  -0.0024922 
4.163  -0.00248695 
4.164  -0.00248172 
4.165  -0.00247651 
4.166  -0.0024713 
4.167  -0.00246611 
4.168  -0.00246093 
4.169  -0.00245577 
4.17  -0.00245062 
4.171  -0.00244548 
4.172  -0.00244035 
4.173  -0.00243524 
4.174  -0.00243014 
4.175  -0.00242505 
4.176  -0.00241998 
4.177  -0.00241491 
4.178  -0.00240986 
4.179  -0.00240483 
4.18  -0.0023998 
4.181  -0.00239479 
4.182  -0.00238979 
4.183  -0.0023848 
4.184  -0.00237983 
4.185  -0.00237487 
4.186  -0.00236992 
4.187  -0.00236498 
4.188  -0.00236006 
4.189  -0.00235514 
4.19  -0.00235024 
4.191  -0.00234535 
4.192  -0.00234048 
4.193  -0.00233561 
4.194  -0.00233076 
4.195  -0.00232592 
4.196  -0.00232109 
4.197  -0.00231628 
4.198  -0.00231147 
4.199  -0.00230668 
4.2  -0.0023019 
4.201  -0.00229713 
4.202  -0.00229237 
4.203  -0.00228763 
4.204  -0.0022829 
4.205  -0.00227817 
4.206  -0.00227346 
4.207  -0.00226877 
4.208  -0.00226408 
4.209  -0.0022594 
4.21  -0.00225474 
4.211  -0.00225009 
4.212  -0.00224545 
4.213  -0.00224082 
4.214  -0.0022362 
4.215  -0.00223159 
4.216  -0.002227 
4.217  -0.00222241 
4.218  -0.00221784 
4.219  -0.00221328 
4.22  -0.00220873 
4.221  -0.00220419 
4.222  -0.00219966 
4.223  -0.00219515 
4.224  -0.00219064 
4.225  -0.00218615 
4.226  -0.00218166 
4.227  -0.00217719 
4.228  -0.00217273 
4.229  -0.00216828 
4.23  -0.00216384 
4.231  -0.00215941 
4.232  -0.00215499 
4.233  -0.00215058 
4.234  -0.00214619 
4.235  -0.0021418 
4.236  -0.00213742 
4.237  -0.00213306 
4.238  -0.00212871 
4.239  -0.00212436 
4.24  -0.00212003 
4.241  -0.00211571 
4.242  -0.0021114 
4.243  -0.00210709 
4.244  -0.0021028 
4.245  -0.00209852 
4.246  -0.00209425 
4.247  -0.00208999 
4.248  -0.00208574 
4.249  -0.00208151 
4.25  -0.00207728 
4.251  -0.00207306 
4.252  -0.00206885 
4.253  -0.00206465 
4.254  -0.00206047 
4.255  -0.00205629 
4.256  -0.00205212 
4.257  -0.00204796 
4.258  -0.00204382 
4.259  -0.00203968 
4.26  -0.00203555 
4.261  -0.00203143 
4.262  -0.00202733 
4.263  -0.00202323 
4.264  -0.00201914 
4.265  -0.00201506 
4.266  -0.002011 
4.267  -0.00200694 
4.268  -0.00200289 
4.269  -0.00199885 
4.27  -0.00199482 
4.271  -0.0019908 
4.272  -0.00198679 
4.273  -0.00198279 
4.274  -0.0019788 
4.275  -0.00197482 
4.276  -0.00197085 
4.277  -0.00196689 
4.278  -0.00196294 
4.279  -0.00195899 
4.28  -0.00195506 
4.281  -0.00195114 
4.282  -0.00194722 
4.283  -0.00194332 
4.284  -0.00193942 
4.285  -0.00193554 
4.286  -0.00193166 
4.287  -0.00192779 
4.288  -0.00192393 
4.289  -0.00192008 
4.29  -0.00191624 
4.291  -0.00191241 
4.292  -0.00190859 
4.293  -0.00190478 
4.294  -0.00190098 
4.295  -0.00189718 
4.296  -0.0018934 
4.297  -0.00188962 
4.298  -0.00188585 
4.299  -0.00188209 
4.3  -0.00187834 
4.301  -0.0018746 
4.302  -0.00187087 
4.303  -0.00186715 
4.304  -0.00186343 
4.305  -0.00185973 
4.306  -0.00185603 
4.307  -0.00185234 
4.308  -0.00184867 
4.309  -0.001845 
4.31  -0.00184133 
4.311  -0.00183768 
4.312  -0.00183404 
4.313  -0.0018304 
4.314  -0.00182677 
4.315  -0.00182316 
4.316  -0.00181955 
4.317  -0.00181595 
4.318  -0.00181235 
4.319  -0.00180877 
4.32  -0.00180519 
4.321  -0.00180162 
4.322  -0.00179807 
4.323  -0.00179452 
4.324  -0.00179097 
4.325  -0.00178744 
4.326  -0.00178391 
4.327  -0.0017804 
4.328  -0.00177689 
4.329  -0.00177339 
4.33  -0.00176989 
4.331  -0.00176641 
4.332  -0.00176293 
4.333  -0.00175947 
4.334  -0.00175601 
4.335  -0.00175255 
4.336  -0.00174911 
4.337  -0.00174567 
4.338  -0.00174225 
4.339  -0.00173883 
4.34  -0.00173542 
4.341  -0.00173201 
4.342  -0.00172862 
4.343  -0.00172523 
4.344  -0.00172185 
4.345  -0.00171848 
4.346  -0.00171511 
4.347  -0.00171176 
4.348  -0.00170841 
4.349  -0.00170507 
4.35  -0.00170174 
4.351  -0.00169841 
4.352  -0.00169509 
4.353  -0.00169179 
4.354  -0.00168848 
4.355  -0.00168519 
4.356  -0.0016819 
4.357  -0.00167863 
4.358  -0.00167535 
4.359  -0.00167209 
4.36  -0.00166883 
4.361  -0.00166559 
4.362  -0.00166235 
4.363  -0.00165911 
4.364  -0.00165589 
4.365  -0.00165267 
4.366  -0.00164946 
4.367  -0.00164625 
4.368  -0.00164306 
4.369  -0.00163987 
4.37  -0.00163669 
4.371  -0.00163352 
4.372  -0.00163035 
4.373  -0.00162719 
4.374  -0.00162404 
4.375  -0.00162089 
4.376  -0.00161776 
4.377  -0.00161463 
4.378  -0.0016115 
4.379  -0.00160839 
4.38  -0.00160528 
4.381  -0.00160218 
4.382  -0.00159908 
4.383  -0.001596 
4.384  -0.00159292 
4.385  -0.00158984 
4.386  -0.00158678 
4.387  -0.00158372 
4.388  -0.00158067 
4.389  -0.00157762 
4.39  -0.00157459 
4.391  -0.00157156 
4.392  -0.00156853 
4.393  -0.00156551 
4.394  -0.00156251 
4.395  -0.0015595 
4.396  -0.00155651 
4.397  -0.00155352 
4.398  -0.00155053 
4.399  -0.00154756 
4.4  -0.00154459 
4.401  -0.00154163 
4.402  -0.00153867 
4.403  -0.00153573 
4.404  -0.00153278 
4.405  -0.00152985 
4.406  -0.00152692 
4.407  -0.001524 
4.408  -0.00152108 
4.409  -0.00151818 
4.41  -0.00151527 
4.411  -0.00151238 
4.412  -0.00150949 
4.413  -0.00150661 
4.414  -0.00150373 
4.415  -0.00150086 
4.416  -0.001498 
4.417  -0.00149515 
4.418  -0.0014923 
4.419  -0.00148945 
4.42  -0.00148662 
4.421  -0.00148379 
4.422  -0.00148097 
4.423  -0.00147815 
4.424  -0.00147534 
4.425  -0.00147253 
4.426  -0.00146974 
4.427  -0.00146694 
4.428  -0.00146416 
4.429  -0.00146138 
4.43  -0.00145861 
4.431  -0.00145584 
4.432  -0.00145308 
4.433  -0.00145033 
4.434  -0.00144758 
4.435  -0.00144484 
4.436  -0.0014421 
4.437  -0.00143937 
4.438  -0.00143665 
4.439  -0.00143393 
4.44  -0.00143122 
4.441  -0.00142852 
4.442  -0.00142582 
4.443  -0.00142313 
4.444  -0.00142044 
4.445  -0.00141776 
4.446  -0.00141509 
4.447  -0.00141242 
4.448  -0.00140976 
4.449  -0.0014071 
4.45  -0.00140445 
4.451  -0.00140181 
4.452  -0.00139917 
4.453  -0.00139653 
4.454  -0.00139391 
4.455  -0.00139129 
4.456  -0.00138867 
4.457  -0.00138606 
4.458  -0.00138346 
4.459  -0.00138086 
4.46  -0.00137827 
4.461  -0.00137569 
4.462  -0.00137311 
4.463  -0.00137053 
4.464  -0.00136796 
4.465  -0.0013654 
4.466  -0.00136284 
4.467  -0.00136029 
4.468  -0.00135775 
4.469  -0.00135521 
4.47  -0.00135267 
4.471  -0.00135015 
4.472  -0.00134762 
4.473  -0.0013451 
4.474  -0.00134259 
4.475  -0.00134009 
4.476  -0.00133759 
4.477  -0.00133509 
4.478  -0.0013326 
4.479  -0.00133012 
4.48  -0.00132764 
4.481  -0.00132517 
4.482  -0.0013227 
4.483  -0.00132024 
4.484  -0.00131778 
4.485  -0.00131533 
4.486  -0.00131288 
4.487  -0.00131044 
4.488  -0.00130801 
4.489  -0.00130558 
4.49  -0.00130316 
4.491  -0.00130074 
4.492  -0.00129832 
4.493  -0.00129592 
4.494  -0.00129351 
4.495  -0.00129112 
4.496  -0.00128872 
4.497  -0.00128634 
4.498  -0.00128396 
4.499  -0.00128158 
4.5  -0.00127921 
4.501  -0.00127684 
4.502  -0.00127448 
4.503  -0.00127213 
4.504  -0.00126978 
4.505  -0.00126743 
4.506  -0.00126509 
4.507  -0.00126276 
4.508  -0.00126043 
4.509  -0.0012581 
4.51  -0.00125579 
4.511  -0.00125347 
4.512  -0.00125116 
4.513  -0.00124886 
4.514  -0.00124656 
4.515  -0.00124426 
4.516  -0.00124198 
4.517  -0.00123969 
4.518  -0.00123741 
4.519  -0.00123514 
4.52  -0.00123287 
4.521  -0.00123061 
4.522  -0.00122835 
4.523  -0.00122609 
4.524  -0.00122384 
4.525  -0.0012216 
4.526  -0.00121936 
4.527  -0.00121713 
4.528  -0.0012149 
4.529  -0.00121267 
4.53  -0.00121045 
4.531  -0.00120824 
4.532  -0.00120603 
4.533  -0.00120382 
4.534  -0.00120162 
4.535  -0.00119942 
4.536  -0.00119723 
4.537  -0.00119505 
4.538  -0.00119287 
4.539  -0.00119069 
4.54  -0.00118852 
4.541  -0.00118635 
4.542  -0.00118419 
4.543  -0.00118203 
4.544  -0.00117988 
4.545  -0.00117773 
4.546  -0.00117558 
4.547  -0.00117344 
4.548  -0.00117131 
4.549  -0.00116918 
4.55  -0.00116705 
4.551  -0.00116493 
4.552  -0.00116282 
4.553  -0.00116071 
4.554  -0.0011586 
4.555  -0.0011565 
4.556  -0.0011544 
4.557  -0.00115231 
4.558  -0.00115022 
4.559  -0.00114813 
4.56  -0.00114605 
4.561  -0.00114398 
4.562  -0.00114191 
4.563  -0.00113984 
4.564  -0.00113778 
4.565  -0.00113572 
4.566  -0.00113367 
4.567  -0.00113162 
4.568  -0.00112957 
4.569  -0.00112753 
4.57  -0.0011255 
4.571  -0.00112347 
4.572  -0.00112144 
4.573  -0.00111942 
4.574  -0.0011174 
4.575  -0.00111539 
4.576  -0.00111338 
4.577  -0.00111137 
4.578  -0.00110937 
4.579  -0.00110737 
4.58  -0.00110538 
4.581  -0.00110339 
4.582  -0.00110141 
4.583  -0.00109943 
4.584  -0.00109746 
4.585  -0.00109549 
4.586  -0.00109352 
4.587  -0.00109156 
4.588  -0.0010896 
4.589  -0.00108764 
4.59  -0.00108569 
4.591  -0.00108375 
4.592  -0.00108181 
4.593  -0.00107987 
4.594  -0.00107793 
4.595  -0.00107601 
4.596  -0.00107408 
4.597  -0.00107216 
4.598  -0.00107024 
4.599  -0.00106833 
4.6  -0.00106642 
4.601  -0.00106452 
4.602  -0.00106261 
4.603  -0.00106072 
4.604  -0.00105883 
4.605  -0.00105694 
4.606  -0.00105505 
4.607  -0.00105317 
4.608  -0.00105129 
4.609  -0.00104942 
4.61  -0.00104755 
4.611  -0.00104569 
4.612  -0.00104383 
4.613  -0.00104197 
4.614  -0.00104012 
4.615  -0.00103827 
4.616  -0.00103642 
4.617  -0.00103458 
4.618  -0.00103275 
4.619  -0.00103091 
4.62  -0.00102908 
4.621  -0.00102726 
4.622  -0.00102544 
4.623  -0.00102362 
4.624  -0.0010218 
4.625  -0.00101999 
4.626  -0.00101819 
4.627  -0.00101638 
4.628  -0.00101458 
4.629  -0.00101279 
4.63  -0.001011 
4.631  -0.00100921 
4.632  -0.00100743 
4.633  -0.00100565 
4.634  -0.00100387 
4.635  -0.0010021 
4.636  -0.00100033 
4.637  -0.000998564 
4.638  -0.000996803 
4.639  -0.000995045 
4.64  -0.000993291 
4.641  -0.000991541 
4.642  -0.000989794 
4.643  -0.000988051 
4.644  -0.000986312 
4.645  -0.000984576 
4.646  -0.000982844 
4.647  -0.000981115 
4.648  -0.00097939 
4.649  -0.000977669 
4.65  -0.000975952 
4.651  -0.000974238 
4.652  -0.000972527 
4.653  -0.00097082 
4.654  -0.000969117 
4.655  -0.000967417 
4.656  -0.000965721 
4.657  -0.000964028 
4.658  -0.000962339 
4.659  -0.000960653 
4.66  -0.000958971 
4.661  -0.000957293 
4.662  -0.000955618 
4.663  -0.000953946 
4.664  -0.000952278 
4.665  -0.000950613 
4.666  -0.000948952 
4.667  -0.000947294 
4.668  -0.00094564 
4.669  -0.000943989 
4.67  -0.000942342 
4.671  -0.000940698 
4.672  -0.000939057 
4.673  -0.00093742 
4.674  -0.000935786 
4.675  -0.000934156 
4.676  -0.000932529 
4.677  -0.000930905 
4.678  -0.000929285 
4.679  -0.000927668 
4.68  -0.000926054 
4.681  -0.000924444 
4.682  -0.000922837 
4.683  -0.000921233 
4.684  -0.000919633 
4.685  -0.000918036 
4.686  -0.000916442 
4.687  -0.000914852 
4.688  -0.000913265 
4.689  -0.000911681 
4.69  -0.0009101 
4.691  -0.000908523 
4.692  -0.000906949 
4.693  -0.000905378 
4.694  -0.00090381 
4.695  -0.000902246 
4.696  -0.000900685 
4.697  -0.000899127 
4.698  -0.000897572 
4.699  -0.000896021 
4.7  -0.000894472 
4.701  -0.000892927 
4.702  -0.000891385 
4.703  -0.000889847 
4.704  -0.000888311 
4.705  -0.000886778 
4.706  -0.000885249 
4.707  -0.000883723 
4.708  -0.0008822 
4.709  -0.00088068 
4.71  -0.000879163 
4.711  -0.000877649 
4.712  -0.000876139 
4.713  -0.000874631 
4.714  -0.000873127 
4.715  -0.000871625 
4.716  -0.000870127 
4.717  -0.000868632 
4.718  -0.000867139 
4.719  -0.00086565 
4.72  -0.000864164 
4.721  -0.000862681 
4.722  -0.000861201 
4.723  -0.000859724 
4.724  -0.00085825 
4.725  -0.000856779 
4.726  -0.000855311 
4.727  -0.000853846 
4.728  -0.000852384 
4.729  -0.000850925 
4.73  -0.000849469 
4.731  -0.000848016 
4.732  -0.000846566 
4.733  -0.000845118 
4.734  -0.000843674 
4.735  -0.000842233 
4.736  -0.000840794 
4.737  -0.000839359 
4.738  -0.000837926 
4.739  -0.000836497 
4.74  -0.00083507 
4.741  -0.000833646 
4.742  -0.000832225 
4.743  -0.000830807 
4.744  -0.000829392 
4.745  -0.000827979 
4.746  -0.00082657 
4.747  -0.000825163 
4.748  -0.000823759 
4.749  -0.000822358 
4.75  -0.00082096 
4.751  -0.000819565 
4.752  -0.000818172 
4.753  -0.000816783 
4.754  -0.000815396 
4.755  -0.000814012 
4.756  -0.00081263 
4.757  -0.000811252 
4.758  -0.000809876 
4.759  -0.000808503 
4.76  -0.000807133 
4.761  -0.000805766 
4.762  -0.000804401 
4.763  -0.000803039 
4.764  -0.00080168 
4.765  -0.000800324 
4.766  -0.00079897 
4.767  -0.000797619 
4.768  -0.000796271 
4.769  -0.000794925 
4.77  -0.000793582 
4.771  -0.000792242 
4.772  -0.000790905 
4.773  -0.00078957 
4.774  -0.000788238 
4.775  -0.000786908 
4.776  -0.000785581 
4.777  -0.000784257 
4.778  -0.000782936 
4.779  -0.000781617 
4.78  -0.000780301 
4.781  -0.000778987 
4.782  -0.000777676 
4.783  -0.000776368 
4.784  -0.000775062 
4.785  -0.000773759 
4.786  -0.000772459 
4.787  -0.000771161 
4.788  -0.000769866 
4.789  -0.000768573 
4.79  -0.000767283 
4.791  -0.000765996 
4.792  -0.000764711 
4.793  -0.000763428 
4.794  -0.000762148 
4.795  -0.000760871 
4.796  -0.000759596 
4.797  -0.000758324 
4.798  -0.000757054 
4.799  -0.000755787 
4.8  -0.000754523 
4.801  -0.000753261 
4.802  -0.000752001 
4.803  -0.000750744 
4.804  -0.000749489 
4.805  -0.000748237 
4.806  -0.000746987 
4.807  -0.00074574 
4.808  -0.000744496 
4.809  -0.000743253 
4.81  -0.000742014 
4.811  -0.000740776 
4.812  -0.000739542 
4.813  -0.000738309 
4.814  -0.000737079 
4.815  -0.000735852 
4.816  -0.000734627 
4.817  -0.000733404 
4.818  -0.000732184 
4.819  -0.000730966 
4.82  -0.000729751 
4.821  -0.000728538 
4.822  -0.000727327 
4.823  -0.000726119 
4.824  -0.000724913 
4.825  -0.000723709 
4.826  -0.000722508 
4.827  -0.00072131 
4.828  -0.000720113 
4.829  -0.000718919 
4.83  -0.000717728 
4.831  -0.000716538 
4.832  -0.000715351 
4.833  -0.000714167 
4.834  -0.000712984 
4.835  -0.000711804 
4.836  -0.000710627 
4.837  -0.000709451 
4.838  -0.000708278 
4.839  -0.000707108 
4.84  -0.000705939 
4.841  -0.000704773 
4.842  -0.000703609 
4.843  -0.000702448 
4.844  -0.000701288 
4.845  -0.000700131 
4.846  -0.000698977 
4.847  -0.000697824 
4.848  -0.000696674 
4.849  -0.000695526 
4.85  -0.00069438 
4.851  -0.000693237 
4.852  -0.000692096 
4.853  -0.000690957 
4.854  -0.00068982 
4.855  -0.000688685 
4.856  -0.000687553 
4.857  -0.000686423 
4.858  -0.000685295 
4.859  -0.000684169 
4.86  -0.000683046 
4.861  -0.000681924 
4.862  -0.000680805 
4.863  -0.000679688 
4.864  -0.000678573 
4.865  -0.000677461 
4.866  -0.00067635 
4.867  -0.000675242 
4.868  -0.000674136 
4.869  -0.000673032 
4.87  -0.00067193 
4.871  -0.00067083 
4.872  -0.000669733 
4.873  -0.000668637 
4.874  -0.000667544 
4.875  -0.000666453 
4.876  -0.000665364 
4.877  -0.000664277 
4.878  -0.000663192 
4.879  -0.000662109 
4.88  -0.000661029 
4.881  -0.00065995 
4.882  -0.000658874 
4.883  -0.000657799 
4.884  -0.000656727 
4.885  -0.000655657 
4.886  -0.000654589 
4.887  -0.000653523 
4.888  -0.000652459 
4.889  -0.000651397 
4.89  -0.000650337 
4.891  -0.000649279 
4.892  -0.000648223 
4.893  -0.00064717 
4.894  -0.000646118 
4.895  -0.000645068 
4.896  -0.000644021 
4.897  -0.000642975 
4.898  -0.000641931 
4.899  -0.00064089 
4.9  -0.00063985 
4.901  -0.000638812 
4.902  -0.000637777 
4.903  -0.000636743 
4.904  -0.000635712 
4.905  -0.000634682 
4.906  -0.000633654 
4.907  -0.000632629 
4.908  -0.000631605 
4.909  -0.000630583 
4.91  -0.000629563 
4.911  -0.000628546 
4.912  -0.00062753 
4.913  -0.000626516 
4.914  -0.000625504 
4.915  -0.000624494 
4.916  -0.000623486 
4.917  -0.000622479 
4.918  -0.000621475 
4.919  -0.000620473 
4.92  -0.000619473 
4.921  -0.000618474 
4.922  -0.000617477 
4.923  -0.000616483 
4.924  -0.00061549 
4.925  -0.000614499 
4.926  -0.00061351 
4.927  -0.000612523 
4.928  -0.000611538 
4.929  -0.000610555 
4.93  -0.000609573 
4.931  -0.000608594 
4.932  -0.000607616 
4.933  -0.00060664 
4.934  -0.000605666 
4.935  -0.000604694 
4.936  -0.000603724 
4.937  -0.000602755 
4.938  -0.000601789 
4.939  -0.000600824 
4.94  -0.000599861 
4.941  -0.0005989 
4.942  -0.000597941 
4.943  -0.000596983 
4.944  -0.000596028 
4.945  -0.000595074 
4.946  -0.000594122 
4.947  -0.000593172 
4.948  -0.000592224 
4.949  -0.000591277 
4.95  -0.000590332 
4.951  -0.000589389 
4.952  -0.000588448 
4.953  -0.000587509 
4.954  -0.000586571 
4.955  -0.000585635 
4.956  -0.000584701 
4.957  -0.000583769 
4.958  -0.000582839 
4.959  -0.00058191 
4.96  -0.000580983 
4.961  -0.000580057 
4.962  -0.000579134 
4.963  -0.000578212 
4.964  -0.000577292 
4.965  -0.000576374 
4.966  -0.000575457 
4.967  -0.000574543 
4.968  -0.000573629 
4.969  -0.000572718 
4.97  -0.000571808 
4.971  -0.0005709 
4.972  -0.000569994 
4.973  -0.00056909 
4.974  -0.000568187 
4.975  -0.000567286 
4.976  -0.000566386 
4.977  -0.000565489 
4.978  -0.000564593 
4.979  -0.000563698 
4.98  -0.000562806 
4.981  -0.000561915 
4.982  -0.000561025 
4.983  -0.000560138 
4.984  -0.000559252 
4.985  -0.000558367 
4.986  -0.000557485 
4.987  -0.000556604 
4.988  -0.000555724 
4.989  -0.000554847 
4.99  -0.000553971 
4.991  -0.000553096 
4.992  -0.000552223 
4.993  -0.000551352 
4.994  -0.000550483 
4.995  -0.000549615 
4.996  -0.000548749 
4.997  -0.000547884 
4.998  -0.000547021 
4.999  -0.000546159 
5  -0.0005453 
