0.001  2.10938e+34 
0.002  5.14984e+30 
0.003  3.9692e+28 
0.004  1.25923e+27 
0.005  9.85588e+25 
0.006  1.15679e+26 
0.007  1.4926e+27 
0.008  4.45038e+28 
0.009  5.1652e+30 
0.01  1.52363e+34 
0.011  2.49444e+49 
0.012  6.00011e+34 
0.013  1.02444e+31 
0.014  7.02473e+28 
0.015  2.09976e+27 
0.016  1.39395e+26 
0.017  1.53339e+25 
0.018  2.56605e+24 
0.019  1.28732e+24 
0.02  4.06732e+24 
0.021  2.43281e+25 
0.022  2.0654e+26 
0.023  2.79873e+27 
0.024  7.85342e+28 
0.025  8.07798e+30 
0.026  1.69167e+34 
0.027  6.18886e+45 
0.028  3.20907e+35 
0.029  3.49898e+31 
0.03  2.08541e+29 
0.031  5.82082e+27 
0.032  3.71001e+26 
0.033  3.95862e+25 
0.034  6.01414e+24 
0.035  1.19691e+24 
0.036  3.43166e+23 
0.037  3.18766e+23 
0.038  1.13254e+24 
0.039  6.39942e+24 
0.04  4.9894e+25 
0.041  5.97412e+26 
0.042  1.37358e+28 
0.043  9.68806e+29 
0.044  7.52917e+32 
0.045  8.38275e+39 
0.046  4.71507e+36 
0.047  6.67787e+31 
0.048  2.43329e+31 
0.049  1.98464e+35 
0.05  2.26934e+46 
0.051  1.50746e+34 
0.052  6.66833e+30 
0.053  6.308e+28 
0.054  2.21672e+27 
0.055  1.62217e+26 
0.056  1.89815e+25 
0.057  3.0786e+24 
0.058  6.34984e+23 
0.059  1.57496e+23 
0.06  4.5206e+22 
0.061  1.46079e+22 
0.062  5.20696e+21 
0.063  2.01573e+21 
0.064  8.37298e+20 
0.065  3.69646e+20 
0.066  1.72155e+20 
0.067  8.41332e+19 
0.068  4.30518e+19 
0.069  2.31717e+19 
0.07  1.33899e+19 
0.071  8.77171e+18 
0.072  7.17367e+18 
0.073  7.90519e+18 
0.074  1.13303e+19 
0.075  1.91106e+19 
0.076  3.53009e+19 
0.077  6.92485e+19 
0.078  1.43065e+20 
0.079  3.11702e+20 
0.08  7.20328e+20 
0.081  1.78074e+21 
0.082  4.76163e+21 
0.083  1.39688e+22 
0.084  4.57931e+22 
0.085  1.71905e+23 
0.086  7.64111e+23 
0.087  4.21799e+24 
0.088  3.1059e+25 
0.089  3.42144e+26 
0.09  6.90038e+27 
0.091  3.83481e+29 
0.092  1.68238e+32 
0.093  7.12065e+37 
0.094  1.42858e+38 
0.095  2.12495e+32 
0.096  7.50005e+31 
0.097  2.13324e+36 
0.098  5.96067e+41 
0.099  3.5758e+33 
0.1  3.22749e+30 
0.101  4.1477e+28 
0.102  4.29085e+28 
0.103  3.29985e+30 
0.104  3.5864e+33 
0.105  5.19689e+41 
0.106  2.19274e+38 
0.107  8.63658e+37 
0.108  2.19528e+32 
0.109  5.15077e+29 
0.11  9.64822e+27 
0.111  5.035e+26 
0.112  4.8298e+25 
0.113  6.91999e+24 
0.114  1.31623e+24 
0.115  3.08982e+23 
0.116  8.53197e+22 
0.117  2.68073e+22 
0.118  9.35831e+21 
0.119  3.56722e+21 
0.12  1.467e+21 
0.121  6.479e+20 
0.122  3.11549e+20 
0.123  1.74192e+20 
0.124  1.33123e+20 
0.125  1.60803e+20 
0.126  2.79344e+20 
0.127  5.83629e+20 
0.128  1.34444e+21 
0.129  3.34127e+21 
0.13  8.97999e+21 
0.131  2.63993e+22 
0.132  8.63523e+22 
0.133  3.21685e+23 
0.134  1.40922e+24 
0.135  7.59874e+24 
0.136  5.39885e+25 
0.137  5.63263e+26 
0.138  1.04157e+28 
0.139  4.95607e+29 
0.14  1.52753e+32 
0.141  1.31815e+37 
0.142  9.42405e+39 
0.143  1.30254e+33 
0.144  1.78924e+30 
0.145  2.60459e+28 
0.146  1.14881e+27 
0.147  9.67237e+25 
0.148  1.24452e+25 
0.149  2.16106e+24 
0.15  4.69102e+23 
0.151  1.21021e+23 
0.152  3.58272e+22 
0.153  1.18672e+22 
0.154  4.31767e+21 
0.155  1.70417e+21 
0.156  7.27609e+20 
0.157  3.44137e+20 
0.158  1.99197e+20 
0.159  1.73182e+20 
0.16  2.46392e+20 
0.161  4.78679e+20 
0.162  1.07573e+21 
0.163  2.63963e+21 
0.164  7.01615e+21 
0.165  2.03747e+22 
0.166  6.56805e+22 
0.167  2.40335e+23 
0.168  1.02938e+24 
0.169  5.39036e+24 
0.17  3.68124e+25 
0.171  3.62996e+26 
0.172  6.15343e+27 
0.173  2.51643e+29 
0.174  5.57479e+31 
0.175  1.33387e+36 
0.176  1.30036e+42 
0.177  3.68751e+33 
0.178  3.06209e+30 
0.179  3.65522e+28 
0.18  1.4498e+27 
0.181  1.14254e+26 
0.182  1.40519e+25 
0.183  2.3614e+24 
0.184  5.00069e+23 
0.185  1.26671e+23 
0.186  3.72412e+22 
0.187  1.29e+22 
0.188  6.34407e+21 
0.189  6.77786e+21 
0.19  1.46436e+22 
0.191  4.22281e+22 
0.192  1.41173e+23 
0.193  5.44542e+23 
0.194  2.49778e+24 
0.195  1.43163e+25 
0.196  1.10623e+26 
0.197  1.30366e+27 
0.198  2.92136e+28 
0.199  1.96775e+30 
0.2  1.37846e+33 
0.201  1.09322e+40 
0.202  2.50884e+37 
0.203  2.1071e+32 
0.204  3.68624e+30 
0.205  4.4185e+33 
0.206  1.03474e+43 
0.207  5.52802e+35 
0.208  3.32384e+31 
0.209  1.66158e+29 
0.21  4.26347e+27 
0.211  2.58716e+26 
0.212  2.6743e+25 
0.213  3.97441e+24 
0.214  7.72166e+23 
0.215  1.92957e+23 
0.216  8.50113e+22 
0.217  1.32371e+23 
0.218  4.51353e+23 
0.219  2.01967e+24 
0.22  1.13497e+25 
0.221  8.54068e+25 
0.222  9.67986e+26 
0.223  2.03755e+28 
0.224  1.22192e+30 
0.225  6.40633e+32 
0.226  6.74281e+38 
0.227  9.65731e+37 
0.228  3.35603e+32 
0.229  8.29088e+29 
0.23  1.54453e+28 
0.231  7.8036e+26 
0.232  7.16029e+25 
0.233  9.77624e+24 
0.234  1.77293e+24 
0.235  3.97818e+23 
0.236  1.05348e+23 
0.237  3.18522e+22 
0.238  1.07343e+22 
0.239  3.95995e+21 
0.24  1.57707e+21 
0.241  6.70688e+20 
0.242  3.01928e+20 
0.243  1.42865e+20 
0.244  7.06425e+19 
0.245  3.63299e+19 
0.246  1.93587e+19 
0.247  1.06596e+19 
0.248  6.05963e+18 
0.249  3.56488e+18 
0.25  2.19145e+18 
0.251  1.44244e+18 
0.252  1.06661e+18 
0.253  9.45876e+17 
0.254  1.04578e+18 
0.255  1.40235e+18 
0.256  2.13872e+18 
0.257  3.52103e+18 
0.258  6.08657e+18 
0.259  1.09239e+19 
0.26  2.02964e+19 
0.261  3.90773e+19 
0.262  7.81986e+19 
0.263  1.63346e+20 
0.264  3.58108e+20 
0.265  8.2952e+20 
0.266  2.04708e+21 
0.267  5.43765e+21 
0.268  1.57517e+22 
0.269  5.06065e+22 
0.27  1.84398e+23 
0.271  7.85608e+23 
0.272  4.08567e+24 
0.273  2.76451e+25 
0.274  2.69043e+26 
0.275  4.47003e+27 
0.276  1.76587e+29 
0.277  3.63459e+31 
0.278  6.68146e+35 
0.279  5.19096e+42 
0.28  3.96213e+33 
0.281  2.88102e+30 
0.282  3.26989e+28 
0.283  1.26299e+27 
0.284  9.80345e+25 
0.285  1.24238e+25 
0.286  4.58025e+24 
0.287  1.72358e+25 
0.288  1.54109e+26 
0.289  2.33281e+27 
0.29  7.87598e+28 
0.291  1.17011e+31 
0.292  7.26366e+34 
0.293  4.80941e+48 
0.294  1.49152e+34 
0.295  5.30684e+30 
0.296  4.6497e+28 
0.297  1.57141e+27 
0.298  1.1325e+26 
0.299  1.82335e+25 
0.3  3.94341e+25 
0.301  3.8478e+26 
0.302  6.95408e+27 
0.303  3.18453e+29 
0.304  9.0174e+31 
0.305  5.50505e+36 
0.306  2.00139e+40 
0.307  1.26602e+33 
0.308  1.5477e+30 
0.309  2.14953e+28 
0.31  9.24316e+26 
0.311  7.65949e+25 
0.312  9.74856e+24 
0.313  1.67954e+24 
0.314  3.62641e+23 
0.315  9.37167e+22 
0.316  2.91833e+22 
0.317  1.39555e+22 
0.318  1.84348e+22 
0.319  5.40099e+22 
0.32  2.12597e+23 
0.321  1.02438e+24 
0.322  6.27745e+24 
0.323  5.3176e+25 
0.324  7.16905e+26 
0.325  1.99481e+28 
0.326  2.01859e+30 
0.327  4.03984e+33 
0.328  6.89385e+44 
0.329  9.55741e+34 
0.33  9.75137e+30 
0.331  5.69574e+28 
0.332  1.57451e+27 
0.333  1.00412e+26 
0.334  1.36944e+25 
0.335  2.04382e+25 
0.336  1.59171e+26 
0.337  2.14178e+27 
0.338  6.03257e+28 
0.339  6.41372e+30 
0.34  1.56482e+34 
0.341  1.83164e+47 
0.342  3.45444e+39 
0.343  4.19376e+32 
0.344  6.5322e+29 
0.345  1.11005e+28 
0.346  5.58411e+26 
0.347  5.21793e+25 
0.348  7.28954e+24 
0.349  1.35228e+24 
0.35  3.10781e+23 
0.351  8.66917e+22 
0.352  3.47026e+22 
0.353  3.67256e+22 
0.354  1.00197e+23 
0.355  3.89196e+23 
0.356  1.86163e+24 
0.357  1.13088e+25 
0.358  9.46456e+25 
0.359  1.25334e+27 
0.36  3.38681e+28 
0.361  3.23868e+30 
0.362  5.54968e+33 
0.363  9.7128e+43 
0.364  2.86811e+35 
0.365  2.29765e+31 
0.366  1.24844e+29 
0.367  3.33288e+27 
0.368  2.06936e+26 
0.369  2.1706e+25 
0.37  3.26728e+24 
0.371  6.75022e+23 
0.372  3.01547e+23 
0.373  6.70314e+23 
0.374  3.16634e+24 
0.375  2.03191e+25 
0.376  1.84474e+26 
0.377  2.75926e+27 
0.378  9.1206e+28 
0.379  1.29801e+31 
0.38  7.04717e+34 
0.381  5.31811e+50 
0.382  2.37064e+34 
0.383  7.53056e+30 
0.384  6.34459e+28 
0.385  2.10176e+27 
0.386  1.48376e+26 
0.387  1.69435e+25 
0.388  2.69918e+24 
0.389  5.4894e+23 
0.39  1.34574e+23 
0.391  3.82372e+22 
0.392  1.22438e+22 
0.393  4.32753e+21 
0.394  1.66192e+21 
0.395  6.8501e+20 
0.396  3.00104e+20 
0.397  1.38652e+20 
0.398  6.71224e+19 
0.399  3.38676e+19 
0.4  1.77313e+19 
0.401  9.59615e+18 
0.402  5.35129e+18 
0.403  3.06641e+18 
0.404  1.80131e+18 
0.405  1.08259e+18 
0.406  6.64578e+17 
0.407  4.162e+17 
0.408  2.65741e+17 
0.409  1.73041e+17 
0.41  1.15139e+17 
0.411  7.86654e+16 
0.412  5.57275e+16 
0.413  4.16375e+16 
0.414  3.36457e+16 
0.415  3.02351e+16 
0.416  3.07465e+16 
0.417  3.52149e+16 
0.418  4.43686e+16 
0.419  5.9787e+16 
0.42  8.42616e+16 
0.421  1.22465e+17 
0.422  1.82139e+17 
0.423  2.76181e+17 
0.424  4.26368e+17 
0.425  6.70099e+17 
0.426  1.07288e+18 
0.427  1.75191e+18 
0.428  2.92197e+18 
0.429  4.98676e+18 
0.43  8.72669e+18 
0.431  1.56973e+19 
0.432  2.91048e+19 
0.433  5.5808e+19 
0.434  1.11095e+20 
0.435  2.3064e+20 
0.436  5.02096e+20 
0.437  1.15375e+21 
0.438  2.82108e+21 
0.439  7.414e+21 
0.44  2.12095e+22 
0.441  6.71355e+22 
0.442  2.40275e+23 
0.443  1.00132e+24 
0.444  5.06471e+24 
0.445  3.3056e+25 
0.446  3.06456e+26 
0.447  4.75379e+27 
0.448  1.69303e+29 
0.449  2.93741e+31 
0.45  3.91073e+35 
0.451  1.74289e+49 
0.452  7.21273e+34 
0.453  1.38873e+31 
0.454  1.04564e+29 
0.455  3.32917e+27 
0.456  2.31399e+26 
0.457  2.85163e+25 
0.458  1.9383e+25 
0.459  1.38011e+26 
0.46  2.02482e+27 
0.461  6.54471e+28 
0.462  8.90459e+30 
0.463  4.21071e+34 
0.464  1.10641e+54 
0.465  2.39436e+34 
0.466  6.71503e+30 
0.467  5.42228e+28 
0.468  1.75831e+27 
0.469  1.23132e+26 
0.47  1.69277e+25 
0.471  2.21164e+25 
0.472  1.84348e+26 
0.473  2.82029e+27 
0.474  9.72098e+28 
0.475  1.50658e+31 
0.476  1.0691e+35 
0.477  2.32804e+47 
0.478  1.36041e+34 
0.479  5.38446e+30 
0.48  4.89691e+28 
0.481  1.69267e+27 
0.482  1.67841e+26 
0.483  5.13101e+26 
0.484  9.81896e+27 
0.485  5.21335e+29 
0.486  2.05904e+32 
0.487  5.28191e+37 
0.488  5.4444e+38 
0.489  4.47138e+32 
0.49  8.30113e+29 
0.491  1.36854e+28 
0.492  6.46094e+26 
0.493  5.67942e+25 
0.494  7.5743e+24 
0.495  1.52442e+24 
0.496  1.14091e+24 
0.497  4.75882e+24 
0.498  3.44641e+25 
0.499  3.77739e+26 
0.5  7.55055e+27 
0.501  4.12539e+29 
0.502  1.73937e+32 
0.503  6.07361e+37 
0.504  2.24384e+38 
0.505  2.68786e+32 
0.506  5.35632e+29 
0.507  9.09867e+27 
0.508  4.36699e+26 
0.509  3.87812e+25 
0.51  5.17643e+24 
0.511  9.23287e+23 
0.512  2.04557e+23 
0.513  5.36291e+22 
0.514  1.60839e+22 
0.515  5.38422e+21 
0.516  1.97518e+21 
0.517  7.82925e+20 
0.518  3.3165e+20 
0.519  1.48849e+20 
0.52  7.03282e+19 
0.521  3.4858e+19 
0.522  1.81653e+19 
0.523  1.01188e+19 
0.524  6.33163e+18 
0.525  4.91887e+18 
0.526  5.23271e+18 
0.527  7.46367e+18 
0.528  1.27848e+19 
0.529  2.41751e+19 
0.53  4.86769e+19 
0.531  1.03345e+20 
0.532  2.3159e+20 
0.533  5.50944e+20 
0.534  1.40341e+21 
0.535  3.87127e+21 
0.536  1.17339e+22 
0.537  3.98335e+22 
0.538  1.55388e+23 
0.539  7.21774e+23 
0.54  4.20237e+24 
0.541  3.31577e+25 
0.542  4.02615e+26 
0.543  9.45613e+27 
0.544  6.93506e+29 
0.545  5.94053e+32 
0.546  1.30086e+40 
0.547  1.87506e+36 
0.548  3.48906e+31 
0.549  1.27227e+29 
0.55  2.83195e+27 
0.551  2.69388e+26 
0.552  1.58547e+27 
0.553  4.67468e+28 
0.554  5.42812e+30 
0.555  1.60822e+34 
0.556  3.10073e+49 
0.557  6.27353e+34 
0.558  2.81908e+39 
0.559  1.15551e+37 
0.56  1.04322e+32 
0.561  3.19125e+29 
0.562  6.5439e+27 
0.563  3.50207e+26 
0.564  3.34996e+25 
0.565  4.73285e+24 
0.566  8.84693e+23 
0.567  2.04139e+23 
0.568  5.55e+22 
0.569  1.72051e+22 
0.57  5.93773e+21 
0.571  2.24064e+21 
0.572  9.11798e+20 
0.573  3.95797e+20 
0.574  1.81684e+20 
0.575  8.75719e+19 
0.576  4.40656e+19 
0.577  2.30369e+19 
0.578  1.24617e+19 
0.579  6.95128e+18 
0.58  3.98668e+18 
0.581  2.34487e+18 
0.582  1.41138e+18 
0.583  8.67697e+17 
0.584  5.4401e+17 
0.585  3.47378e+17 
0.586  2.25717e+17 
0.587  1.4919e+17 
0.588  1.00366e+17 
0.589  6.88739e+16 
0.59  4.84579e+16 
0.591  3.53063e+16 
0.592  2.71034e+16 
0.593  2.24845e+16 
0.594  2.07339e+16 
0.595  2.16359e+16 
0.596  2.54416e+16 
0.597  3.29443e+16 
0.598  4.56896e+16 
0.599  6.63902e+16 
0.6  9.96887e+16 
0.601  1.53542e+17 
0.602  2.41762e+17 
0.603  3.88764e+17 
0.604  6.38649e+17 
0.605  1.07301e+18 
0.606  1.84685e+18 
0.607  3.26331e+18 
0.608  5.93433e+18 
0.609  1.11392e+19 
0.61  2.16575e+19 
0.611  4.37938e+19 
0.612  9.25505e+19 
0.613  2.0561e+20 
0.614  4.83604e+20 
0.615  1.21481e+21 
0.616  3.29496e+21 
0.617  9.78474e+21 
0.618  3.23939e+22 
0.619  1.22481e+23 
0.62  5.46732e+23 
0.621  3.02117e+24 
0.622  2.21915e+25 
0.623  2.42862e+26 
0.624  4.83831e+27 
0.625  2.62761e+29 
0.626  1.09256e+32 
0.627  3.56973e+37 
0.628  1.63683e+38 
0.629  1.81401e+32 
0.63  3.56176e+29 
0.631  6.01249e+27 
0.632  2.87778e+26 
0.633  2.64116e+25 
0.634  8.66471e+24 
0.635  4.0723e+25 
0.636  4.63216e+26 
0.637  1.00414e+28 
0.638  6.35864e+29 
0.639  3.79694e+32 
0.64  8.22141e+38 
0.641  1.83901e+37 
0.642  1.0813e+32 
0.643  3.17968e+31 
0.644  7.20937e+35 
0.645  9.75839e+41 
0.646  2.26124e+33 
0.647  1.83781e+30 
0.648  2.17591e+28 
0.649  8.59462e+26 
0.65  6.76399e+25 
0.651  8.54575e+24 
0.652  2.55454e+24 
0.653  7.34286e+24 
0.654  5.91979e+25 
0.655  7.86444e+26 
0.656  2.14159e+28 
0.657  2.07908e+30 
0.658  3.71256e+33 
0.659  1.13883e+44 
0.66  1.5529e+35 
0.661  1.33959e+31 
0.662  2.0226e+31 
0.663  3.48237e+35 
0.664  4.62636e+42 
0.665  2.48184e+33 
0.666  1.74599e+30 
0.667  1.95721e+28 
0.668  7.51112e+26 
0.669  5.8026e+25 
0.67  7.07982e+24 
0.671  1.31488e+24 
0.672  8.68187e+23 
0.673  3.40843e+24 
0.674  2.37567e+25 
0.675  2.47138e+26 
0.676  4.5547e+27 
0.677  2.15457e+29 
0.678  6.55468e+31 
0.679  5.35876e+36 
0.68  4.88398e+39 
0.681  6.02794e+32 
0.682  8.13727e+29 
0.683  1.1762e+28 
0.684  5.16802e+26 
0.685  4.34078e+25 
0.686  5.57601e+24 
0.687  9.67118e+23 
0.688  2.09796e+23 
0.689  5.41979e+22 
0.69  1.62811e+22 
0.691  5.96041e+21 
0.692  3.58706e+21 
0.693  5.24431e+21 
0.694  1.35747e+22 
0.695  4.37721e+22 
0.696  1.63912e+23 
0.697  7.25404e+23 
0.698  3.96655e+24 
0.699  2.87289e+25 
0.7  3.08147e+26 
0.701  5.94931e+27 
0.702  3.05523e+29 
0.703  1.11776e+32 
0.704  2.02178e+37 
0.705  7.22388e+38 
0.706  3.65299e+32 
0.707  6.21957e+29 
0.708  1.90234e+28 
0.709  5.69565e+29 
0.71  3.25976e+32 
0.711  5.57208e+38 
0.712  2.24734e+37 
0.713  1.12422e+32 
0.714  3.00546e+29 
0.715  5.79557e+27 
0.716  2.98542e+26 
0.717  2.77358e+25 
0.718  3.82009e+24 
0.719  6.97353e+23 
0.72  1.57307e+23 
0.721  4.18462e+22 
0.722  1.27048e+22 
0.723  4.29908e+21 
0.724  1.59335e+21 
0.725  6.39192e+20 
0.726  2.76647e+20 
0.727  1.31718e+20 
0.728  7.49283e+19 
0.729  6.0937e+19 
0.73  7.90362e+19 
0.731  1.4212e+20 
0.732  2.9914e+20 
0.733  6.87037e+20 
0.734  1.69594e+21 
0.735  4.518e+21 
0.736  1.31409e+22 
0.737  4.24315e+22 
0.738  1.55571e+23 
0.739  6.6798e+23 
0.74  3.50917e+24 
0.741  2.40692e+25 
0.742  2.38806e+26 
0.743  4.08658e+27 
0.744  1.69866e+29 
0.745  3.89679e+31 
0.746  1.05936e+36 
0.747  4.18368e+41 
0.748  2.04597e+33 
0.749  1.80407e+30 
0.75  2.20376e+28 
0.751  8.84823e+26 
0.752  7.0259e+25 
0.753  8.68573e+24 
0.754  1.4656e+24 
0.755  3.12608e+23 
0.756  8.31181e+22 
0.757  3.58496e+22 
0.758  5.08606e+22 
0.759  1.70633e+23 
0.76  7.74576e+23 
0.761  4.45462e+24 
0.762  3.46136e+25 
0.763  4.11037e+26 
0.764  9.31644e+27 
0.765  6.39663e+29 
0.766  4.6506e+32 
0.767  3.33679e+39 
0.768  4.75214e+36 
0.769  5.48471e+31 
0.77  1.77778e+29 
0.771  3.73457e+27 
0.772  2.01909e+26 
0.773  1.93501e+25 
0.774  2.72393e+24 
0.775  5.07034e+23 
0.776  1.20954e+23 
0.777  4.82009e+22 
0.778  6.80978e+22 
0.779  2.32111e+23 
0.78  1.06508e+24 
0.781  6.19924e+24 
0.782  4.89567e+25 
0.783  5.95265e+26 
0.784  1.40114e+28 
0.785  1.03177e+30 
0.786  8.92884e+32 
0.787  2.10455e+40 
0.788  2.62778e+36 
0.789  5.02644e+31 
0.79  1.84568e+29 
0.791  4.10255e+27 
0.792  2.29068e+26 
0.793  2.24146e+25 
0.794  3.20079e+24 
0.795  6.00047e+23 
0.796  1.38252e+23 
0.797  3.76946e+22 
0.798  1.24119e+22 
0.799  6.41243e+21 
0.8  8.63448e+21 
0.801  2.34156e+22 
0.802  8.24682e+22 
0.803  3.453e+23 
0.804  1.7616e+24 
0.805  1.16202e+25 
0.806  1.09097e+26 
0.807  1.71614e+27 
0.808  6.17554e+28 
0.809  1.04564e+31 
0.81  9.88111e+34 
0.811  1.21242e+45 
0.812  4.71405e+33 
0.813  2.29784e+30 
0.814  2.25056e+28 
0.815  8.05099e+26 
0.816  5.95501e+25 
0.817  7.01647e+24 
0.818  1.14315e+24 
0.819  2.36452e+23 
0.82  5.87371e+22 
0.821  1.6868e+22 
0.822  5.45039e+21 
0.823  1.94416e+21 
0.824  7.57926e+20 
0.825  3.26474e+20 
0.826  1.67552e+20 
0.827  1.25534e+20 
0.828  1.61349e+20 
0.829  3.03726e+20 
0.83  6.81042e+20 
0.831  1.68152e+21 
0.832  4.5133e+21 
0.833  1.32793e+22 
0.834  4.35674e+22 
0.835  1.63336e+23 
0.836  7.2425e+23 
0.837  3.9938e+24 
0.838  2.95915e+25 
0.839  3.34989e+26 
0.84  7.34364e+27 
0.841  5.18984e+29 
0.842  4.91547e+32 
0.843  3.78619e+40 
0.844  6.8147e+67 
0.845  1.96873e+34 
0.846  4.90998e+30 
0.847  3.88874e+28 
0.848  1.26912e+27 
0.849  8.97782e+25 
0.85  1.05204e+25 
0.851  2.56446e+24 
0.852  5.54341e+24 
0.853  4.04822e+25 
0.854  4.79242e+26 
0.855  1.08434e+28 
0.856  7.42184e+29 
0.857  5.35464e+32 
0.858  3.65639e+39 
0.859  5.79594e+36 
0.86  6.52991e+31 
0.861  2.10434e+29 
0.862  4.40906e+27 
0.863  2.38022e+26 
0.864  2.27889e+25 
0.865  3.20498e+24 
0.866  5.9404e+23 
0.867  1.35543e+23 
0.868  3.63721e+22 
0.869  1.11161e+22 
0.87  3.77973e+21 
0.871  1.40489e+21 
0.872  5.63131e+20 
0.873  2.40838e+20 
0.874  1.08969e+20 
0.875  5.18073e+19 
0.876  2.57468e+19 
0.877  1.33304e+19 
0.878  7.18949e+18 
0.879  4.06716e+18 
0.88  2.46883e+18 
0.881  1.69469e+18 
0.882  1.42812e+18 
0.883  1.56326e+18 
0.884  2.14958e+18 
0.885  3.41622e+18 
0.886  5.89162e+18 
0.887  1.06998e+19 
0.888  2.02513e+19 
0.889  3.98876e+19 
0.89  8.19694e+19 
0.891  1.7658e+20 
0.892  4.01288e+20 
0.893  9.69767e+20 
0.894  2.51737e+21 
0.895  7.10996e+21 
0.896  2.22162e+22 
0.897  7.85236e+22 
0.898  3.23675e+23 
0.899  1.62509e+24 
0.9  1.06045e+25 
0.901  9.96813e+25 
0.902  1.61052e+27 
0.903  6.29224e+28 
0.904  1.32955e+31 
0.905  2.83944e+35 
0.906  6.35753e+41 
0.907  1.34476e+46 
0.908  4.84925e+33 
0.909  2.0908e+30 
0.91  1.98624e+28 
0.911  7.10952e+26 
0.912  5.33483e+25 
0.913  6.41492e+24 
0.914  1.06885e+24 
0.915  2.2625e+23 
0.916  5.7769e+22 
0.917  1.77284e+22 
0.918  7.8327e+21 
0.919  8.24777e+21 
0.92  1.93797e+22 
0.921  6.22275e+22 
0.922  2.36492e+23 
0.923  1.07286e+24 
0.924  6.09693e+24 
0.925  4.6965e+25 
0.926  5.58381e+26 
0.927  1.29537e+28 
0.928  9.58313e+29 
0.929  8.75325e+32 
0.93  3.26647e+40 
0.931  6.30835e+39 
0.932  2.57663e+36 
0.933  3.90743e+31 
0.934  1.38055e+29 
0.935  3.13093e+27 
0.936  5.74282e+26 
0.937  1.15075e+28 
0.938  1.264e+30 
0.939  3.19817e+33 
0.94  5.66967e+46 
0.941  2.49677e+34 
0.942  3.52506e+30 
0.943  2.27617e+28 
0.944  6.84797e+26 
0.945  3.03279e+26 
0.946  5.03417e+27 
0.947  2.60591e+29 
0.948  9.77505e+31 
0.949  1.984e+37 
0.95  4.65613e+38 
0.951  1.98042e+36 
0.952  9.90654e+39 
0.953  5.34063e+32 
0.954  6.38525e+29 
0.955  8.81456e+27 
0.956  3.80014e+26 
0.957  3.1789e+25 
0.958  4.10647e+24 
0.959  7.21006e+23 
0.96  1.59329e+23 
0.961  4.28641e+22 
0.962  1.56642e+22 
0.963  1.33874e+22 
0.964  3.19949e+22 
0.965  1.16832e+23 
0.966  5.2712e+23 
0.967  2.9781e+24 
0.968  2.26029e+25 
0.969  2.59727e+26 
0.97  5.59214e+27 
0.971  3.49585e+29 
0.972  2.02388e+32 
0.973  3.67413e+38 
0.974  1.27327e+37 
0.975  6.64749e+31 
0.976  1.04706e+31 
0.977  9.06376e+34 
0.978  3.31399e+45 
0.979  5.47537e+33 
0.98  2.54158e+30 
0.981  2.446e+28 
0.982  8.67217e+26 
0.983  6.38105e+25 
0.984  7.49529e+24 
0.985  1.21925e+24 
0.986  2.52107e+23 
0.987  6.26711e+22 
0.988  1.80267e+22 
0.989  5.83728e+21 
0.99  2.08498e+21 
0.991  8.08811e+20 
0.992  3.36653e+20 
0.993  1.48915e+20 
0.994  6.94684e+19 
0.995  3.39722e+19 
0.996  1.73435e+19 
0.997  9.23138e+18 
0.998  5.14727e+18 
0.999  3.06277e+18 
1  2.03697e+18 
1.001  1.64137e+18 
1.002  1.71924e+18 
1.003  2.30249e+18 
1.004  3.62886e+18 
1.005  6.27106e+18 
1.006  1.14695e+19 
1.007  2.19217e+19 
1.008  4.36941e+19 
1.009  9.10557e+19 
1.01  1.99392e+20 
1.011  4.61936e+20 
1.012  1.14207e+21 
1.013  3.04637e+21 
1.014  8.8904e+21 
1.015  2.8907e+22 
1.016  1.0729e+23 
1.017  4.69965e+23 
1.018  2.54776e+24 
1.019  1.83529e+25 
1.02  1.96747e+26 
1.021  3.8249e+27 
1.022  2.00294e+29 
1.023  7.70053e+31 
1.024  1.74929e+37 
1.025  2.7495e+38 
1.026  5.33757e+36 
1.027  6.95325e+38 
1.028  2.05411e+32 
1.029  3.19041e+29 
1.03  4.90093e+27 
1.031  2.24118e+26 
1.032  1.94735e+25 
1.033  2.58391e+24 
1.034  4.62772e+23 
1.035  1.0361e+23 
1.036  2.75592e+22 
1.037  8.40536e+21 
1.038  2.86508e+21 
1.039  1.07091e+21 
1.04  4.3278e+20 
1.041  1.8729e+20 
1.042  8.6587e+19 
1.043  4.34494e+19 
1.044  2.52682e+19 
1.045  1.97984e+19 
1.046  2.3793e+19 
1.047  4.0329e+19 
1.048  8.18572e+19 
1.049  1.82861e+20 
1.05  4.39226e+20 
1.051  1.13501e+21 
1.052  3.18577e+21 
1.053  9.85707e+21 
1.054  3.43024e+22 
1.055  1.3797e+23 
1.056  6.66292e+23 
1.057  4.08356e+24 
1.058  3.45872e+25 
1.059  4.66191e+26 
1.06  1.29672e+28 
1.061  1.31124e+30 
1.062  2.61905e+33 
1.063  4.32928e+44 
1.064  6.25626e+34 
1.065  6.36458e+30 
1.066  3.71424e+28 
1.067  1.02621e+27 
1.068  6.50155e+25 
1.069  6.90942e+24 
1.07  1.04576e+24 
1.071  2.047e+23 
1.072  4.87476e+22 
1.073  1.36027e+22 
1.074  4.4422e+21 
1.075  1.94414e+21 
1.076  1.74197e+21 
1.077  3.46299e+21 
1.078  9.82062e+21 
1.079  3.27596e+22 
1.08  1.26474e+23 
1.081  5.81539e+23 
1.082  3.34675e+24 
1.083  2.6022e+25 
1.084  3.09565e+26 
1.085  7.04067e+27 
1.086  4.8662e+29 
1.087  3.59644e+32 
1.088  2.87026e+39 
1.089  3.25254e+36 
1.09  3.95447e+31 
1.091  6.99587e+30 
1.092  5.11823e+34 
1.093  3.88429e+46 
1.094  5.48005e+33 
1.095  2.25217e+30 
1.096  2.07561e+28 
1.097  7.20736e+26 
1.098  5.8172e+25 
1.099  5.37583e+25 
1.1  5.97154e+26 
1.101  1.46795e+28 
1.102  1.17604e+30 
1.103  1.26134e+33 
1.104  1.59116e+41 
1.105  9.19075e+35 
1.106  2.98672e+31 
1.107  1.25915e+29 
1.108  2.98251e+27 
1.109  1.72729e+26 
1.11  1.73079e+25 
1.111  2.51312e+24 
1.112  4.77105e+23 
1.113  1.11274e+23 
1.114  3.13388e+22 
1.115  1.2539e+22 
1.116  1.28617e+22 
1.117  3.36947e+22 
1.118  1.25828e+23 
1.119  5.74157e+23 
1.12  3.27949e+24 
1.121  2.52152e+25 
1.122  2.94847e+26 
1.123  6.5209e+27 
1.124  4.27959e+29 
1.125  2.78595e+32 
1.126  1.00304e+39 
1.127  6.67142e+36 
1.128  5.35206e+31 
1.129  1.59218e+29 
1.13  3.33478e+27 
1.131  2.36803e+27 
1.132  1.08704e+29 
1.133  3.65194e+31 
1.134  4.54264e+36 
1.135  6.888e+38 
1.136  1.90635e+32 
1.137  3.38015e+30 
1.138  2.35541e+34 
1.139  1.12054e+46 
1.14  2.32655e+33 
1.141  9.73309e+29 
1.142  1.77987e+28 
1.143  7.76311e+29 
1.144  1.07729e+33 
1.145  1.55893e+42 
1.146  1.72348e+35 
1.147  9.54361e+30 
1.148  4.6602e+28 
1.149  1.18252e+27 
1.15  7.14476e+25 
1.151  8.19902e+24 
1.152  6.55852e+24 
1.153  4.84324e+25 
1.154  6.89264e+26 
1.155  2.11159e+28 
1.156  2.58099e+30 
1.157  8.85431e+33 
1.158  2.18909e+52 
1.159  1.82891e+34 
1.16  3.70912e+30 
1.161  2.70285e+28 
1.162  3.48629e+27 
1.163  1.38854e+29 
1.164  5.42251e+31 
1.165  1.36785e+37 
1.166  1.49801e+38 
1.167  3.16961e+39 
1.168  2.09594e+32 
1.169  2.61202e+29 
1.17  3.758e+27 
1.171  1.69515e+26 
1.172  1.48073e+25 
1.173  1.98583e+24 
1.174  3.5941e+23 
1.175  8.1145e+22 
1.176  2.17115e+22 
1.177  6.64741e+21 
1.178  2.27313e+21 
1.179  8.56289e+20 
1.18  3.58359e+20 
1.181  1.80701e+20 
1.182  1.39125e+20 
1.183  1.96026e+20 
1.184  4.1259e+20 
1.185  1.03765e+21 
1.186  2.90602e+21 
1.187  9.02427e+21 
1.188  3.15835e+22 
1.189  1.27969e+23 
1.19  6.23853e+23 
1.191  3.87167e+24 
1.192  3.33693e+25 
1.193  4.6159e+26 
1.194  1.3398e+28 
1.195  1.47208e+30 
1.196  3.71102e+33 
1.197  6.01703e+46 
1.198  2.94608e+34 
1.199  4.13971e+30 
1.2  2.66868e+28 
1.201  7.73876e+26 
1.202  5.0451e+25 
1.203  5.46382e+24 
1.204  8.38119e+23 
1.205  1.6569e+23 
1.206  3.97361e+22 
1.207  1.10957e+22 
1.208  3.5064e+21 
1.209  1.23258e+21 
1.21  4.84283e+20 
1.211  2.30091e+20 
1.212  1.69624e+20 
1.213  2.37284e+20 
1.214  5.04841e+20 
1.215  1.28713e+21 
1.216  3.66259e+21 
1.217  1.15994e+22 
1.218  4.16148e+22 
1.219  1.74035e+23 
1.22  8.84099e+23 
1.221  5.79838e+24 
1.222  5.40049e+25 
1.223  8.3935e+26 
1.224  2.9595e+28 
1.225  4.8049e+30 
1.226  3.9589e+34 
1.227  4.46568e+45 
1.228  2.99913e+33 
1.229  1.32743e+30 
1.23  1.25839e+28 
1.231  6.5464e+26 
1.232  3.01333e+27 
1.233  8.80379e+28 
1.234  1.00062e+31 
1.235  2.77916e+34 
1.236  6.2168e+48 
1.237  1.42646e+35 
1.238  2.27264e+31 
1.239  3.30372e+31 
1.24  1.12494e+37 
1.241  4.44198e+37 
1.242  5.1955e+31 
1.243  1.03069e+29 
1.244  1.74834e+27 
1.245  8.40236e+25 
1.246  7.53938e+24 
1.247  1.18432e+24 
1.248  1.13959e+24 
1.249  7.15546e+24 
1.25  7.95023e+25 
1.251  1.63771e+27 
1.252  9.45144e+28 
1.253  4.52703e+31 
1.254  2.97093e+37 
1.255  1.59484e+37 
1.256  3.68175e+31 
1.257  4.71552e+30 
1.258  6.98007e+34 
1.259  3.2994e+42 
1.26  7.52376e+32 
1.261  4.90623e+29 
1.262  5.34591e+27 
1.263  2.02143e+26 
1.264  1.54733e+25 
1.265  1.86708e+24 
1.266  3.09864e+23 
1.267  6.53546e+22 
1.268  1.72445e+22 
1.269  7.29826e+21 
1.27  9.69004e+21 
1.271  3.01034e+22 
1.272  1.25749e+23 
1.273  6.5168e+23 
1.274  4.4035e+24 
1.275  4.28244e+25 
1.276  7.11235e+26 
1.277  2.80889e+28 
1.278  5.7786e+30 
1.279  1.06051e+35 
1.28  8.35689e+41 
1.281  6.31995e+32 
1.282  7.00373e+29 
1.283  2.01179e+32 
1.284  3.64079e+39 
1.285  7.6425e+35 
1.286  1.32132e+31 
1.287  4.72978e+28 
1.288  1.03925e+27 
1.289  5.76559e+25 
1.29  5.62073e+24 
1.291  8.01103e+23 
1.292  1.50102e+23 
1.293  3.45778e+22 
1.294  9.36235e+21 
1.295  2.88665e+21 
1.296  9.90361e+20 
1.297  3.71672e+20 
1.298  1.50769e+20 
1.299  6.58017e+19 
1.3  3.131e+19 
1.301  1.72927e+19 
1.302  1.29121e+19 
1.303  1.49949e+19 
1.304  2.49354e+19 
1.305  5.00009e+19 
1.306  1.10693e+20 
1.307  2.64232e+20 
1.308  6.80964e+20 
1.309  1.91493e+21 
1.31  5.97141e+21 
1.311  2.11046e+22 
1.312  8.708e+22 
1.313  4.37233e+23 
1.314  2.83882e+24 
1.315  2.61953e+25 
1.316  4.02966e+26 
1.317  1.39973e+28 
1.318  2.20622e+30 
1.319  1.65283e+34 
1.32  1.13179e+46 
1.321  1.73901e+33 
1.322  2.37621e+31 
1.323  1.14036e+36 
1.324  1.22076e+40 
1.325  4.45771e+32 
1.326  5.0461e+29 
1.327  6.797e+27 
1.328  2.87551e+26 
1.329  2.35967e+25 
1.33  2.98973e+24 
1.331  5.30046e+23 
1.332  1.80275e+23 
1.333  3.57186e+23 
1.334  1.96166e+24 
1.335  1.59103e+25 
1.336  2.03066e+26 
1.337  5.18319e+27 
1.338  4.4514e+29 
1.339  5.72485e+32 
1.34  3.7916e+41 
1.341  1.41194e+35 
1.342  3.45071e+31 
1.343  2.90562e+36 
1.344  8.99138e+38 
1.345  1.81915e+32 
1.346  2.65373e+29 
1.347  3.96113e+27 
1.348  1.89767e+26 
1.349  1.5039e+26 
1.35  2.5908e+27 
1.351  1.30782e+29 
1.352  4.60976e+31 
1.353  7.06546e+36 
1.354  4.70939e+38 
1.355  1.8457e+32 
1.356  3.00454e+29 
1.357  4.68898e+27 
1.358  2.14806e+26 
1.359  1.85276e+25 
1.36  2.44146e+24 
1.361  4.94905e+23 
1.362  3.88607e+23 
1.363  1.56417e+24 
1.364  1.0463e+25 
1.365  1.02259e+26 
1.366  1.71171e+27 
1.367  6.84962e+28 
1.368  1.44883e+31 
1.369  2.9345e+35 
1.37  1.0242e+42 
1.371  1.30944e+33 
1.372  1.00126e+30 
1.373  1.15824e+28 
1.374  4.52753e+26 
1.375  4.20667e+25 
1.376  8.09884e+25 
1.377  1.59433e+27 
1.378  9.33792e+28 
1.379  4.63477e+31 
1.38  3.65411e+37 
1.381  1.1612e+37 
1.382  3.16361e+31 
1.383  7.42587e+28 
1.384  1.35304e+27 
1.385  6.75189e+25 
1.386  6.14649e+24 
1.387  8.34627e+23 
1.388  1.50758e+23 
1.389  3.37269e+22 
1.39  8.91121e+21 
1.391  2.6899e+21 
1.392  9.05588e+20 
1.393  3.34068e+20 
1.394  1.33386e+20 
1.395  5.73689e+19 
1.396  2.69378e+19 
1.397  1.47155e+19 
1.398  1.09002e+19 
1.399  1.25476e+19 
1.4  2.05651e+19 
1.401  4.04e+19 
1.402  8.71202e+19 
1.403  2.01226e+20 
1.404  4.97568e+20 
1.405  1.32791e+21 
1.406  3.87426e+21 
1.407  1.25713e+22 
1.408  4.64233e+22 
1.409  2.01342e+23 
1.41  1.07251e+24 
1.411  7.50018e+24 
1.412  7.6528e+25 
1.413  1.3676e+27 
1.414  6.12981e+28 
1.415  1.65587e+31 
1.416  8.38446e+35 
1.417  7.94388e+39 
1.418  3.09053e+32 
1.419  3.5715e+29 
1.42  2.82186e+29 
1.421  1.7708e+32 
1.422  5.66622e+38 
1.423  4.962e+36 
1.424  3.71629e+31 
1.425  1.08808e+29 
1.426  2.1842e+27 
1.427  1.15091e+26 
1.428  1.08497e+25 
1.429  1.50976e+24 
1.43  2.77736e+23 
1.431  6.30336e+22 
1.432  1.68524e+22 
1.433  5.13831e+21 
1.434  1.74495e+21 
1.435  6.48382e+20 
1.436  2.60026e+20 
1.437  1.11341e+20 
1.438  5.0467e+19 
1.439  2.40469e+19 
1.44  1.19793e+19 
1.441  6.21466e+18 
1.442  3.35233e+18 
1.443  1.88653e+18 
1.444  1.12369e+18 
1.445  7.3576e+17 
1.446  5.69243e+17 
1.447  5.63275e+17 
1.448  7.19663e+17 
1.449  1.10553e+18 
1.45  1.89122e+18 
1.451  3.4512e+18 
1.452  6.60585e+18 
1.453  1.32104e+19 
1.454  2.76522e+19 
1.455  6.08695e+19 
1.456  1.41836e+20 
1.457  3.52815e+20 
1.458  9.46859e+20 
1.459  2.77886e+21 
1.46  9.07622e+21 
1.461  3.37694e+22 
1.462  1.47776e+23 
1.463  7.95991e+23 
1.464  5.6487e+24 
1.465  5.884e+25 
1.466  1.08546e+27 
1.467  5.14337e+28 
1.468  1.57061e+31 
1.469  1.30412e+36 
1.47  1.1081e+39 
1.471  1.41327e+32 
1.472  1.91763e+29 
1.473  3.01025e+27 
1.474  5.33946e+27 
1.475  3.50144e+29 
1.476  2.40687e+32 
1.477  1.21027e+39 
1.478  3.76337e+36 
1.479  3.62864e+31 
1.48  1.12684e+29 
1.481  2.32209e+27 
1.482  1.24182e+26 
1.483  1.18178e+25 
1.484  1.65531e+24 
1.485  3.06545e+23 
1.486  7.16418e+22 
1.487  2.48534e+22 
1.488  2.70555e+22 
1.489  8.6747e+22 
1.49  4.03552e+23 
1.491  2.41549e+24 
1.492  1.98426e+25 
1.493  2.55664e+26 
1.494  6.60743e+27 
1.495  5.80168e+29 
1.496  7.90642e+32 
1.497  9.41753e+41 
1.498  1.40317e+35 
1.499  7.50203e+30 
1.5  3.62711e+28 
1.501  9.18011e+26 
1.502  7.2013e+25 
1.503  2.36445e+26 
1.504  6.52589e+27 
1.505  6.81044e+29 
1.506  1.48556e+33 
1.507  1.12998e+45 
1.508  2.31708e+34 
1.509  2.67765e+30 
1.51  1.62455e+28 
1.511  4.57477e+26 
1.512  2.98031e+25 
1.513  6.17687e+24 
1.514  2.57502e+25 
1.515  3.31449e+26 
1.516  8.80952e+27 
1.517  8.16509e+29 
1.518  1.2857e+33 
1.519  7.72151e+42 
1.52  1.03536e+35 
1.521  7.19512e+30 
1.522  3.75011e+28 
1.523  9.81444e+26 
1.524  6.02524e+25 
1.525  6.3546e+24 
1.526  1.34638e+24 
1.527  2.66237e+24 
1.528  2.0584e+25 
1.529  2.6765e+26 
1.53  7.04341e+27 
1.531  6.40212e+29 
1.532  9.56657e+32 
1.533  3.10921e+42 
1.534  1.0209e+35 
1.535  6.47034e+30 
1.536  3.28373e+28 
1.537  8.48566e+26 
1.538  5.16924e+25 
1.539  5.35364e+24 
1.54  7.95632e+23 
1.541  1.53622e+23 
1.542  3.61738e+22 
1.543  9.95298e+21 
1.544  3.1044e+21 
1.545  1.07354e+21 
1.546  4.04746e+20 
1.547  1.64221e+20 
1.548  7.09736e+19 
1.549  3.24047e+19 
1.55  1.55254e+19 
1.551  7.76225e+18 
1.552  4.03115e+18 
1.553  2.16606e+18 
1.554  1.20027e+18 
1.555  6.83979e+17 
1.556  3.99907e+17 
1.557  2.39472e+17 
1.558  1.46708e+17 
1.559  9.19537e+16 
1.56  5.90841e+16 
1.561  3.91411e+16 
1.562  2.7063e+16 
1.563  1.99709e+16 
1.564  1.62577e+16 
1.565  1.51076e+16 
1.566  1.62624e+16 
1.567  1.99477e+16 
1.568  2.69341e+16 
1.569  3.87536e+16 
1.57  5.81534e+16 
1.571  8.99579e+16 
1.572  1.42697e+17 
1.573  2.31723e+17 
1.574  3.85304e+17 
1.575  6.56913e+17 
1.576  1.15075e+18 
1.577  2.07666e+18 
1.578  3.87291e+18 
1.579  7.49246e+18 
1.58  1.51027e+19 
1.581  3.1887e+19 
1.582  7.0966e+19 
1.583  1.67762e+20 
1.584  4.25241e+20 
1.585  1.16946e+21 
1.586  3.54204e+21 
1.587  1.20481e+22 
1.588  4.72426e+22 
1.589  2.21434e+23 
1.59  1.30738e+24 
1.591  1.05324e+25 
1.592  1.31983e+26 
1.593  3.26272e+27 
1.594  2.63417e+29 
1.595  2.88216e+32 
1.596  4.31031e+40 
1.597  1.85692e+35 
1.598  6.31399e+30 
1.599  1.46634e+29 
1.6  3.81382e+31 
1.601  3.78093e+36 
1.602  1.47361e+39 
1.603  2.68818e+32 
1.604  3.85701e+29 
1.605  5.71504e+27 
1.606  2.54515e+26 
1.607  2.15619e+25 
1.608  2.79185e+24 
1.609  5.05355e+23 
1.61  1.84443e+23 
1.611  3.98523e+23 
1.612  2.20984e+24 
1.613  1.78242e+25 
1.614  2.24649e+26 
1.615  5.60349e+27 
1.616  4.60015e+29 
1.617  5.25528e+32 
1.618  1.14675e+41 
1.619  2.60344e+35 
1.62  9.7297e+30 
1.621  4.25962e+28 
1.622  1.02683e+27 
1.623  6.00741e+25 
1.624  6.05947e+24 
1.625  8.8391e+23 
1.626  1.68322e+23 
1.627  3.92138e+22 
1.628  1.06981e+22 
1.629  3.31386e+21 
1.63  1.13957e+21 
1.631  4.27858e+20 
1.632  1.73387e+20 
1.633  7.55466e+19 
1.634  3.59434e+19 
1.635  2.00189e+19 
1.636  1.53621e+19 
1.637  1.85254e+19 
1.638  3.16061e+19 
1.639  6.4141e+19 
1.64  1.42584e+20 
1.641  3.39934e+20 
1.642  8.70307e+20 
1.643  2.41576e+21 
1.644  7.3754e+21 
1.645  2.52518e+22 
1.646  9.95305e+22 
1.647  4.68377e+23 
1.648  2.77396e+24 
1.649  2.24067e+25 
1.65  2.81585e+26 
1.651  6.98919e+27 
1.652  5.68464e+29 
1.653  6.33957e+32 
1.654  1.11868e+41 
1.655  3.63486e+35 
1.656  1.28879e+31 
1.657  5.56231e+28 
1.658  1.33197e+27 
1.659  7.76275e+25 
1.66  7.81042e+24 
1.661  1.13732e+24 
1.662  2.16295e+23 
1.663  5.0339e+22 
1.664  1.3722e+22 
1.665  4.24759e+21 
1.666  1.4596e+21 
1.667  5.47349e+20 
1.668  2.21054e+20 
1.669  9.5149e+19 
1.67  4.32862e+19 
1.671  2.06715e+19 
1.672  1.03045e+19 
1.673  5.33681e+18 
1.674  2.86044e+18 
1.675  1.58149e+18 
1.676  8.99593e+17 
1.677  5.25513e+17 
1.678  3.15082e+17 
1.679  1.9423e+17 
1.68  1.23896e+17 
1.681  8.30722e+16 
1.682  6.04092e+16 
1.683  5.0006e+16 
1.684  4.93626e+16 
1.685  5.85771e+16 
1.686  8.04532e+16 
1.687  1.21591e+17 
1.688  1.95001e+17 
1.689  3.2556e+17 
1.69  5.6129e+17 
1.691  9.97098e+17 
1.692  1.82634e+18 
1.693  3.45701e+18 
1.694  6.78443e+18 
1.695  1.38616e+19 
1.696  2.96338e+19 
1.697  6.66931e+19 
1.698  1.59195e+20 
1.699  4.06754e+20 
1.7  1.12539e+21 
1.701  3.42185e+21 
1.702  1.1657e+22 
1.703  4.56605e+22 
1.704  2.13168e+23 
1.705  1.2493e+24 
1.706  9.94629e+24 
1.707  1.22368e+26 
1.708  2.93517e+27 
1.709  2.23883e+29 
1.71  2.11768e+32 
1.711  9.69081e+39 
1.712  3.43626e+35 
1.713  8.27859e+30 
1.714  3.22519e+28 
1.715  7.36589e+26 
1.716  4.17723e+25 
1.717  4.1289e+24 
1.718  5.93779e+23 
1.719  1.11886e+23 
1.72  2.58549e+22 
1.721  7.00834e+21 
1.722  2.15987e+21 
1.723  7.40104e+20 
1.724  2.7796e+20 
1.725  1.14368e+20 
1.726  5.37488e+19 
1.727  3.36889e+19 
1.728  3.5583e+19 
1.729  6.10522e+19 
1.73  1.33933e+20 
1.731  3.31154e+20 
1.732  8.9674e+20 
1.733  2.67185e+21 
1.734  8.90371e+21 
1.735  3.39996e+22 
1.736  1.53909e+23 
1.737  8.67247e+23 
1.738  6.54798e+24 
1.739  7.46118e+25 
1.74  1.58435e+27 
1.741  9.65481e+28 
1.742  5.25838e+31 
1.743  6.80019e+37 
1.744  5.62868e+36 
1.745  2.29774e+31 
1.746  6.90764e+28 
1.747  1.1329e+30 
1.748  2.83907e+33 
1.749  4.08535e+46 
1.75  2.30543e+34 
1.751  3.21875e+30 
1.752  2.07081e+28 
1.753  6.00156e+26 
1.754  4.05685e+25 
1.755  1.70188e+25 
1.756  1.78287e+26 
1.757  5.193e+27 
1.758  5.78566e+29 
1.759  1.51761e+33 
1.76  6.71854e+46 
1.761  1.00612e+34 
1.762  1.48752e+30 
1.763  9.74394e+27 
1.764  2.84781e+26 
1.765  1.86557e+25 
1.766  2.03816e+24 
1.767  3.5508e+23 
1.768  2.48152e+23 
1.769  9.89925e+23 
1.77  6.65121e+24 
1.771  6.53748e+25 
1.772  1.10377e+27 
1.773  4.48272e+28 
1.774  9.7854e+30 
1.775  2.21946e+35 
1.776  3.21648e+41 
1.777  7.14475e+32 
1.778  5.78107e+29 
1.779  6.8328e+27 
1.78  2.69599e+26 
1.781  2.11776e+25 
1.782  2.59887e+24 
1.783  4.36034e+23 
1.784  9.22125e+22 
1.785  2.3307e+22 
1.786  6.78669e+21 
1.787  2.21729e+21 
1.788  7.96972e+20 
1.789  3.10455e+20 
1.79  1.29538e+20 
1.791  5.73564e+19 
1.792  2.6747e+19 
1.793  1.30553e+19 
1.794  6.63557e+18 
1.795  3.49684e+18 
1.796  1.90366e+18 
1.797  1.06722e+18 
1.798  6.14475e+17 
1.799  3.62508e+17 
1.8  2.18679e+17 
1.801  1.34646e+17 
1.802  8.44862e+16 
1.803  5.39476e+16 
1.804  3.50112e+16 
1.805  2.30677e+16 
1.806  1.54143e+16 
1.807  1.04369e+16 
1.808  7.15474e+15 
1.809  4.96216e+15 
1.81  3.4795e+15 
1.811  2.46536e+15 
1.812  1.76419e+15 
1.813  1.27449e+15 
1.814  9.29255e+14 
1.815  6.83749e+14 
1.816  5.07793e+14 
1.817  3.80839e+14 
1.818  2.88773e+14 
1.819  2.21834e+14 
1.82  1.73241e+14 
1.821  1.38282e+14 
1.822  1.13703e+14 
1.823  9.73169e+13 
1.824  8.77347e+13 
1.825  8.42165e+13 
1.826  8.65931e+13 
1.827  9.52614e+13 
1.828  1.11251e+14 
1.829  1.36375e+14 
1.83  1.73493e+14 
1.831  2.26935e+14 
1.832  3.03159e+14 
1.833  4.11785e+14 
1.834  5.67201e+14 
1.835  7.91094e+14 
1.836  1.11648e+15 
1.837  1.59419e+15 
1.838  2.30349e+15 
1.839  3.36961e+15 
1.84  4.99335e+15 
1.841  7.50166e+15 
1.842  1.14358e+16 
1.843  1.77077e+16 
1.844  2.78835e+16 
1.845  4.47085e+16 
1.846  7.31017e+16 
1.847  1.2209e+17 
1.848  2.08674e+17 
1.849  3.65786e+17 
1.85  6.59212e+17 
1.851  1.22491e+18 
1.852  2.35451e+18 
1.853  4.70012e+18 
1.854  9.78877e+18 
1.855  2.13871e+19 
1.856  4.93483e+19 
1.857  1.21238e+20 
1.858  3.20372e+20 
1.859  9.22368e+20 
1.86  2.94161e+21 
1.861  1.06223e+22 
1.862  4.47458e+22 
1.863  2.29327e+23 
1.864  1.52152e+24 
1.865  1.44015e+25 
1.866  2.29354e+26 
1.867  8.42809e+27 
1.868  1.49039e+30 
1.869  1.62647e+34 
1.87  2.75654e+43 
1.871  4.8372e+32 
1.872  2.59445e+29 
1.873  2.63061e+27 
1.874  9.58169e+25 
1.875  7.2215e+24 
1.876  1.15381e+24 
1.877  2.23492e+24 
1.878  2.10216e+25 
1.879  3.64578e+26 
1.88  1.55456e+28 
1.881  3.7676e+30 
1.882  1.25668e+35 
1.883  1.30417e+40 
1.884  1.38554e+32 
1.885  1.33794e+29 
1.886  1.69294e+27 
1.887  6.9256e+25 
1.888  5.56339e+24 
1.889  6.93205e+23 
1.89  1.17595e+23 
1.891  2.50779e+22 
1.892  6.3803e+21 
1.893  1.86773e+21 
1.894  6.12889e+20 
1.895  2.21113e+20 
1.896  8.64132e+19 
1.897  3.6166e+19 
1.898  1.60679e+19 
1.899  7.53293e+18 
1.9  3.7213e+18 
1.901  1.95505e+18 
1.902  1.13202e+18 
1.903  7.87873e+17 
1.904  7.4183e+17 
1.905  9.69602e+17 
1.906  1.58644e+18 
1.907  2.92517e+18 
1.908  5.77819e+18 
1.909  1.20349e+19 
1.91  2.63956e+19 
1.911  6.12407e+19 
1.912  1.51457e+20 
1.913  4.03366e+20 
1.914  1.17208e+21 
1.915  3.77968e+21 
1.916  1.38352e+22 
1.917  5.9282e+22 
1.918  3.10599e+23 
1.919  2.12271e+24 
1.92  2.09529e+25 
1.921  3.55747e+26 
1.922  1.45877e+28 
1.923  3.25048e+30 
1.924  7.94309e+34 
1.925  6.64293e+40 
1.926  2.06862e+32 
1.927  1.7352e+29 
1.928  2.07934e+27 
1.929  8.26429e+25 
1.93  6.52108e+24 
1.931  8.02703e+23 
1.932  1.34974e+23 
1.933  2.85922e+22 
1.934  7.23627e+21 
1.935  2.10932e+21 
1.936  6.89734e+20 
1.937  2.48092e+20 
1.938  9.67009e+19 
1.939  4.03691e+19 
1.94  1.78822e+19 
1.941  8.34202e+18 
1.942  4.07298e+18 
1.943  2.07067e+18 
1.944  1.09142e+18 
1.945  5.94248e+17 
1.946  3.33178e+17 
1.947  1.91844e+17 
1.948  1.13179e+17 
1.949  6.82716e+16 
1.95  4.20335e+16 
1.951  2.63722e+16 
1.952  1.6838e+16 
1.953  1.0927e+16 
1.954  7.19989e+15 
1.955  4.81273e+15 
1.956  3.26162e+15 
1.957  2.24046e+15 
1.958  1.56041e+15 
1.959  1.10329e+15 
1.96  7.94287e+14 
1.961  5.85654e+14 
1.962  4.46872e+14 
1.963  3.5875e+14 
1.964  3.09882e+14 
1.965  2.94694e+14 
1.966  3.12612e+14 
1.967  3.68205e+14 
1.968  4.72404e+14 
1.969  6.45151e+14 
1.97  9.20303e+14 
1.971  1.35428e+15 
1.972  2.04135e+15 
1.973  3.14074e+15 
1.974  4.92588e+15 
1.975  7.8752e+15 
1.976  1.28439e+16 
1.977  2.13966e+16 
1.978  3.64698e+16 
1.979  6.37293e+16 
1.98  1.14444e+17 
1.981  2.11789e+17 
1.982  4.05204e+17 
1.983  8.04554e+17 
1.984  1.66534e+18 
1.985  3.61282e+18 
1.986  8.26808e+18 
1.987  2.01197e+19 
1.988  5.25734e+19 
1.989  1.49358e+20 
1.99  4.6875e+20 
1.991  1.65971e+21 
1.992  6.82121e+21 
1.993  3.38661e+22 
1.994  2.15341e+23 
1.995  1.92e+24 
1.996  2.79397e+25 
1.997  8.82036e+26 
1.998  1.14441e+29 
1.999  4.6875e+32 
2  1.94509e+177 
2.001  4.6875e+32 
2.002  1.14441e+29 
2.003  8.82036e+26 
2.004  2.79397e+25 
2.005  1.92e+24 
2.006  2.15341e+23 
2.007  3.38661e+22 
2.008  6.82121e+21 
2.009  1.65971e+21 
2.01  4.6875e+20 
2.011  1.49358e+20 
2.012  5.25734e+19 
2.013  2.01197e+19 
2.014  8.26808e+18 
2.015  3.61282e+18 
2.016  1.66533e+18 
2.017  8.04552e+17 
2.018  4.05202e+17 
2.019  2.11786e+17 
2.02  1.14441e+17 
2.021  6.3725e+16 
2.022  3.64644e+16 
2.023  2.13898e+16 
2.024  1.28353e+16 
2.025  7.86432e+15 
2.026  4.91203e+15 
2.027  3.12303e+15 
2.028  2.01858e+15 
2.029  1.32485e+15 
2.03  8.82037e+14 
2.031  5.95116e+14 
2.032  4.06577e+14 
2.033  2.81045e+14 
2.034  1.96425e+14 
2.035  1.38716e+14 
2.036  9.8927e+13 
2.037  7.12074e+13 
2.038  5.17063e+13 
2.039  3.78593e+13 
2.04  2.79402e+13 
2.041  2.07752e+13 
2.042  1.55583e+13 
2.043  1.1731e+13 
2.044  8.90279e+12 
2.045  6.79847e+12 
2.046  5.22241e+12 
2.047  4.03455e+12 
2.048  3.13386e+12 
2.049  2.44696e+12 
2.05  1.9202e+12 
2.051  1.51409e+12 
2.052  1.19939e+12 
2.053  9.5433e+11 
2.054  7.62594e+11 
2.055  6.11895e+11 
2.056  4.92929e+11 
2.057  3.98617e+11 
2.058  3.23543e+11 
2.059  2.63548e+11 
2.06  2.1542e+11 
2.061  1.76669e+11 
2.062  1.45358e+11 
2.063  1.19971e+11 
2.064  9.93176e+10 
2.065  8.24616e+10 
2.066  6.86614e+10 
2.067  5.73288e+10 
2.068  4.7995e+10 
2.069  4.02856e+10 
2.07  3.39e+10 
2.071  2.85968e+10 
2.072  2.41808e+10 
2.073  2.04943e+10 
2.074  1.74091e+10 
2.075  1.48209e+10 
2.076  1.26445e+10 
2.077  1.08102e+10 
2.078  9.26087e+09 
2.079  7.9493e+09 
2.08  6.83667e+09 
2.081  5.89086e+09 
2.082  5.08524e+09 
2.083  4.39768e+09 
2.084  3.80976e+09 
2.085  3.30608e+09 
2.086  2.8738e+09 
2.087  2.50212e+09 
2.088  2.182e+09 
2.089  1.9058e+09 
2.09  1.66711e+09 
2.091  1.4605e+09 
2.092  1.28136e+09 
2.093  1.12581e+09 
2.094  9.90524e+08 
2.095  8.72693e+08 
2.096  7.69913e+08 
2.097  6.80132e+08 
2.098  6.01597e+08 
2.099  5.32803e+08 
2.1  4.72461e+08 
2.101  4.19463e+08 
2.102  3.72854e+08 
2.103  3.31812e+08 
2.104  2.95627e+08 
2.105  2.63685e+08 
2.106  2.35454e+08 
2.107  2.10474e+08 
2.108  1.88345e+08 
2.109  1.68719e+08 
2.11  1.51293e+08 
2.111  1.35805e+08 
2.112  1.22023e+08 
2.113  1.09746e+08 
2.114  9.87997e+07 
2.115  8.9029e+07 
2.116  8.02989e+07 
2.117  7.24909e+07 
2.118  6.55008e+07 
2.119  5.9237e+07 
2.12  5.36187e+07 
2.121  4.85748e+07 
2.122  4.40423e+07 
2.123  3.99658e+07 
2.124  3.62962e+07 
2.125  3.299e+07 
2.126  3.00086e+07 
2.127  2.73179e+07 
2.128  2.48875e+07 
2.129  2.26904e+07 
2.13  2.07027e+07 
2.131  1.8903e+07 
2.132  1.72722e+07 
2.133  1.57933e+07 
2.134  1.44511e+07 
2.135  1.32322e+07 
2.136  1.21243e+07 
2.137  1.11167e+07 
2.138  1.01996e+07 
2.139  9.36422e+06 
2.14  8.60283e+06 
2.141  7.90837e+06 
2.142  7.27454e+06 
2.143  6.69565e+06 
2.144  6.16659e+06 
2.145  5.68276e+06 
2.146  5.24e+06 
2.147  4.83458e+06 
2.148  4.46312e+06 
2.149  4.12255e+06 
2.15  3.81012e+06 
2.151  3.52333e+06 
2.152  3.25993e+06 
2.153  3.01785e+06 
2.154  2.79526e+06 
2.155  2.59045e+06 
2.156  2.40191e+06 
2.157  2.22825e+06 
2.158  2.06819e+06 
2.159  1.92061e+06 
2.16  1.78445e+06 
2.161  1.65875e+06 
2.162  1.54267e+06 
2.163  1.43539e+06 
2.164  1.33622e+06 
2.165  1.24448e+06 
2.166  1.15958e+06 
2.167  1.08096e+06 
2.168  1.00814e+06 
2.169  940643 
2.17  878055 
2.171  819992 
2.172  766101 
2.173  716060 
2.174  669571 
2.175  626364 
2.176  586188 
2.177  548814 
2.178  514033 
2.179  481649 
2.18  451485 
2.181  423376 
2.182  397172 
2.183  372734 
2.184  349932 
2.185  328650 
2.186  308776 
2.187  290212 
2.188  272864 
2.189  256645 
2.19  241477 
2.191  227286 
2.192  214004 
2.193  201568 
2.194  189920 
2.195  179006 
2.196  168776 
2.197  159183 
2.198  150186 
2.199  141743 
2.2  133818 
2.201  126377 
2.202  119387 
2.203  112820 
2.204  106647 
2.205  100843 
2.206  95383.3 
2.207  90246.9 
2.208  85412.6 
2.209  80861.3 
2.21  76575 
2.211  72537 
2.212  68731.7 
2.213  65144.6 
2.214  61762.2 
2.215  58571.9 
2.216  55561.7 
2.217  52720.7 
2.218  50038.7 
2.219  47505.9 
2.22  45113.3 
2.221  42852.6 
2.222  40715.9 
2.223  38695.8 
2.224  36785.4 
2.225  34978.3 
2.226  33268.3 
2.227  31649.9 
2.228  30117.7 
2.229  28666.7 
2.23  27292.3 
2.231  25990.1 
2.232  24756 
2.233  23586 
2.234  22476.7 
2.235  21424.5 
2.236  20426.3 
2.237  19479.1 
2.238  18580.1 
2.239  17726.5 
2.24  16915.9 
2.241  16146 
2.242  15414.5 
2.243  14719.3 
2.244  14058.6 
2.245  13430.3 
2.246  12832.9 
2.247  12264.6 
2.248  11724 
2.249  11209.5 
2.25  10719.7 
2.251  10253.5 
2.252  9809.51 
2.253  9386.63 
2.254  8983.75 
2.255  8599.86 
2.256  8233.98 
2.257  7885.19 
2.258  7552.63 
2.259  7235.47 
2.26  6932.94 
2.261  6644.3 
2.262  6368.86 
2.263  6105.96 
2.264  5854.98 
2.265  5615.34 
2.266  5386.47 
2.267  5167.85 
2.268  4958.99 
2.269  4759.39 
2.27  4568.63 
2.271  4386.27 
2.272  4211.91 
2.273  4045.17 
2.274  3885.68 
2.275  3733.11 
2.276  3587.12 
2.277  3447.4 
2.278  3313.67 
2.279  3185.65 
2.28  3063.06 
2.281  2945.66 
2.282  2833.21 
2.283  2725.47 
2.284  2622.24 
2.285  2523.32 
2.286  2428.49 
2.287  2337.59 
2.288  2250.43 
2.289  2166.84 
2.29  2086.66 
2.291  2009.75 
2.292  1935.96 
2.293  1865.15 
2.294  1797.19 
2.295  1731.95 
2.296  1669.32 
2.297  1609.18 
2.298  1551.42 
2.299  1495.94 
2.3  1442.65 
2.301  1391.44 
2.302  1342.24 
2.303  1294.94 
2.304  1249.49 
2.305  1205.78 
2.306  1163.76 
2.307  1123.35 
2.308  1084.49 
2.309  1047.1 
2.31  1011.13 
2.311  976.525 
2.312  943.22 
2.313  911.164 
2.314  880.308 
2.315  850.601 
2.316  821.997 
2.317  794.451 
2.318  767.922 
2.319  742.367 
2.32  717.747 
2.321  694.026 
2.322  671.168 
2.323  649.138 
2.324  627.903 
2.325  607.433 
2.326  587.697 
2.327  568.666 
2.328  550.313 
2.329  532.612 
2.33  515.538 
2.331  499.065 
2.332  483.172 
2.333  467.835 
2.334  453.034 
2.335  438.748 
2.336  424.957 
2.337  411.643 
2.338  398.788 
2.339  386.375 
2.34  374.386 
2.341  362.807 
2.342  351.621 
2.343  340.815 
2.344  330.374 
2.345  320.285 
2.346  310.534 
2.347  301.11 
2.348  292 
2.349  283.193 
2.35  274.679 
2.351  266.445 
2.352  258.483 
2.353  250.783 
2.354  243.334 
2.355  236.129 
2.356  229.158 
2.357  222.414 
2.358  215.887 
2.359  209.571 
2.36  203.458 
2.361  197.541 
2.362  191.813 
2.363  186.267 
2.364  180.898 
2.365  175.698 
2.366  170.663 
2.367  165.786 
2.368  161.062 
2.369  156.486 
2.37  152.053 
2.371  147.758 
2.372  143.595 
2.373  139.562 
2.374  135.653 
2.375  131.864 
2.376  128.191 
2.377  124.63 
2.378  121.178 
2.379  117.831 
2.38  114.585 
2.381  111.437 
2.382  108.385 
2.383  105.423 
2.384  102.551 
2.385  99.7643 
2.386  97.0607 
2.387  94.4374 
2.388  91.8918 
2.389  89.4214 
2.39  87.0237 
2.391  84.6965 
2.392  82.4375 
2.393  80.2445 
2.394  78.1154 
2.395  76.0481 
2.396  74.0407 
2.397  72.0914 
2.398  70.1982 
2.399  68.3595 
2.4  66.5734 
2.401  64.8385 
2.402  63.1529 
2.403  61.5154 
2.404  59.9242 
2.405  58.3781 
2.406  56.8756 
2.407  55.4154 
2.408  53.9961 
2.409  52.6166 
2.41  51.2756 
2.411  49.9719 
2.412  48.7044 
2.413  47.4721 
2.414  46.2738 
2.415  45.1085 
2.416  43.9753 
2.417  42.8731 
2.418  41.8011 
2.419  40.7583 
2.42  39.7439 
2.421  38.757 
2.422  37.7969 
2.423  36.8627 
2.424  35.9536 
2.425  35.069 
2.426  34.2081 
2.427  33.3702 
2.428  32.5547 
2.429  31.7609 
2.43  30.9881 
2.431  30.2358 
2.432  29.5034 
2.433  28.7903 
2.434  28.0959 
2.435  27.4198 
2.436  26.7613 
2.437  26.1201 
2.438  25.4955 
2.439  24.8871 
2.44  24.2946 
2.441  23.7173 
2.442  23.1549 
2.443  22.607 
2.444  22.0732 
2.445  21.553 
2.446  21.0462 
2.447  20.5522 
2.448  20.0709 
2.449  19.6017 
2.45  19.1444 
2.451  18.6987 
2.452  18.2642 
2.453  17.8407 
2.454  17.4277 
2.455  17.0252 
2.456  16.6326 
2.457  16.2499 
2.458  15.8766 
2.459  15.5127 
2.46  15.1577 
2.461  14.8115 
2.462  14.4739 
2.463  14.1445 
2.464  13.8233 
2.465  13.5099 
2.466  13.2041 
2.467  12.9059 
2.468  12.6148 
2.469  12.3309 
2.47  12.0538 
2.471  11.7834 
2.472  11.5196 
2.473  11.2621 
2.474  11.0108 
2.475  10.7655 
2.476  10.5261 
2.477  10.2924 
2.478  10.0642 
2.479  9.84152 
2.48  9.62409 
2.481  9.41182 
2.482  9.20455 
2.483  9.00218 
2.484  8.80457 
2.485  8.6116 
2.486  8.42316 
2.487  8.23912 
2.488  8.05938 
2.489  7.88383 
2.49  7.71236 
2.491  7.54487 
2.492  7.38126 
2.493  7.22144 
2.494  7.0653 
2.495  6.91275 
2.496  6.76371 
2.497  6.61809 
2.498  6.47581 
2.499  6.33677 
2.5  6.20091 
2.501  6.06814 
2.502  5.93839 
2.503  5.81158 
2.504  5.68764 
2.505  5.5665 
2.506  5.44809 
2.507  5.33234 
2.508  5.2192 
2.509  5.1086 
2.51  5.00047 
2.511  4.89476 
2.512  4.7914 
2.513  4.69035 
2.514  4.59154 
2.515  4.49493 
2.516  4.40045 
2.517  4.30806 
2.518  4.21771 
2.519  4.12936 
2.52  4.04294 
2.521  3.95842 
2.522  3.87576 
2.523  3.7949 
2.524  3.71581 
2.525  3.63844 
2.526  3.56276 
2.527  3.48872 
2.528  3.41628 
2.529  3.34542 
2.53  3.27608 
2.531  3.20825 
2.532  3.14187 
2.533  3.07692 
2.534  3.01337 
2.535  2.95118 
2.536  2.89032 
2.537  2.83076 
2.538  2.77247 
2.539  2.71543 
2.54  2.6596 
2.541  2.60495 
2.542  2.55146 
2.543  2.4991 
2.544  2.44785 
2.545  2.39768 
2.546  2.34857 
2.547  2.30049 
2.548  2.25343 
2.549  2.20735 
2.55  2.16223 
2.551  2.11806 
2.552  2.07481 
2.553  2.03246 
2.554  1.99099 
2.555  1.95038 
2.556  1.91062 
2.557  1.87168 
2.558  1.83355 
2.559  1.79621 
2.56  1.75963 
2.561  1.72381 
2.562  1.68873 
2.563  1.65437 
2.564  1.62071 
2.565  1.58775 
2.566  1.55545 
2.567  1.52382 
2.568  1.49284 
2.569  1.46248 
2.57  1.43274 
2.571  1.40361 
2.572  1.37507 
2.573  1.34711 
2.574  1.31971 
2.575  1.29287 
2.576  1.26657 
2.577  1.2408 
2.578  1.21555 
2.579  1.19081 
2.58  1.16657 
2.581  1.14281 
2.582  1.11953 
2.583  1.09671 
2.584  1.07435 
2.585  1.05244 
2.586  1.03096 
2.587  1.00992 
2.588  0.989289 
2.589  0.969071 
2.59  0.949254 
2.591  0.929831 
2.592  0.910792 
2.593  0.89213 
2.594  0.873838 
2.595  0.855906 
2.596  0.838328 
2.597  0.821097 
2.598  0.804205 
2.599  0.787645 
2.6  0.771411 
2.601  0.755495 
2.602  0.739891 
2.603  0.724593 
2.604  0.709594 
2.605  0.694889 
2.606  0.68047 
2.607  0.666333 
2.608  0.652472 
2.609  0.63888 
2.61  0.625553 
2.611  0.612485 
2.612  0.599671 
2.613  0.587105 
2.614  0.574783 
2.615  0.5627 
2.616  0.55085 
2.617  0.53923 
2.618  0.527834 
2.619  0.516658 
2.62  0.505698 
2.621  0.494949 
2.622  0.484407 
2.623  0.474068 
2.624  0.463928 
2.625  0.453982 
2.626  0.444228 
2.627  0.434661 
2.628  0.425277 
2.629  0.416073 
2.63  0.407045 
2.631  0.39819 
2.632  0.389504 
2.633  0.380985 
2.634  0.372628 
2.635  0.36443 
2.636  0.356389 
2.637  0.348502 
2.638  0.340764 
2.639  0.333174 
2.64  0.325728 
2.641  0.318425 
2.642  0.311259 
2.643  0.304231 
2.644  0.297335 
2.645  0.290571 
2.646  0.283935 
2.647  0.277424 
2.648  0.271038 
2.649  0.264772 
2.65  0.258625 
2.651  0.252595 
2.652  0.246678 
2.653  0.240874 
2.654  0.235179 
2.655  0.229593 
2.656  0.224111 
2.657  0.218734 
2.658  0.213458 
2.659  0.208282 
2.66  0.203203 
2.661  0.198221 
2.662  0.193333 
2.663  0.188537 
2.664  0.183831 
2.665  0.179214 
2.666  0.174685 
2.667  0.170241 
2.668  0.16588 
2.669  0.161603 
2.67  0.157405 
2.671  0.153287 
2.672  0.149247 
2.673  0.145283 
2.674  0.141394 
2.675  0.137578 
2.676  0.133834 
2.677  0.130161 
2.678  0.126557 
2.679  0.123021 
2.68  0.119552 
2.681  0.116149 
2.682  0.11281 
2.683  0.109534 
2.684  0.10632 
2.685  0.103166 
2.686  0.100073 
2.687  0.0970375 
2.688  0.0940598 
2.689  0.0911384 
2.69  0.0882724 
2.691  0.0854607 
2.692  0.0827023 
2.693  0.0799963 
2.694  0.0773415 
2.695  0.0747372 
2.696  0.0721824 
2.697  0.0696761 
2.698  0.0672175 
2.699  0.0648058 
2.7  0.0624399 
2.701  0.0601191 
2.702  0.0578426 
2.703  0.0556096 
2.704  0.0534192 
2.705  0.0512706 
2.706  0.0491632 
2.707  0.0470962 
2.708  0.0450687 
2.709  0.0430802 
2.71  0.0411299 
2.711  0.039217 
2.712  0.037341 
2.713  0.0355011 
2.714  0.0336967 
2.715  0.0319271 
2.716  0.0301917 
2.717  0.02849 
2.718  0.0268212 
2.719  0.0251847 
2.72  0.0235801 
2.721  0.0220067 
2.722  0.0204639 
2.723  0.0189512 
2.724  0.0174681 
2.725  0.016014 
2.726  0.0145885 
2.727  0.0131908 
2.728  0.0118207 
2.729  0.0104776 
2.73  0.00916093 
2.731  0.00787031 
2.732  0.00660524 
2.733  0.00536526 
2.734  0.00414993 
2.735  0.00295879 
2.736  0.00179143 
2.737  0.000647402 
2.738  -0.000473702 
2.739  -0.0015723 
2.74  -0.00264878 
2.741  -0.00370356 
2.742  -0.00473701 
2.743  -0.00574952 
2.744  -0.00674147 
2.745  -0.00771322 
2.746  -0.00866512 
2.747  -0.00959755 
2.748  -0.0105108 
2.749  -0.0114053 
2.75  -0.0122814 
2.751  -0.0131393 
2.752  -0.0139794 
2.753  -0.014802 
2.754  -0.0156075 
2.755  -0.016396 
2.756  -0.017168 
2.757  -0.0179238 
2.758  -0.0186635 
2.759  -0.0193876 
2.76  -0.0200962 
2.761  -0.0207897 
2.762  -0.0214683 
2.763  -0.0221323 
2.764  -0.0227819 
2.765  -0.0234175 
2.766  -0.0240392 
2.767  -0.0246473 
2.768  -0.025242 
2.769  -0.0258236 
2.77  -0.0263924 
2.771  -0.0269485 
2.772  -0.0274921 
2.773  -0.0280236 
2.774  -0.028543 
2.775  -0.0290507 
2.776  -0.0295468 
2.777  -0.0300316 
2.778  -0.0305051 
2.779  -0.0309678 
2.78  -0.0314196 
2.781  -0.0318609 
2.782  -0.0322918 
2.783  -0.0327124 
2.784  -0.0331231 
2.785  -0.0335239 
2.786  -0.033915 
2.787  -0.0342967 
2.788  -0.034669 
2.789  -0.0350322 
2.79  -0.0353863 
2.791  -0.0357317 
2.792  -0.0360683 
2.793  -0.0363964 
2.794  -0.0367162 
2.795  -0.0370277 
2.796  -0.0373311 
2.797  -0.0376267 
2.798  -0.0379144 
2.799  -0.0381945 
2.8  -0.038467 
2.801  -0.0387322 
2.802  -0.0389902 
2.803  -0.039241 
2.804  -0.0394848 
2.805  -0.0397218 
2.806  -0.039952 
2.807  -0.0401756 
2.808  -0.0403927 
2.809  -0.0406035 
2.81  -0.0408079 
2.811  -0.0410062 
2.812  -0.0411985 
2.813  -0.0413848 
2.814  -0.0415653 
2.815  -0.0417401 
2.816  -0.0419092 
2.817  -0.0420729 
2.818  -0.0422311 
2.819  -0.042384 
2.82  -0.0425316 
2.821  -0.0426742 
2.822  -0.0428117 
2.823  -0.0429443 
2.824  -0.043072 
2.825  -0.0431949 
2.826  -0.0433132 
2.827  -0.0434269 
2.828  -0.043536 
2.829  -0.0436408 
2.83  -0.0437412 
2.831  -0.0438373 
2.832  -0.0439293 
2.833  -0.0440171 
2.834  -0.0441009 
2.835  -0.0441808 
2.836  -0.0442567 
2.837  -0.0443289 
2.838  -0.0443973 
2.839  -0.044462 
2.84  -0.0445232 
2.841  -0.0445807 
2.842  -0.0446349 
2.843  -0.0446856 
2.844  -0.0447329 
2.845  -0.044777 
2.846  -0.0448179 
2.847  -0.0448556 
2.848  -0.0448902 
2.849  -0.0449218 
2.85  -0.0449504 
2.851  -0.0449761 
2.852  -0.0449989 
2.853  -0.0450188 
2.854  -0.0450361 
2.855  -0.0450506 
2.856  -0.0450624 
2.857  -0.0450717 
2.858  -0.0450784 
2.859  -0.0450825 
2.86  -0.0450843 
2.861  -0.0450836 
2.862  -0.0450805 
2.863  -0.0450752 
2.864  -0.0450675 
2.865  -0.0450577 
2.866  -0.0450456 
2.867  -0.0450314 
2.868  -0.0450152 
2.869  -0.0449968 
2.87  -0.0449765 
2.871  -0.0449541 
2.872  -0.0449298 
2.873  -0.0449037 
2.874  -0.0448757 
2.875  -0.0448458 
2.876  -0.0448142 
2.877  -0.0447808 
2.878  -0.0447457 
2.879  -0.0447089 
2.88  -0.0446705 
2.881  -0.0446305 
2.882  -0.0445889 
2.883  -0.0445457 
2.884  -0.0445011 
2.885  -0.0444549 
2.886  -0.0444073 
2.887  -0.0443583 
2.888  -0.0443079 
2.889  -0.0442562 
2.89  -0.0442031 
2.891  -0.0441487 
2.892  -0.0440931 
2.893  -0.0440362 
2.894  -0.043978 
2.895  -0.0439187 
2.896  -0.0438582 
2.897  -0.0437966 
2.898  -0.0437339 
2.899  -0.0436701 
2.9  -0.0436052 
2.901  -0.0435393 
2.902  -0.0434723 
2.903  -0.0434044 
2.904  -0.0433355 
2.905  -0.0432656 
2.906  -0.0431948 
2.907  -0.0431231 
2.908  -0.0430506 
2.909  -0.0429771 
2.91  -0.0429029 
2.911  -0.0428278 
2.912  -0.0427519 
2.913  -0.0426752 
2.914  -0.0425977 
2.915  -0.0425195 
2.916  -0.0424406 
2.917  -0.042361 
2.918  -0.0422807 
2.919  -0.0421997 
2.92  -0.0421181 
2.921  -0.0420358 
2.922  -0.0419529 
2.923  -0.0418694 
2.924  -0.0417853 
2.925  -0.0417006 
2.926  -0.0416154 
2.927  -0.0415296 
2.928  -0.0414433 
2.929  -0.0413565 
2.93  -0.0412692 
2.931  -0.0411815 
2.932  -0.0410932 
2.933  -0.0410045 
2.934  -0.0409154 
2.935  -0.0408258 
2.936  -0.0407358 
2.937  -0.0406454 
2.938  -0.0405546 
2.939  -0.0404635 
2.94  -0.040372 
2.941  -0.0402801 
2.942  -0.0401879 
2.943  -0.0400953 
2.944  -0.0400025 
2.945  -0.0399093 
2.946  -0.0398158 
2.947  -0.0397221 
2.948  -0.0396281 
2.949  -0.0395338 
2.95  -0.0394392 
2.951  -0.0393445 
2.952  -0.0392494 
2.953  -0.0391542 
2.954  -0.0390587 
2.955  -0.0389631 
2.956  -0.0388672 
2.957  -0.0387712 
2.958  -0.038675 
2.959  -0.0385786 
2.96  -0.038482 
2.961  -0.0383853 
2.962  -0.0382885 
2.963  -0.0381915 
2.964  -0.0380944 
2.965  -0.0379971 
2.966  -0.0378998 
2.967  -0.0378023 
2.968  -0.0377048 
2.969  -0.0376071 
2.97  -0.0375094 
2.971  -0.0374116 
2.972  -0.0373137 
2.973  -0.0372158 
2.974  -0.0371178 
2.975  -0.0370198 
2.976  -0.0369217 
2.977  -0.0368235 
2.978  -0.0367254 
2.979  -0.0366272 
2.98  -0.036529 
2.981  -0.0364308 
2.982  -0.0363326 
2.983  -0.0362344 
2.984  -0.0361361 
2.985  -0.0360379 
2.986  -0.0359397 
2.987  -0.0358415 
2.988  -0.0357434 
2.989  -0.0356453 
2.99  -0.0355472 
2.991  -0.0354491 
2.992  -0.0353511 
2.993  -0.0352531 
2.994  -0.0351552 
2.995  -0.0350574 
2.996  -0.0349596 
2.997  -0.0348618 
2.998  -0.0347642 
2.999  -0.0346666 
3  -0.0345691 
3.001  -0.0344717 
3.002  -0.0343743 
3.003  -0.0342771 
3.004  -0.0341799 
3.005  -0.0340828 
3.006  -0.0339859 
3.007  -0.033889 
3.008  -0.0337922 
3.009  -0.0336956 
3.01  -0.0335991 
3.011  -0.0335026 
3.012  -0.0334063 
3.013  -0.0333102 
3.014  -0.0332141 
3.015  -0.0331182 
3.016  -0.0330224 
3.017  -0.0329268 
3.018  -0.0328312 
3.019  -0.0327358 
3.02  -0.0326406 
3.021  -0.0325455 
3.022  -0.0324506 
3.023  -0.0323558 
3.024  -0.0322611 
3.025  -0.0321666 
3.026  -0.0320723 
3.027  -0.0319781 
3.028  -0.0318841 
3.029  -0.0317902 
3.03  -0.0316966 
3.031  -0.031603 
3.032  -0.0315097 
3.033  -0.0314165 
3.034  -0.0313235 
3.035  -0.0312307 
3.036  -0.031138 
3.037  -0.0310455 
3.038  -0.0309532 
3.039  -0.0308611 
3.04  -0.0307692 
3.041  -0.0306774 
3.042  -0.0305859 
3.043  -0.0304945 
3.044  -0.0304033 
3.045  -0.0303123 
3.046  -0.0302215 
3.047  -0.0301309 
3.048  -0.0300405 
3.049  -0.0299503 
3.05  -0.0298602 
3.051  -0.0297704 
3.052  -0.0296808 
3.053  -0.0295914 
3.054  -0.0295022 
3.055  -0.0294132 
3.056  -0.0293243 
3.057  -0.0292357 
3.058  -0.0291473 
3.059  -0.0290591 
3.06  -0.0289712 
3.061  -0.0288834 
3.062  -0.0287958 
3.063  -0.0287085 
3.064  -0.0286213 
3.065  -0.0285344 
3.066  -0.0284477 
3.067  -0.0283612 
3.068  -0.0282749 
3.069  -0.0281888 
3.07  -0.028103 
3.071  -0.0280173 
3.072  -0.0279319 
3.073  -0.0278467 
3.074  -0.0277617 
3.075  -0.0276769 
3.076  -0.0275924 
3.077  -0.0275081 
3.078  -0.027424 
3.079  -0.0273401 
3.08  -0.0272564 
3.081  -0.027173 
3.082  -0.0270897 
3.083  -0.0270067 
3.084  -0.026924 
3.085  -0.0268414 
3.086  -0.0267591 
3.087  -0.026677 
3.088  -0.0265951 
3.089  -0.0265134 
3.09  -0.026432 
3.091  -0.0263508 
3.092  -0.0262698 
3.093  -0.0261891 
3.094  -0.0261085 
3.095  -0.0260282 
3.096  -0.0259481 
3.097  -0.0258683 
3.098  -0.0257886 
3.099  -0.0257092 
3.1  -0.0256301 
3.101  -0.0255511 
3.102  -0.0254724 
3.103  -0.0253939 
3.104  -0.0253156 
3.105  -0.0252375 
3.106  -0.0251597 
3.107  -0.0250821 
3.108  -0.0250048 
3.109  -0.0249276 
3.11  -0.0248507 
3.111  -0.024774 
3.112  -0.0246975 
3.113  -0.0246213 
3.114  -0.0245453 
3.115  -0.0244695 
3.116  -0.0243939 
3.117  -0.0243186 
3.118  -0.0242435 
3.119  -0.0241686 
3.12  -0.0240939 
3.121  -0.0240195 
3.122  -0.0239453 
3.123  -0.0238713 
3.124  -0.0237975 
3.125  -0.023724 
3.126  -0.0236506 
3.127  -0.0235775 
3.128  -0.0235047 
3.129  -0.023432 
3.13  -0.0233596 
3.131  -0.0232874 
3.132  -0.0232154 
3.133  -0.0231436 
3.134  -0.0230721 
3.135  -0.0230008 
3.136  -0.0229297 
3.137  -0.0228588 
3.138  -0.0227882 
3.139  -0.0227177 
3.14  -0.0226475 
3.141  -0.0225775 
3.142  -0.0225077 
3.143  -0.0224382 
3.144  -0.0223689 
3.145  -0.0222997 
3.146  -0.0222308 
3.147  -0.0221621 
3.148  -0.0220937 
3.149  -0.0220254 
3.15  -0.0219574 
3.151  -0.0218896 
3.152  -0.021822 
3.153  -0.0217546 
3.154  -0.0216874 
3.155  -0.0216204 
3.156  -0.0215537 
3.157  -0.0214872 
3.158  -0.0214208 
3.159  -0.0213547 
3.16  -0.0212888 
3.161  -0.0212232 
3.162  -0.0211577 
3.163  -0.0210924 
3.164  -0.0210274 
3.165  -0.0209625 
3.166  -0.0208979 
3.167  -0.0208335 
3.168  -0.0207693 
3.169  -0.0207053 
3.17  -0.0206415 
3.171  -0.0205779 
3.172  -0.0205145 
3.173  -0.0204513 
3.174  -0.0203883 
3.175  -0.0203256 
3.176  -0.020263 
3.177  -0.0202007 
3.178  -0.0201385 
3.179  -0.0200765 
3.18  -0.0200148 
3.181  -0.0199533 
3.182  -0.0198919 
3.183  -0.0198308 
3.184  -0.0197698 
3.185  -0.0197091 
3.186  -0.0196485 
3.187  -0.0195882 
3.188  -0.0195281 
3.189  -0.0194681 
3.19  -0.0194084 
3.191  -0.0193488 
3.192  -0.0192895 
3.193  -0.0192303 
3.194  -0.0191713 
3.195  -0.0191126 
3.196  -0.019054 
3.197  -0.0189956 
3.198  -0.0189374 
3.199  -0.0188795 
3.2  -0.0188217 
3.201  -0.0187641 
3.202  -0.0187066 
3.203  -0.0186494 
3.204  -0.0185924 
3.205  -0.0185355 
3.206  -0.0184789 
3.207  -0.0184224 
3.208  -0.0183661 
3.209  -0.0183101 
3.21  -0.0182542 
3.211  -0.0181984 
3.212  -0.0181429 
3.213  -0.0180876 
3.214  -0.0180324 
3.215  -0.0179774 
3.216  -0.0179226 
3.217  -0.017868 
3.218  -0.0178136 
3.219  -0.0177594 
3.22  -0.0177053 
3.221  -0.0176514 
3.222  -0.0175977 
3.223  -0.0175442 
3.224  -0.0174909 
3.225  -0.0174377 
3.226  -0.0173848 
3.227  -0.017332 
3.228  -0.0172793 
3.229  -0.0172269 
3.23  -0.0171746 
3.231  -0.0171225 
3.232  -0.0170706 
3.233  -0.0170189 
3.234  -0.0169673 
3.235  -0.0169159 
3.236  -0.0168647 
3.237  -0.0168136 
3.238  -0.0167627 
3.239  -0.016712 
3.24  -0.0166615 
3.241  -0.0166111 
3.242  -0.0165609 
3.243  -0.0165109 
3.244  -0.016461 
3.245  -0.0164114 
3.246  -0.0163618 
3.247  -0.0163125 
3.248  -0.0162633 
3.249  -0.0162143 
3.25  -0.0161654 
3.251  -0.0161167 
3.252  -0.0160682 
3.253  -0.0160198 
3.254  -0.0159716 
3.255  -0.0159236 
3.256  -0.0158757 
3.257  -0.015828 
3.258  -0.0157805 
3.259  -0.0157331 
3.26  -0.0156858 
3.261  -0.0156388 
3.262  -0.0155919 
3.263  -0.0155451 
3.264  -0.0154985 
3.265  -0.0154521 
3.266  -0.0154058 
3.267  -0.0153597 
3.268  -0.0153137 
3.269  -0.0152679 
3.27  -0.0152223 
3.271  -0.0151768 
3.272  -0.0151314 
3.273  -0.0150862 
3.274  -0.0150412 
3.275  -0.0149963 
3.276  -0.0149516 
3.277  -0.014907 
3.278  -0.0148625 
3.279  -0.0148183 
3.28  -0.0147741 
3.281  -0.0147301 
3.282  -0.0146863 
3.283  -0.0146426 
3.284  -0.0145991 
3.285  -0.0145557 
3.286  -0.0145124 
3.287  -0.0144693 
3.288  -0.0144264 
3.289  -0.0143836 
3.29  -0.0143409 
3.291  -0.0142984 
3.292  -0.014256 
3.293  -0.0142138 
3.294  -0.0141717 
3.295  -0.0141298 
3.296  -0.014088 
3.297  -0.0140463 
3.298  -0.0140048 
3.299  -0.0139634 
3.3  -0.0139222 
3.301  -0.0138811 
3.302  -0.0138401 
3.303  -0.0137993 
3.304  -0.0137586 
3.305  -0.0137181 
3.306  -0.0136776 
3.307  -0.0136374 
3.308  -0.0135972 
3.309  -0.0135572 
3.31  -0.0135174 
3.311  -0.0134776 
3.312  -0.013438 
3.313  -0.0133986 
3.314  -0.0133592 
3.315  -0.01332 
3.316  -0.013281 
3.317  -0.013242 
3.318  -0.0132032 
3.319  -0.0131646 
3.32  -0.013126 
3.321  -0.0130876 
3.322  -0.0130493 
3.323  -0.0130112 
3.324  -0.0129731 
3.325  -0.0129353 
3.326  -0.0128975 
3.327  -0.0128598 
3.328  -0.0128223 
3.329  -0.0127849 
3.33  -0.0127477 
3.331  -0.0127105 
3.332  -0.0126735 
3.333  -0.0126366 
3.334  -0.0125999 
3.335  -0.0125632 
3.336  -0.0125267 
3.337  -0.0124903 
3.338  -0.0124541 
3.339  -0.0124179 
3.34  -0.0123819 
3.341  -0.012346 
3.342  -0.0123102 
3.343  -0.0122745 
3.344  -0.012239 
3.345  -0.0122036 
3.346  -0.0121682 
3.347  -0.0121331 
3.348  -0.012098 
3.349  -0.012063 
3.35  -0.0120282 
3.351  -0.0119935 
3.352  -0.0119589 
3.353  -0.0119244 
3.354  -0.01189 
3.355  -0.0118558 
3.356  -0.0118216 
3.357  -0.0117876 
3.358  -0.0117537 
3.359  -0.0117199 
3.36  -0.0116862 
3.361  -0.0116526 
3.362  -0.0116191 
3.363  -0.0115858 
3.364  -0.0115526 
3.365  -0.0115194 
3.366  -0.0114864 
3.367  -0.0114535 
3.368  -0.0114207 
3.369  -0.011388 
3.37  -0.0113554 
3.371  -0.011323 
3.372  -0.0112906 
3.373  -0.0112584 
3.374  -0.0112262 
3.375  -0.0111942 
3.376  -0.0111622 
3.377  -0.0111304 
3.378  -0.0110987 
3.379  -0.0110671 
3.38  -0.0110356 
3.381  -0.0110042 
3.382  -0.0109729 
3.383  -0.0109417 
3.384  -0.0109106 
3.385  -0.0108796 
3.386  -0.0108487 
3.387  -0.0108179 
3.388  -0.0107872 
3.389  -0.0107566 
3.39  -0.0107262 
3.391  -0.0106958 
3.392  -0.0106655 
3.393  -0.0106353 
3.394  -0.0106053 
3.395  -0.0105753 
3.396  -0.0105454 
3.397  -0.0105156 
3.398  -0.0104859 
3.399  -0.0104564 
3.4  -0.0104269 
3.401  -0.0103975 
3.402  -0.0103682 
3.403  -0.010339 
3.404  -0.0103099 
3.405  -0.0102809 
3.406  -0.010252 
3.407  -0.0102232 
3.408  -0.0101945 
3.409  -0.0101658 
3.41  -0.0101373 
3.411  -0.0101089 
3.412  -0.0100805 
3.413  -0.0100523 
3.414  -0.0100241 
3.415  -0.00999608 
3.416  -0.00996812 
3.417  -0.00994024 
3.418  -0.00991246 
3.419  -0.00988476 
3.42  -0.00985716 
3.421  -0.00982965 
3.422  -0.00980223 
3.423  -0.00977489 
3.424  -0.00974765 
3.425  -0.0097205 
3.426  -0.00969344 
3.427  -0.00966646 
3.428  -0.00963957 
3.429  -0.00961277 
3.43  -0.00958606 
3.431  -0.00955944 
3.432  -0.0095329 
3.433  -0.00950645 
3.434  -0.00948009 
3.435  -0.00945381 
3.436  -0.00942762 
3.437  -0.00940151 
3.438  -0.00937549 
3.439  -0.00934955 
3.44  -0.0093237 
3.441  -0.00929793 
3.442  -0.00927225 
3.443  -0.00924665 
3.444  -0.00922113 
3.445  -0.0091957 
3.446  -0.00917035 
3.447  -0.00914508 
3.448  -0.00911989 
3.449  -0.00909479 
3.45  -0.00906976 
3.451  -0.00904482 
3.452  -0.00901996 
3.453  -0.00899518 
3.454  -0.00897048 
3.455  -0.00894586 
3.456  -0.00892132 
3.457  -0.00889685 
3.458  -0.00887247 
3.459  -0.00884817 
3.46  -0.00882394 
3.461  -0.0087998 
3.462  -0.00877573 
3.463  -0.00875174 
3.464  -0.00872783 
3.465  -0.00870399 
3.466  -0.00868023 
3.467  -0.00865655 
3.468  -0.00863294 
3.469  -0.00860941 
3.47  -0.00858596 
3.471  -0.00856258 
3.472  -0.00853928 
3.473  -0.00851605 
3.474  -0.00849289 
3.475  -0.00846981 
3.476  -0.00844681 
3.477  -0.00842388 
3.478  -0.00840102 
3.479  -0.00837824 
3.48  -0.00835552 
3.481  -0.00833289 
3.482  -0.00831032 
3.483  -0.00828783 
3.484  -0.00826541 
3.485  -0.00824306 
3.486  -0.00822078 
3.487  -0.00819857 
3.488  -0.00817643 
3.489  -0.00815437 
3.49  -0.00813237 
3.491  -0.00811045 
3.492  -0.0080886 
3.493  -0.00806681 
3.494  -0.0080451 
3.495  -0.00802345 
3.496  -0.00800187 
3.497  -0.00798036 
3.498  -0.00795892 
3.499  -0.00793755 
3.5  -0.00791625 
3.501  -0.00789501 
3.502  -0.00787384 
3.503  -0.00785274 
3.504  -0.00783171 
3.505  -0.00781074 
3.506  -0.00778984 
3.507  -0.00776901 
3.508  -0.00774824 
3.509  -0.00772754 
3.51  -0.0077069 
3.511  -0.00768633 
3.512  -0.00766582 
3.513  -0.00764538 
3.514  -0.007625 
3.515  -0.00760469 
3.516  -0.00758444 
3.517  -0.00756426 
3.518  -0.00754414 
3.519  -0.00752408 
3.52  -0.00750408 
3.521  -0.00748415 
3.522  -0.00746429 
3.523  -0.00744448 
3.524  -0.00742474 
3.525  -0.00740506 
3.526  -0.00738544 
3.527  -0.00736588 
3.528  -0.00734638 
3.529  -0.00732695 
3.53  -0.00730758 
3.531  -0.00728826 
3.532  -0.00726901 
3.533  -0.00724982 
3.534  -0.00723069 
3.535  -0.00721162 
3.536  -0.0071926 
3.537  -0.00717365 
3.538  -0.00715476 
3.539  -0.00713592 
3.54  -0.00711715 
3.541  -0.00709843 
3.542  -0.00707977 
3.543  -0.00706118 
3.544  -0.00704263 
3.545  -0.00702415 
3.546  -0.00700572 
3.547  -0.00698736 
3.548  -0.00696904 
3.549  -0.00695079 
3.55  -0.00693259 
3.551  -0.00691445 
3.552  -0.00689637 
3.553  -0.00687834 
3.554  -0.00686037 
3.555  -0.00684245 
3.556  -0.00682459 
3.557  -0.00680678 
3.558  -0.00678903 
3.559  -0.00677134 
3.56  -0.0067537 
3.561  -0.00673611 
3.562  -0.00671858 
3.563  -0.00670111 
3.564  -0.00668368 
3.565  -0.00666631 
3.566  -0.006649 
3.567  -0.00663174 
3.568  -0.00661453 
3.569  -0.00659737 
3.57  -0.00658027 
3.571  -0.00656322 
3.572  -0.00654623 
3.573  -0.00652928 
3.574  -0.00651239 
3.575  -0.00649555 
3.576  -0.00647876 
3.577  -0.00646202 
3.578  -0.00644534 
3.579  -0.0064287 
3.58  -0.00641212 
3.581  -0.00639559 
3.582  -0.00637911 
3.583  -0.00636268 
3.584  -0.0063463 
3.585  -0.00632997 
3.586  -0.00631369 
3.587  -0.00629745 
3.588  -0.00628127 
3.589  -0.00626514 
3.59  -0.00624906 
3.591  -0.00623303 
3.592  -0.00621704 
3.593  -0.00620111 
3.594  -0.00618522 
3.595  -0.00616939 
3.596  -0.0061536 
3.597  -0.00613786 
3.598  -0.00612216 
3.599  -0.00610652 
3.6  -0.00609092 
3.601  -0.00607537 
3.602  -0.00605987 
3.603  -0.00604441 
3.604  -0.006029 
3.605  -0.00601364 
3.606  -0.00599832 
3.607  -0.00598305 
3.608  -0.00596783 
3.609  -0.00595265 
3.61  -0.00593752 
3.611  -0.00592244 
3.612  -0.0059074 
3.613  -0.00589241 
3.614  -0.00587746 
3.615  -0.00586256 
3.616  -0.0058477 
3.617  -0.00583288 
3.618  -0.00581812 
3.619  -0.00580339 
3.62  -0.00578871 
3.621  -0.00577408 
3.622  -0.00575949 
3.623  -0.00574494 
3.624  -0.00573044 
3.625  -0.00571598 
3.626  -0.00570156 
3.627  -0.00568719 
3.628  -0.00567286 
3.629  -0.00565857 
3.63  -0.00564433 
3.631  -0.00563013 
3.632  -0.00561597 
3.633  -0.00560185 
3.634  -0.00558778 
3.635  -0.00557375 
3.636  -0.00555976 
3.637  -0.00554581 
3.638  -0.00553191 
3.639  -0.00551804 
3.64  -0.00550422 
3.641  -0.00549044 
3.642  -0.0054767 
3.643  -0.005463 
3.644  -0.00544934 
3.645  -0.00543572 
3.646  -0.00542215 
3.647  -0.00540861 
3.648  -0.00539512 
3.649  -0.00538166 
3.65  -0.00536824 
3.651  -0.00535487 
3.652  -0.00534153 
3.653  -0.00532823 
3.654  -0.00531498 
3.655  -0.00530176 
3.656  -0.00528858 
3.657  -0.00527544 
3.658  -0.00526234 
3.659  -0.00524928 
3.66  -0.00523626 
3.661  -0.00522327 
3.662  -0.00521033 
3.663  -0.00519742 
3.664  -0.00518455 
3.665  -0.00517172 
3.666  -0.00515893 
3.667  -0.00514617 
3.668  -0.00513345 
3.669  -0.00512077 
3.67  -0.00510813 
3.671  -0.00509552 
3.672  -0.00508295 
3.673  -0.00507042 
3.674  -0.00505793 
3.675  -0.00504547 
3.676  -0.00503305 
3.677  -0.00502066 
3.678  -0.00500831 
3.679  -0.004996 
3.68  -0.00498372 
3.681  -0.00497148 
3.682  -0.00495928 
3.683  -0.00494711 
3.684  -0.00493498 
3.685  -0.00492288 
3.686  -0.00491082 
3.687  -0.00489879 
3.688  -0.0048868 
3.689  -0.00487484 
3.69  -0.00486292 
3.691  -0.00485104 
3.692  -0.00483918 
3.693  -0.00482737 
3.694  -0.00481558 
3.695  -0.00480384 
3.696  -0.00479212 
3.697  -0.00478044 
3.698  -0.0047688 
3.699  -0.00475718 
3.7  -0.0047456 
3.701  -0.00473406 
3.702  -0.00472255 
3.703  -0.00471107 
3.704  -0.00469963 
3.705  -0.00468821 
3.706  -0.00467684 
3.707  -0.00466549 
3.708  -0.00465418 
3.709  -0.0046429 
3.71  -0.00463165 
3.711  -0.00462044 
3.712  -0.00460926 
3.713  -0.00459811 
3.714  -0.00458699 
3.715  -0.0045759 
3.716  -0.00456485 
3.717  -0.00455383 
3.718  -0.00454284 
3.719  -0.00453188 
3.72  -0.00452095 
3.721  -0.00451006 
3.722  -0.0044992 
3.723  -0.00448836 
3.724  -0.00447756 
3.725  -0.00446679 
3.726  -0.00445605 
3.727  -0.00444534 
3.728  -0.00443467 
3.729  -0.00442402 
3.73  -0.0044134 
3.731  -0.00440282 
3.732  -0.00439226 
3.733  -0.00438174 
3.734  -0.00437124 
3.735  -0.00436078 
3.736  -0.00435034 
3.737  -0.00433994 
3.738  -0.00432956 
3.739  -0.00431921 
3.74  -0.0043089 
3.741  -0.00429861 
3.742  -0.00428835 
3.743  -0.00427813 
3.744  -0.00426793 
3.745  -0.00425776 
3.746  -0.00424762 
3.747  -0.0042375 
3.748  -0.00422742 
3.749  -0.00421736 
3.75  -0.00420734 
3.751  -0.00419734 
3.752  -0.00418737 
3.753  -0.00417743 
3.754  -0.00416752 
3.755  -0.00415763 
3.756  -0.00414778 
3.757  -0.00413795 
3.758  -0.00412815 
3.759  -0.00411837 
3.76  -0.00410863 
3.761  -0.00409891 
3.762  -0.00408922 
3.763  -0.00407955 
3.764  -0.00406992 
3.765  -0.00406031 
3.766  -0.00405073 
3.767  -0.00404117 
3.768  -0.00403165 
3.769  -0.00402215 
3.77  -0.00401267 
3.771  -0.00400322 
3.772  -0.0039938 
3.773  -0.00398441 
3.774  -0.00397504 
3.775  -0.0039657 
3.776  -0.00395639 
3.777  -0.0039471 
3.778  -0.00393783 
3.779  -0.0039286 
3.78  -0.00391939 
3.781  -0.0039102 
3.782  -0.00390104 
3.783  -0.00389191 
3.784  -0.0038828 
3.785  -0.00387372 
3.786  -0.00386466 
3.787  -0.00385563 
3.788  -0.00384662 
3.789  -0.00383764 
3.79  -0.00382868 
3.791  -0.00381975 
3.792  -0.00381084 
3.793  -0.00380196 
3.794  -0.0037931 
3.795  -0.00378427 
3.796  -0.00377546 
3.797  -0.00376668 
3.798  -0.00375792 
3.799  -0.00374919 
3.8  -0.00374047 
3.801  -0.00373179 
3.802  -0.00372313 
3.803  -0.00371449 
3.804  -0.00370587 
3.805  -0.00369728 
3.806  -0.00368872 
3.807  -0.00368018 
3.808  -0.00367166 
3.809  -0.00366316 
3.81  -0.00365469 
3.811  -0.00364624 
3.812  -0.00363782 
3.813  -0.00362941 
3.814  -0.00362104 
3.815  -0.00361268 
3.816  -0.00360435 
3.817  -0.00359604 
3.818  -0.00358775 
3.819  -0.00357949 
3.82  -0.00357125 
3.821  -0.00356303 
3.822  -0.00355483 
3.823  -0.00354666 
3.824  -0.00353851 
3.825  -0.00353038 
3.826  -0.00352227 
3.827  -0.00351419 
3.828  -0.00350613 
3.829  -0.00349809 
3.83  -0.00349007 
3.831  -0.00348208 
3.832  -0.0034741 
3.833  -0.00346615 
3.834  -0.00345822 
3.835  -0.00345031 
3.836  -0.00344243 
3.837  -0.00343456 
3.838  -0.00342672 
3.839  -0.0034189 
3.84  -0.0034111 
3.841  -0.00340332 
3.842  -0.00339556 
3.843  -0.00338782 
3.844  -0.0033801 
3.845  -0.00337241 
3.846  -0.00336474 
3.847  -0.00335708 
3.848  -0.00334945 
3.849  -0.00334184 
3.85  -0.00333425 
3.851  -0.00332668 
3.852  -0.00331913 
3.853  -0.0033116 
3.854  -0.00330409 
3.855  -0.0032966 
3.856  -0.00328913 
3.857  -0.00328168 
3.858  -0.00327426 
3.859  -0.00326685 
3.86  -0.00325946 
3.861  -0.00325209 
3.862  -0.00324475 
3.863  -0.00323742 
3.864  -0.00323011 
3.865  -0.00322282 
3.866  -0.00321555 
3.867  -0.0032083 
3.868  -0.00320107 
3.869  -0.00319386 
3.87  -0.00318667 
3.871  -0.0031795 
3.872  -0.00317235 
3.873  -0.00316522 
3.874  -0.0031581 
3.875  -0.00315101 
3.876  -0.00314393 
3.877  -0.00313688 
3.878  -0.00312984 
3.879  -0.00312282 
3.88  -0.00311582 
3.881  -0.00310884 
3.882  -0.00310188 
3.883  -0.00309493 
3.884  -0.00308801 
3.885  -0.0030811 
3.886  -0.00307421 
3.887  -0.00306734 
3.888  -0.00306049 
3.889  -0.00305366 
3.89  -0.00304684 
3.891  -0.00304005 
3.892  -0.00303327 
3.893  -0.00302651 
3.894  -0.00301977 
3.895  -0.00301304 
3.896  -0.00300633 
3.897  -0.00299965 
3.898  -0.00299297 
3.899  -0.00298632 
3.9  -0.00297969 
3.901  -0.00297307 
3.902  -0.00296647 
3.903  -0.00295988 
3.904  -0.00295332 
3.905  -0.00294677 
3.906  -0.00294024 
3.907  -0.00293373 
3.908  -0.00292723 
3.909  -0.00292075 
3.91  -0.00291429 
3.911  -0.00290785 
3.912  -0.00290142 
3.913  -0.00289501 
3.914  -0.00288862 
3.915  -0.00288224 
3.916  -0.00287588 
3.917  -0.00286954 
3.918  -0.00286321 
3.919  -0.0028569 
3.92  -0.00285061 
3.921  -0.00284433 
3.922  -0.00283807 
3.923  -0.00283183 
3.924  -0.0028256 
3.925  -0.00281939 
3.926  -0.00281319 
3.927  -0.00280702 
3.928  -0.00280085 
3.929  -0.00279471 
3.93  -0.00278858 
3.931  -0.00278247 
3.932  -0.00277637 
3.933  -0.00277029 
3.934  -0.00276422 
3.935  -0.00275817 
3.936  -0.00275214 
3.937  -0.00274612 
3.938  -0.00274012 
3.939  -0.00273413 
3.94  -0.00272816 
3.941  -0.0027222 
3.942  -0.00271626 
3.943  -0.00271034 
3.944  -0.00270443 
3.945  -0.00269854 
3.946  -0.00269266 
3.947  -0.0026868 
3.948  -0.00268095 
3.949  -0.00267512 
3.95  -0.0026693 
3.951  -0.0026635 
3.952  -0.00265771 
3.953  -0.00265194 
3.954  -0.00264618 
3.955  -0.00264044 
3.956  -0.00263471 
3.957  -0.002629 
3.958  -0.0026233 
3.959  -0.00261762 
3.96  -0.00261195 
3.961  -0.0026063 
3.962  -0.00260066 
3.963  -0.00259503 
3.964  -0.00258942 
3.965  -0.00258383 
3.966  -0.00257825 
3.967  -0.00257268 
3.968  -0.00256713 
3.969  -0.00256159 
3.97  -0.00255607 
3.971  -0.00255056 
3.972  -0.00254507 
3.973  -0.00253958 
3.974  -0.00253412 
3.975  -0.00252867 
3.976  -0.00252323 
3.977  -0.0025178 
3.978  -0.00251239 
3.979  -0.00250699 
3.98  -0.00250161 
3.981  -0.00249624 
3.982  -0.00249089 
3.983  -0.00248555 
3.984  -0.00248022 
3.985  -0.0024749 
3.986  -0.0024696 
3.987  -0.00246432 
3.988  -0.00245904 
3.989  -0.00245378 
3.99  -0.00244854 
3.991  -0.0024433 
3.992  -0.00243808 
3.993  -0.00243288 
3.994  -0.00242768 
3.995  -0.0024225 
3.996  -0.00241734 
3.997  -0.00241218 
3.998  -0.00240704 
3.999  -0.00240192 
4  -0.0023968 
4.001  -0.0023917 
4.002  -0.00238661 
4.003  -0.00238154 
4.004  -0.00237647 
4.005  -0.00237142 
4.006  -0.00236639 
4.007  -0.00236136 
4.008  -0.00235635 
4.009  -0.00235135 
4.01  -0.00234637 
4.011  -0.0023414 
4.012  -0.00233643 
4.013  -0.00233149 
4.014  -0.00232655 
4.015  -0.00232163 
4.016  -0.00231672 
4.017  -0.00231182 
4.018  -0.00230693 
4.019  -0.00230206 
4.02  -0.0022972 
4.021  -0.00229235 
4.022  -0.00228751 
4.023  -0.00228269 
4.024  -0.00227788 
4.025  -0.00227308 
4.026  -0.00226829 
4.027  -0.00226351 
4.028  -0.00225875 
4.029  -0.002254 
4.03  -0.00224926 
4.031  -0.00224453 
4.032  -0.00223981 
4.033  -0.00223511 
4.034  -0.00223042 
4.035  -0.00222573 
4.036  -0.00222107 
4.037  -0.00221641 
4.038  -0.00221176 
4.039  -0.00220713 
4.04  -0.00220251 
4.041  -0.00219789 
4.042  -0.0021933 
4.043  -0.00218871 
4.044  -0.00218413 
4.045  -0.00217957 
4.046  -0.00217501 
4.047  -0.00217047 
4.048  -0.00216594 
4.049  -0.00216142 
4.05  -0.00215691 
4.051  -0.00215241 
4.052  -0.00214793 
4.053  -0.00214345 
4.054  -0.00213899 
4.055  -0.00213454 
4.056  -0.0021301 
4.057  -0.00212567 
4.058  -0.00212125 
4.059  -0.00211684 
4.06  -0.00211244 
4.061  -0.00210805 
4.062  -0.00210368 
4.063  -0.00209931 
4.064  -0.00209496 
4.065  -0.00209062 
4.066  -0.00208628 
4.067  -0.00208196 
4.068  -0.00207765 
4.069  -0.00207335 
4.07  -0.00206906 
4.071  -0.00206478 
4.072  -0.00206051 
4.073  -0.00205626 
4.074  -0.00205201 
4.075  -0.00204777 
4.076  -0.00204354 
4.077  -0.00203933 
4.078  -0.00203512 
4.079  -0.00203093 
4.08  -0.00202674 
4.081  -0.00202257 
4.082  -0.0020184 
4.083  -0.00201425 
4.084  -0.00201011 
4.085  -0.00200597 
4.086  -0.00200185 
4.087  -0.00199773 
4.088  -0.00199363 
4.089  -0.00198954 
4.09  -0.00198545 
4.091  -0.00198138 
4.092  -0.00197732 
4.093  -0.00197326 
4.094  -0.00196922 
4.095  -0.00196519 
4.096  -0.00196116 
4.097  -0.00195715 
4.098  -0.00195315 
4.099  -0.00194915 
4.1  -0.00194517 
4.101  -0.00194119 
4.102  -0.00193723 
4.103  -0.00193327 
4.104  -0.00192933 
4.105  -0.00192539 
4.106  -0.00192146 
4.107  -0.00191755 
4.108  -0.00191364 
4.109  -0.00190974 
4.11  -0.00190585 
4.111  -0.00190197 
4.112  -0.0018981 
4.113  -0.00189424 
4.114  -0.00189039 
4.115  -0.00188655 
4.116  -0.00188272 
4.117  -0.0018789 
4.118  -0.00187508 
4.119  -0.00187128 
4.12  -0.00186748 
4.121  -0.0018637 
4.122  -0.00185992 
4.123  -0.00185615 
4.124  -0.00185239 
4.125  -0.00184865 
4.126  -0.0018449 
4.127  -0.00184117 
4.128  -0.00183745 
4.129  -0.00183374 
4.13  -0.00183003 
4.131  -0.00182634 
4.132  -0.00182265 
4.133  -0.00181897 
4.134  -0.00181531 
4.135  -0.00181165 
4.136  -0.00180799 
4.137  -0.00180435 
4.138  -0.00180072 
4.139  -0.00179709 
4.14  -0.00179348 
4.141  -0.00178987 
4.142  -0.00178627 
4.143  -0.00178268 
4.144  -0.0017791 
4.145  -0.00177553 
4.146  -0.00177196 
4.147  -0.00176841 
4.148  -0.00176486 
4.149  -0.00176132 
4.15  -0.00175779 
4.151  -0.00175427 
4.152  -0.00175076 
4.153  -0.00174725 
4.154  -0.00174375 
4.155  -0.00174027 
4.156  -0.00173679 
4.157  -0.00173331 
4.158  -0.00172985 
4.159  -0.00172639 
4.16  -0.00172295 
4.161  -0.00171951 
4.162  -0.00171608 
4.163  -0.00171266 
4.164  -0.00170924 
4.165  -0.00170584 
4.166  -0.00170244 
4.167  -0.00169905 
4.168  -0.00169567 
4.169  -0.00169229 
4.17  -0.00168893 
4.171  -0.00168557 
4.172  -0.00168222 
4.173  -0.00167888 
4.174  -0.00167554 
4.175  -0.00167222 
4.176  -0.0016689 
4.177  -0.00166559 
4.178  -0.00166229 
4.179  -0.00165899 
4.18  -0.00165571 
4.181  -0.00165243 
4.182  -0.00164916 
4.183  -0.00164589 
4.184  -0.00164264 
4.185  -0.00163939 
4.186  -0.00163615 
4.187  -0.00163291 
4.188  -0.00162969 
4.189  -0.00162647 
4.19  -0.00162326 
4.191  -0.00162006 
4.192  -0.00161686 
4.193  -0.00161368 
4.194  -0.0016105 
4.195  -0.00160732 
4.196  -0.00160416 
4.197  -0.001601 
4.198  -0.00159785 
4.199  -0.00159471 
4.2  -0.00159157 
4.201  -0.00158845 
4.202  -0.00158532 
4.203  -0.00158221 
4.204  -0.00157911 
4.205  -0.00157601 
4.206  -0.00157292 
4.207  -0.00156983 
4.208  -0.00156675 
4.209  -0.00156368 
4.21  -0.00156062 
4.211  -0.00155757 
4.212  -0.00155452 
4.213  -0.00155148 
4.214  -0.00154844 
4.215  -0.00154541 
4.216  -0.00154239 
4.217  -0.00153938 
4.218  -0.00153638 
4.219  -0.00153338 
4.22  -0.00153038 
4.221  -0.0015274 
4.222  -0.00152442 
4.223  -0.00152145 
4.224  -0.00151849 
4.225  -0.00151553 
4.226  -0.00151258 
4.227  -0.00150963 
4.228  -0.0015067 
4.229  -0.00150377 
4.23  -0.00150084 
4.231  -0.00149793 
4.232  -0.00149502 
4.233  -0.00149212 
4.234  -0.00148922 
4.235  -0.00148633 
4.236  -0.00148345 
4.237  -0.00148057 
4.238  -0.0014777 
4.239  -0.00147484 
4.24  -0.00147198 
4.241  -0.00146913 
4.242  -0.00146629 
4.243  -0.00146345 
4.244  -0.00146062 
4.245  -0.0014578 
4.246  -0.00145498 
4.247  -0.00145217 
4.248  -0.00144937 
4.249  -0.00144657 
4.25  -0.00144378 
4.251  -0.001441 
4.252  -0.00143822 
4.253  -0.00143545 
4.254  -0.00143268 
4.255  -0.00142992 
4.256  -0.00142717 
4.257  -0.00142442 
4.258  -0.00142168 
4.259  -0.00141895 
4.26  -0.00141622 
4.261  -0.0014135 
4.262  -0.00141079 
4.263  -0.00140808 
4.264  -0.00140537 
4.265  -0.00140268 
4.266  -0.00139999 
4.267  -0.0013973 
4.268  -0.00139462 
4.269  -0.00139195 
4.27  -0.00138929 
4.271  -0.00138663 
4.272  -0.00138397 
4.273  -0.00138133 
4.274  -0.00137868 
4.275  -0.00137605 
4.276  -0.00137342 
4.277  -0.0013708 
4.278  -0.00136818 
4.279  -0.00136557 
4.28  -0.00136296 
4.281  -0.00136036 
4.282  -0.00135777 
4.283  -0.00135518 
4.284  -0.0013526 
4.285  -0.00135002 
4.286  -0.00134745 
4.287  -0.00134489 
4.288  -0.00134233 
4.289  -0.00133978 
4.29  -0.00133723 
4.291  -0.00133469 
4.292  -0.00133215 
4.293  -0.00132962 
4.294  -0.0013271 
4.295  -0.00132458 
4.296  -0.00132207 
4.297  -0.00131956 
4.298  -0.00131706 
4.299  -0.00131456 
4.3  -0.00131207 
4.301  -0.00130959 
4.302  -0.00130711 
4.303  -0.00130464 
4.304  -0.00130217 
4.305  -0.00129971 
4.306  -0.00129725 
4.307  -0.0012948 
4.308  -0.00129236 
4.309  -0.00128992 
4.31  -0.00128748 
4.311  -0.00128505 
4.312  -0.00128263 
4.313  -0.00128021 
4.314  -0.0012778 
4.315  -0.00127539 
4.316  -0.00127299 
4.317  -0.00127059 
4.318  -0.0012682 
4.319  -0.00126582 
4.32  -0.00126344 
4.321  -0.00126106 
4.322  -0.00125869 
4.323  -0.00125633 
4.324  -0.00125397 
4.325  -0.00125162 
4.326  -0.00124927 
4.327  -0.00124692 
4.328  -0.00124459 
4.329  -0.00124225 
4.33  -0.00123993 
4.331  -0.0012376 
4.332  -0.00123529 
4.333  -0.00123297 
4.334  -0.00123067 
4.335  -0.00122837 
4.336  -0.00122607 
4.337  -0.00122378 
4.338  -0.00122149 
4.339  -0.00121921 
4.34  -0.00121693 
4.341  -0.00121466 
4.342  -0.0012124 
4.343  -0.00121014 
4.344  -0.00120788 
4.345  -0.00120563 
4.346  -0.00120338 
4.347  -0.00120114 
4.348  -0.00119891 
4.349  -0.00119668 
4.35  -0.00119445 
4.351  -0.00119223 
4.352  -0.00119001 
4.353  -0.0011878 
4.354  -0.00118559 
4.355  -0.00118339 
4.356  -0.0011812 
4.357  -0.001179 
4.358  -0.00117682 
4.359  -0.00117464 
4.36  -0.00117246 
4.361  -0.00117029 
4.362  -0.00116812 
4.363  -0.00116595 
4.364  -0.0011638 
4.365  -0.00116164 
4.366  -0.00115949 
4.367  -0.00115735 
4.368  -0.00115521 
4.369  -0.00115308 
4.37  -0.00115095 
4.371  -0.00114882 
4.372  -0.0011467 
4.373  -0.00114459 
4.374  -0.00114248 
4.375  -0.00114037 
4.376  -0.00113827 
4.377  -0.00113617 
4.378  -0.00113408 
4.379  -0.00113199 
4.38  -0.00112991 
4.381  -0.00112783 
4.382  -0.00112575 
4.383  -0.00112368 
4.384  -0.00112162 
4.385  -0.00111956 
4.386  -0.0011175 
4.387  -0.00111545 
4.388  -0.0011134 
4.389  -0.00111136 
4.39  -0.00110932 
4.391  -0.00110729 
4.392  -0.00110526 
4.393  -0.00110323 
4.394  -0.00110121 
4.395  -0.0010992 
4.396  -0.00109718 
4.397  -0.00109518 
4.398  -0.00109317 
4.399  -0.00109118 
4.4  -0.00108918 
4.401  -0.00108719 
4.402  -0.00108521 
4.403  -0.00108322 
4.404  -0.00108125 
4.405  -0.00107927 
4.406  -0.00107731 
4.407  -0.00107534 
4.408  -0.00107338 
4.409  -0.00107143 
4.41  -0.00106948 
4.411  -0.00106753 
4.412  -0.00106559 
4.413  -0.00106365 
4.414  -0.00106171 
4.415  -0.00105978 
4.416  -0.00105786 
4.417  -0.00105593 
4.418  -0.00105402 
4.419  -0.0010521 
4.42  -0.00105019 
4.421  -0.00104829 
4.422  -0.00104639 
4.423  -0.00104449 
4.424  -0.0010426 
4.425  -0.00104071 
4.426  -0.00103882 
4.427  -0.00103694 
4.428  -0.00103507 
4.429  -0.00103319 
4.43  -0.00103132 
4.431  -0.00102946 
4.432  -0.0010276 
4.433  -0.00102574 
4.434  -0.00102389 
4.435  -0.00102204 
4.436  -0.0010202 
4.437  -0.00101836 
4.438  -0.00101652 
4.439  -0.00101469 
4.44  -0.00101286 
4.441  -0.00101103 
4.442  -0.00100921 
4.443  -0.00100739 
4.444  -0.00100558 
4.445  -0.00100377 
4.446  -0.00100197 
4.447  -0.00100016 
4.448  -0.000998367 
4.449  -0.000996573 
4.45  -0.000994783 
4.451  -0.000992997 
4.452  -0.000991215 
4.453  -0.000989436 
4.454  -0.000987661 
4.455  -0.00098589 
4.456  -0.000984123 
4.457  -0.000982359 
4.458  -0.0009806 
4.459  -0.000978844 
4.46  -0.000977092 
4.461  -0.000975343 
4.462  -0.000973598 
4.463  -0.000971857 
4.464  -0.00097012 
4.465  -0.000968387 
4.466  -0.000966657 
4.467  -0.00096493 
4.468  -0.000963208 
4.469  -0.000961489 
4.47  -0.000959774 
4.471  -0.000958062 
4.472  -0.000956354 
4.473  -0.00095465 
4.474  -0.000952949 
4.475  -0.000951252 
4.476  -0.000949558 
4.477  -0.000947868 
4.478  -0.000946182 
4.479  -0.000944499 
4.48  -0.00094282 
4.481  -0.000941144 
4.482  -0.000939472 
4.483  -0.000937803 
4.484  -0.000936138 
4.485  -0.000934477 
4.486  -0.000932819 
4.487  -0.000931164 
4.488  -0.000929513 
4.489  -0.000927866 
4.49  -0.000926221 
4.491  -0.000924581 
4.492  -0.000922944 
4.493  -0.00092131 
4.494  -0.00091968 
4.495  -0.000918053 
4.496  -0.000916429 
4.497  -0.000914809 
4.498  -0.000913193 
4.499  -0.00091158 
4.5  -0.00090997 
4.501  -0.000908363 
4.502  -0.00090676 
4.503  -0.000905161 
4.504  -0.000903564 
4.505  -0.000901971 
4.506  -0.000900382 
4.507  -0.000898795 
4.508  -0.000897212 
4.509  -0.000895633 
4.51  -0.000894056 
4.511  -0.000892483 
4.512  -0.000890914 
4.513  -0.000889347 
4.514  -0.000887784 
4.515  -0.000886224 
4.516  -0.000884667 
4.517  -0.000883114 
4.518  -0.000881564 
4.519  -0.000880017 
4.52  -0.000878473 
4.521  -0.000876933 
4.522  -0.000875396 
4.523  -0.000873862 
4.524  -0.000872331 
4.525  -0.000870803 
4.526  -0.000869279 
4.527  -0.000867757 
4.528  -0.000866239 
4.529  -0.000864724 
4.53  -0.000863212 
4.531  -0.000861704 
4.532  -0.000860198 
4.533  -0.000858696 
4.534  -0.000857196 
4.535  -0.0008557 
4.536  -0.000854207 
4.537  -0.000852717 
4.538  -0.00085123 
4.539  -0.000849747 
4.54  -0.000848266 
4.541  -0.000846788 
4.542  -0.000845314 
4.543  -0.000843842 
4.544  -0.000842374 
4.545  -0.000840908 
4.546  -0.000839446 
4.547  -0.000837986 
4.548  -0.00083653 
4.549  -0.000835077 
4.55  -0.000833626 
4.551  -0.000832179 
4.552  -0.000830735 
4.553  -0.000829293 
4.554  -0.000827855 
4.555  -0.000826419 
4.556  -0.000824987 
4.557  -0.000823557 
4.558  -0.000822131 
4.559  -0.000820707 
4.56  -0.000819286 
4.561  -0.000817869 
4.562  -0.000816454 
4.563  -0.000815042 
4.564  -0.000813633 
4.565  -0.000812227 
4.566  -0.000810823 
4.567  -0.000809423 
4.568  -0.000808026 
4.569  -0.000806631 
4.57  -0.000805239 
4.571  -0.00080385 
4.572  -0.000802464 
4.573  -0.000801081 
4.574  -0.000799701 
4.575  -0.000798323 
4.576  -0.000796948 
4.577  -0.000795576 
4.578  -0.000794207 
4.579  -0.000792841 
4.58  -0.000791477 
4.581  -0.000790117 
4.582  -0.000788759 
4.583  -0.000787404 
4.584  -0.000786051 
4.585  -0.000784702 
4.586  -0.000783355 
4.587  -0.000782011 
4.588  -0.000780669 
4.589  -0.00077933 
4.59  -0.000777995 
4.591  -0.000776661 
4.592  -0.000775331 
4.593  -0.000774003 
4.594  -0.000772678 
4.595  -0.000771356 
4.596  -0.000770036 
4.597  -0.000768719 
4.598  -0.000767405 
4.599  -0.000766093 
4.6  -0.000764784 
4.601  -0.000763478 
4.602  -0.000762174 
4.603  -0.000760873 
4.604  -0.000759575 
4.605  -0.000758279 
4.606  -0.000756986 
4.607  -0.000755695 
4.608  -0.000754407 
4.609  -0.000753122 
4.61  -0.000751839 
4.611  -0.000750559 
4.612  -0.000749282 
4.613  -0.000748007 
4.614  -0.000746735 
4.615  -0.000745465 
4.616  -0.000744198 
4.617  -0.000742933 
4.618  -0.000741671 
4.619  -0.000740412 
4.62  -0.000739155 
4.621  -0.0007379 
4.622  -0.000736648 
4.623  -0.000735399 
4.624  -0.000734152 
4.625  -0.000732908 
4.626  -0.000731666 
4.627  -0.000730426 
4.628  -0.00072919 
4.629  -0.000727955 
4.63  -0.000726723 
4.631  -0.000725494 
4.632  -0.000724267 
4.633  -0.000723043 
4.634  -0.000721821 
4.635  -0.000720601 
4.636  -0.000719384 
4.637  -0.000718169 
4.638  -0.000716957 
4.639  -0.000715747 
4.64  -0.00071454 
4.641  -0.000713335 
4.642  -0.000712133 
4.643  -0.000710932 
4.644  -0.000709735 
4.645  -0.000708539 
4.646  -0.000707347 
4.647  -0.000706156 
4.648  -0.000704968 
4.649  -0.000703782 
4.65  -0.000702599 
4.651  -0.000701418 
4.652  -0.000700239 
4.653  -0.000699063 
4.654  -0.000697889 
4.655  -0.000696717 
4.656  -0.000695548 
4.657  -0.000694381 
4.658  -0.000693216 
4.659  -0.000692054 
4.66  -0.000690894 
4.661  -0.000689736 
4.662  -0.000688581 
4.663  -0.000687428 
4.664  -0.000686277 
4.665  -0.000685128 
4.666  -0.000683982 
4.667  -0.000682838 
4.668  -0.000681697 
4.669  -0.000680557 
4.67  -0.00067942 
4.671  -0.000678285 
4.672  -0.000677153 
4.673  -0.000676022 
4.674  -0.000674894 
4.675  -0.000673768 
4.676  -0.000672645 
4.677  -0.000671523 
4.678  -0.000670404 
4.679  -0.000669287 
4.68  -0.000668172 
4.681  -0.00066706 
4.682  -0.000665949 
4.683  -0.000664841 
4.684  -0.000663735 
4.685  -0.000662631 
4.686  -0.00066153 
4.687  -0.00066043 
4.688  -0.000659333 
4.689  -0.000658238 
4.69  -0.000657145 
4.691  -0.000656054 
4.692  -0.000654965 
4.693  -0.000653879 
4.694  -0.000652795 
4.695  -0.000651712 
4.696  -0.000650632 
4.697  -0.000649554 
4.698  -0.000648478 
4.699  -0.000647405 
4.7  -0.000646333 
4.701  -0.000645264 
4.702  -0.000644196 
4.703  -0.000643131 
4.704  -0.000642068 
4.705  -0.000641007 
4.706  -0.000639947 
4.707  -0.000638891 
4.708  -0.000637836 
4.709  -0.000636783 
4.71  -0.000635732 
4.711  -0.000634683 
4.712  -0.000633637 
4.713  -0.000632592 
4.714  -0.00063155 
4.715  -0.000630509 
4.716  -0.000629471 
4.717  -0.000628434 
4.718  -0.0006274 
4.719  -0.000626367 
4.72  -0.000625337 
4.721  -0.000624309 
4.722  -0.000623282 
4.723  -0.000622258 
4.724  -0.000621236 
4.725  -0.000620215 
4.726  -0.000619197 
4.727  -0.000618181 
4.728  -0.000617166 
4.729  -0.000616154 
4.73  -0.000615143 
4.731  -0.000614135 
4.732  -0.000613128 
4.733  -0.000612124 
4.734  -0.000611121 
4.735  -0.00061012 
4.736  -0.000609122 
4.737  -0.000608125 
4.738  -0.00060713 
4.739  -0.000606137 
4.74  -0.000605146 
4.741  -0.000604157 
4.742  -0.00060317 
4.743  -0.000602185 
4.744  -0.000601202 
4.745  -0.00060022 
4.746  -0.000599241 
4.747  -0.000598263 
4.748  -0.000597288 
4.749  -0.000596314 
4.75  -0.000595342 
4.751  -0.000594372 
4.752  -0.000593404 
4.753  -0.000592437 
4.754  -0.000591473 
4.755  -0.00059051 
4.756  -0.00058955 
4.757  -0.000588591 
4.758  -0.000587634 
4.759  -0.000586679 
4.76  -0.000585725 
4.761  -0.000584774 
4.762  -0.000583824 
4.763  -0.000582877 
4.764  -0.000581931 
4.765  -0.000580986 
4.766  -0.000580044 
4.767  -0.000579104 
4.768  -0.000578165 
4.769  -0.000577228 
4.77  -0.000576293 
4.771  -0.00057536 
4.772  -0.000574428 
4.773  -0.000573498 
4.774  -0.00057257 
4.775  -0.000571644 
4.776  -0.00057072 
4.777  -0.000569797 
4.778  -0.000568877 
4.779  -0.000567958 
4.78  -0.00056704 
4.781  -0.000566125 
4.782  -0.000565211 
4.783  -0.000564299 
4.784  -0.000563389 
4.785  -0.00056248 
4.786  -0.000561573 
4.787  -0.000560668 
4.788  -0.000559765 
4.789  -0.000558863 
4.79  -0.000557963 
4.791  -0.000557065 
4.792  -0.000556169 
4.793  -0.000555274 
4.794  -0.000554381 
4.795  -0.00055349 
4.796  -0.0005526 
4.797  -0.000551712 
4.798  -0.000550826 
4.799  -0.000549942 
4.8  -0.000549059 
4.801  -0.000548178 
4.802  -0.000547298 
4.803  -0.00054642 
4.804  -0.000545544 
4.805  -0.00054467 
4.806  -0.000543797 
4.807  -0.000542926 
4.808  -0.000542056 
4.809  -0.000541188 
4.81  -0.000540322 
4.811  -0.000539458 
4.812  -0.000538595 
4.813  -0.000537733 
4.814  -0.000536874 
4.815  -0.000536016 
4.816  -0.000535159 
4.817  -0.000534305 
4.818  -0.000533452 
4.819  -0.0005326 
4.82  -0.00053175 
4.821  -0.000530902 
4.822  -0.000530055 
4.823  -0.00052921 
4.824  -0.000528367 
4.825  -0.000527525 
4.826  -0.000526684 
4.827  -0.000525846 
4.828  -0.000525009 
4.829  -0.000524173 
4.83  -0.000523339 
4.831  -0.000522507 
4.832  -0.000521676 
4.833  -0.000520847 
4.834  -0.000520019 
4.835  -0.000519193 
4.836  -0.000518368 
4.837  -0.000517545 
4.838  -0.000516724 
4.839  -0.000515904 
4.84  -0.000515086 
4.841  -0.000514269 
4.842  -0.000513453 
4.843  -0.00051264 
4.844  -0.000511827 
4.845  -0.000511017 
4.846  -0.000510208 
4.847  -0.0005094 
4.848  -0.000508594 
4.849  -0.000507789 
4.85  -0.000506986 
4.851  -0.000506184 
4.852  -0.000505384 
4.853  -0.000504586 
4.854  -0.000503789 
4.855  -0.000502993 
4.856  -0.000502199 
4.857  -0.000501406 
4.858  -0.000500615 
4.859  -0.000499825 
4.86  -0.000499037 
4.861  -0.00049825 
4.862  -0.000497465 
4.863  -0.000496681 
4.864  -0.000495899 
4.865  -0.000495118 
4.866  -0.000494339 
4.867  -0.000493561 
4.868  -0.000492784 
4.869  -0.000492009 
4.87  -0.000491236 
4.871  -0.000490464 
4.872  -0.000489693 
4.873  -0.000488924 
4.874  -0.000488156 
4.875  -0.000487389 
4.876  -0.000486624 
4.877  -0.000485861 
4.878  -0.000485099 
4.879  -0.000484338 
4.88  -0.000483579 
4.881  -0.000482821 
4.882  -0.000482064 
4.883  -0.000481309 
4.884  -0.000480556 
4.885  -0.000479803 
4.886  -0.000479052 
4.887  -0.000478303 
4.888  -0.000477555 
4.889  -0.000476808 
4.89  -0.000476063 
4.891  -0.000475319 
4.892  -0.000474576 
4.893  -0.000473835 
4.894  -0.000473095 
4.895  -0.000472357 
4.896  -0.00047162 
4.897  -0.000470884 
4.898  -0.00047015 
4.899  -0.000469417 
4.9  -0.000468685 
4.901  -0.000467955 
4.902  -0.000467226 
4.903  -0.000466498 
4.904  -0.000465772 
4.905  -0.000465047 
4.906  -0.000464324 
4.907  -0.000463601 
4.908  -0.000462881 
4.909  -0.000462161 
4.91  -0.000461443 
4.911  -0.000460726 
4.912  -0.00046001 
4.913  -0.000459296 
4.914  -0.000458583 
4.915  -0.000457871 
4.916  -0.000457161 
4.917  -0.000456452 
4.918  -0.000455744 
4.919  -0.000455038 
4.92  -0.000454333 
4.921  -0.000453629 
4.922  -0.000452926 
4.923  -0.000452225 
4.924  -0.000451525 
4.925  -0.000450826 
4.926  -0.000450129 
4.927  -0.000449433 
4.928  -0.000448738 
4.929  -0.000448044 
4.93  -0.000447352 
4.931  -0.000446661 
4.932  -0.000445971 
4.933  -0.000445283 
4.934  -0.000444596 
4.935  -0.00044391 
4.936  -0.000443225 
4.937  -0.000442541 
4.938  -0.000441859 
4.939  -0.000441178 
4.94  -0.000440499 
4.941  -0.00043982 
4.942  -0.000439143 
4.943  -0.000438467 
4.944  -0.000437792 
4.945  -0.000437118 
4.946  -0.000436446 
4.947  -0.000435775 
4.948  -0.000435105 
4.949  -0.000434437 
4.95  -0.000433769 
4.951  -0.000433103 
4.952  -0.000432438 
4.953  -0.000431774 
4.954  -0.000431111 
4.955  -0.00043045 
4.956  -0.00042979 
4.957  -0.000429131 
4.958  -0.000428473 
4.959  -0.000427817 
4.96  -0.000427161 
4.961  -0.000426507 
4.962  -0.000425854 
4.963  -0.000425202 
4.964  -0.000424551 
4.965  -0.000423902 
4.966  -0.000423254 
4.967  -0.000422607 
4.968  -0.000421961 
4.969  -0.000421316 
4.97  -0.000420672 
4.971  -0.00042003 
4.972  -0.000419389 
4.973  -0.000418748 
4.974  -0.000418109 
4.975  -0.000417472 
4.976  -0.000416835 
4.977  -0.0004162 
4.978  -0.000415565 
4.979  -0.000414932 
4.98  -0.0004143 
4.981  -0.000413669 
4.982  -0.000413039 
4.983  -0.000412411 
4.984  -0.000411783 
4.985  -0.000411157 
4.986  -0.000410531 
4.987  -0.000409907 
4.988  -0.000409284 
4.989  -0.000408662 
4.99  -0.000408042 
4.991  -0.000407422 
4.992  -0.000406804 
4.993  -0.000406186 
4.994  -0.00040557 
4.995  -0.000404955 
4.996  -0.000404341 
4.997  -0.000403728 
4.998  -0.000403116 
4.999  -0.000402505 
5  -0.000401895 
