0.001  7.98455e+70 
0.002  1.15079e+78 
0.003  1.28723e+70 
0.004  1.90597e+71 
0.005  1.08146e+78 
0.006  9.83155e+79 
0.007  2.60096e+73 
0.008  9.27821e+71 
0.009  1.5585e+80 
0.01  7.24079e+79 
0.011  2.69294e+72 
0.012  1.68959e+70 
0.013  2.8284e+70 
0.014  2.70503e+77 
0.015  2.23729e+78 
0.016  1.58755e+71 
0.017  1.28347e+74 
0.018  3.67095e+72 
0.019  1.18554e+68 
0.02  3.07424e+75 
0.021  5.33761e+84 
0.022  7.79836e+72 
0.023  3.48099e+83 
0.024  4.74769e+84 
0.025  6.02797e+72 
0.026  5.26195e+80 
0.027  1.32151e+78 
0.028  5.02888e+80 
0.029  3.18822e+75 
0.03  1.34679e+77 
0.031  4.82749e+71 
0.032  9.965e+70 
0.033  2.77543e+90 
0.034  9.79497e+68 
0.035  9.05246e+80 
0.036  1.85749e+73 
0.037  6.62685e+76 
0.038  7.25928e+73 
0.039  1.17898e+82 
0.04  1.34528e+74 
0.041  3.6808e+77 
0.042  6.59147e+79 
0.043  2.44795e+95 
0.044  8.63506e+87 
0.045  5.96461e+77 
0.046  1.14234e+82 
0.047  2.71558e+80 
0.048  1.29855e+80 
0.049  5.28599e+74 
0.05  7.5151e+81 
0.051  5.58261e+77 
0.052  3.97691e+71 
0.053  6.30162e+72 
0.054  6.35924e+72 
0.055  7.49477e+74 
0.056  1.76581e+74 
0.057  5.66618e+74 
0.058  7.40861e+70 
0.059  9.62946e+66 
0.06  1.2519e+73 
0.061  8.25206e+82 
0.062  7.6084e+71 
0.063  2.10869e+83 
0.064  3.63295e+82 
0.065  2.65372e+72 
0.066  7.48258e+86 
0.067  1.51185e+77 
0.068  6.61896e+70 
0.069  2.46677e+85 
0.07  1.42515e+69 
0.071  1.42608e+80 
0.072  1.61695e+80 
0.073  5.08441e+83 
0.074  1.26282e+71 
0.075  1.66034e+79 
0.076  4.20441e+74 
0.077  2.14046e+94 
0.078  3.09307e+72 
0.079  1.53901e+67 
0.08  2.70616e+80 
0.081  1.92304e+66 
0.082  2.14784e+76 
0.083  2.28756e+71 
0.084  8.49474e+73 
0.085  4.39845e+74 
0.086  9.81742e+77 
0.087  1.17037e+74 
0.088  4.67655e+72 
0.089  9.17706e+89 
0.09  1.12773e+75 
0.091  1.51085e+92 
0.092  3.04542e+93 
0.093  1.01693e+66 
0.094  1.86259e+80 
0.095  3.05895e+76 
0.096  5.00918e+70 
0.097  8.73296e+74 
0.098  1.50249e+77 
0.099  8.85835e+75 
0.1  2.06622e+73 
0.101  5.82203e+76 
0.102  2.93908e+75 
0.103  7.01939e+75 
0.104  3.92877e+81 
0.105  1.7713e+103 
0.106  1.94825e+70 
0.107  1.01387e+80 
0.108  4.31972e+75 
0.109  7.46344e+80 
0.11  4.80504e+76 
0.111  1.1082e+74 
0.112  4.18645e+79 
0.113  1.44875e+77 
0.114  6.80106e+85 
0.115  9.66319e+77 
0.116  1.80027e+104 
0.117  4.17654e+88 
0.118  9.8888e+76 
0.119  3.33333e+67 
0.12  8.09246e+79 
0.121  3.90285e+71 
0.122  1.84973e+77 
0.123  1.10454e+75 
0.124  1.49357e+69 
0.125  9.56191e+68 
0.126  6.18817e+69 
0.127  4.6957e+79 
0.128  3.32012e+82 
0.129  2.07753e+71 
0.13  9.69536e+74 
0.131  1.04958e+78 
0.132  1.69363e+68 
0.133  1.1262e+78 
0.134  5.63931e+69 
0.135  1.57105e+80 
0.136  9.57866e+78 
0.137  2.27261e+75 
0.138  2.1967e+71 
0.139  4.64514e+72 
0.14  3.72165e+89 
0.141  6.21574e+72 
0.142  2.12627e+76 
0.143  3.53408e+67 
0.144  9.86356e+66 
0.145  7.62462e+76 
0.146  3.72829e+76 
0.147  6.58924e+86 
0.148  5.46211e+82 
0.149  1.48365e+64 
0.15  2.65397e+76 
0.151  2.03407e+91 
0.152  3.49274e+86 
0.153  2.67082e+74 
0.154  2.03803e+77 
0.155  7.24064e+74 
0.156  4.63773e+77 
0.157  9.99648e+78 
0.158  1.7129e+77 
0.159  5.2271e+69 
0.16  4.87382e+79 
0.161  2.57466e+84 
0.162  2.39899e+90 
0.163  5.00225e+84 
0.164  5.92329e+76 
0.165  1.91874e+72 
0.166  1.1582e+72 
0.167  3.34581e+68 
0.168  3.83671e+77 
0.169  4.95733e+75 
0.17  1.67025e+71 
0.171  5.01161e+82 
0.172  2.18703e+72 
0.173  2.22898e+78 
0.174  3.1515e+84 
0.175  3.77975e+81 
0.176  8.09708e+77 
0.177  1.60264e+76 
0.178  7.31054e+77 
0.179  2.82263e+78 
0.18  3.93298e+77 
0.181  1.38794e+99 
0.182  6.40473e+84 
0.183  2.16587e+73 
0.184  2.42133e+84 
0.185  2.38209e+76 
0.186  1.44986e+81 
0.187  1.43767e+75 
0.188  1.44223e+82 
0.189  8.56474e+71 
0.19  2.18827e+76 
0.191  1.32779e+89 
0.192  2.50152e+73 
0.193  2.4847e+76 
0.194  2.39782e+69 
0.195  4.98597e+84 
0.196  1.33878e+84 
0.197  2.57892e+89 
0.198  1.47592e+80 
0.199  1.81551e+78 
0.2  1.64897e+73 
0.201  1.10606e+83 
0.202  1.06748e+83 
0.203  6.22728e+84 
0.204  4.61315e+75 
0.205  9.31806e+86 
0.206  7.39378e+78 
0.207  3.17782e+75 
0.208  8.77429e+77 
0.209  8.50227e+71 
0.21  5.05884e+81 
0.211  1.20363e+85 
0.212  1.75593e+69 
0.213  5.06605e+90 
0.214  1.02288e+73 
0.215  1.10374e+69 
0.216  3.49442e+104 
0.217  1.81645e+74 
0.218  1.42301e+74 
0.219  7.77559e+91 
0.22  1.30393e+77 
0.221  8.72123e+86 
0.222  1.55521e+82 
0.223  2.7117e+87 
0.224  2.0291e+73 
0.225  1.76246e+83 
0.226  2.09652e+75 
0.227  1.90884e+74 
0.228  3.03869e+82 
0.229  1.06866e+71 
0.23  5.24268e+81 
0.231  3.66226e+77 
0.232  1.00912e+77 
0.233  1.64139e+67 
0.234  8.97769e+101 
0.235  4.88993e+77 
0.236  2.62565e+82 
0.237  1.59694e+76 
0.238  1.16359e+77 
0.239  2.55942e+74 
0.24  1.61469e+70 
0.241  2.33188e+78 
0.242  1.12368e+88 
0.243  2.8827e+86 
0.244  1.27848e+71 
0.245  1.30236e+69 
0.246  2.23511e+72 
0.247  1.07759e+85 
0.248  6.45395e+82 
0.249  8.42819e+72 
0.25  8.59412e+73 
0.251  5.15897e+65 
0.252  9.68502e+78 
0.253  7.35987e+74 
0.254  1.83168e+81 
0.255  1.49573e+80 
0.256  4.03293e+80 
0.257  1.92374e+84 
0.258  6.61714e+82 
0.259  2.34928e+70 
0.26  7.90739e+70 
0.261  2.71508e+77 
0.262  4.64819e+75 
0.263  1.21768e+80 
0.264  3.03922e+76 
0.265  8.26703e+83 
0.266  6.0036e+82 
0.267  9.71555e+90 
0.268  1.39676e+83 
0.269  2.86128e+87 
0.27  2.11404e+73 
0.271  5.32706e+90 
0.272  1.11902e+82 
0.273  1.89529e+74 
0.274  6.47468e+82 
0.275  1.67467e+70 
0.276  4.51701e+75 
0.277  1.28599e+71 
0.278  1.14467e+78 
0.279  2.08597e+81 
0.28  2.31154e+76 
0.281  8.85136e+83 
0.282  5.64686e+73 
0.283  7.37999e+79 
0.284  1.15805e+72 
0.285  1.51945e+73 
0.286  1.13959e+74 
0.287  9.04957e+84 
0.288  6.87656e+69 
0.289  3.45701e+105 
0.29  5.69865e+76 
0.291  2.67586e+80 
0.292  6.47878e+93 
0.293  7.94328e+96 
0.294  3.01764e+70 
0.295  4.66444e+81 
0.296  2.05951e+77 
0.297  3.70473e+78 
0.298  1.7314e+86 
0.299  1.94237e+85 
0.3  2.12812e+86 
0.301  4.71212e+77 
0.302  2.10652e+69 
0.303  6.35276e+85 
0.304  6.86338e+91 
0.305  4.82974e+76 
0.306  1.12748e+70 
0.307  2.41908e+69 
0.308  3.65788e+72 
0.309  1.02387e+84 
0.31  1.8299e+66 
0.311  9.91585e+74 
0.312  1.53263e+76 
0.313  4.72522e+74 
0.314  5.48245e+72 
0.315  1.60057e+80 
0.316  8.08716e+70 
0.317  4.74535e+76 
0.318  1.05472e+73 
0.319  5.49903e+83 
0.32  1.33113e+70 
0.321  1.37525e+75 
0.322  8.04104e+85 
0.323  2.38687e+82 
0.324  2.5282e+71 
0.325  1.26373e+74 
0.326  1.06349e+70 
0.327  2.43331e+81 
0.328  1.31904e+76 
0.329  3.43102e+78 
0.33  1.50496e+78 
0.331  8.79735e+68 
0.332  1.68277e+100 
0.333  3.98184e+82 
0.334  1.7673e+89 
0.335  8.07416e+88 
0.336  3.06462e+87 
0.337  1.45448e+78 
0.338  6.5576e+88 
0.339  5.03999e+78 
0.34  2.08601e+98 
0.341  2.23335e+84 
0.342  2.56051e+71 
0.343  3.624e+83 
0.344  2.70298e+86 
0.345  4.3829e+70 
0.346  4.15432e+83 
0.347  8.77296e+65 
0.348  4.14852e+73 
0.349  2.30765e+79 
0.35  7.62906e+89 
0.351  2.09938e+77 
0.352  1.19272e+88 
0.353  5.19168e+75 
0.354  1.18058e+81 
0.355  3.19543e+97 
0.356  1.16591e+69 
0.357  2.57102e+77 
0.358  2.60278e+86 
0.359  3.24597e+74 
0.36  1.60756e+70 
0.361  7.0269e+86 
0.362  4.36573e+81 
0.363  2.03142e+89 
0.364  2.86646e+72 
0.365  3.24303e+76 
0.366  3.25522e+68 
0.367  4.33226e+78 
0.368  9.12915e+72 
0.369  1.95622e+81 
0.37  6.39443e+81 
0.371  7.29314e+84 
0.372  5.25087e+90 
0.373  2.14413e+69 
0.374  2.09389e+73 
0.375  1.94204e+75 
0.376  1.2864e+70 
0.377  2.07894e+73 
0.378  2.35479e+73 
0.379  5.79812e+72 
0.38  2.46163e+85 
0.381  9.63251e+68 
0.382  2.46773e+79 
0.383  9.02136e+80 
0.384  1.4448e+76 
0.385  5.30587e+71 
0.386  2.81774e+72 
0.387  4.98112e+76 
0.388  6.71959e+90 
0.389  2.85679e+79 
0.39  1.3195e+71 
0.391  1.72507e+75 
0.392  4.32472e+82 
0.393  9.15255e+72 
0.394  1.99516e+85 
0.395  4.2362e+77 
0.396  1.97251e+68 
0.397  2.05855e+75 
0.398  1.07074e+78 
0.399  9.45463e+69 
0.4  9.58312e+83 
0.401  2.47877e+73 
0.402  1.18387e+86 
0.403  1.5621e+75 
0.404  5.59428e+68 
0.405  2.9687e+84 
0.406  7.29262e+78 
0.407  1.31128e+70 
0.408  2.06356e+88 
0.409  2.20373e+80 
0.41  1.98256e+83 
0.411  2.61768e+76 
0.412  1.90581e+78 
0.413  3.97763e+81 
0.414  1.89904e+82 
0.415  5.68294e+74 
0.416  6.64164e+79 
0.417  1.98656e+84 
0.418  2.21389e+78 
0.419  1.09763e+81 
0.42  1.96229e+72 
0.421  1.69931e+72 
0.422  1.23448e+71 
0.423  8.49512e+69 
0.424  1.20756e+71 
0.425  1.85345e+77 
0.426  1.76133e+74 
0.427  2.0773e+80 
0.428  7.65491e+74 
0.429  1.65312e+90 
0.43  1.37354e+68 
0.431  3.74506e+80 
0.432  2.59044e+70 
0.433  3.97694e+77 
0.434  2.62661e+84 
0.435  2.30489e+74 
0.436  9.1854e+80 
0.437  1.18327e+78 
0.438  4.06119e+74 
0.439  2.72036e+74 
0.44  1.01753e+73 
0.441  1.98263e+73 
0.442  3.46804e+79 
0.443  1.30705e+65 
0.444  1.45371e+76 
0.445  3.49454e+83 
0.446  4.39183e+74 
0.447  8.77239e+77 
0.448  1.78401e+98 
0.449  1.26786e+81 
0.45  2.01576e+81 
0.451  1.72853e+81 
0.452  4.41221e+68 
0.453  3.51061e+81 
0.454  1.76702e+93 
0.455  1.0086e+76 
0.456  3.75914e+75 
0.457  4.15693e+74 
0.458  5.8062e+72 
0.459  1.55289e+80 
0.46  7.05544e+85 
0.461  1.81812e+77 
0.462  1.87561e+70 
0.463  1.87463e+81 
0.464  1.39279e+71 
0.465  1.40697e+80 
0.466  1.57294e+80 
0.467  2.84922e+87 
0.468  3.85596e+71 
0.469  2.78482e+72 
0.47  2.90971e+95 
0.471  6.34787e+76 
0.472  1.04732e+76 
0.473  1.19721e+88 
0.474  1.41619e+80 
0.475  3.16379e+74 
0.476  7.46932e+82 
0.477  1.63756e+81 
0.478  4.24378e+69 
0.479  1.24226e+84 
0.48  7.06075e+77 
0.481  1.14486e+79 
0.482  1.79781e+88 
0.483  1.24312e+95 
0.484  3.98061e+77 
0.485  4.15093e+83 
0.486  1.86963e+72 
0.487  1.23975e+82 
0.488  4.00228e+99 
0.489  1.20173e+72 
0.49  2.65476e+72 
0.491  2.63404e+86 
0.492  5.83731e+93 
0.493  6.13853e+76 
0.494  2.76993e+70 
0.495  5.79146e+79 
0.496  6.38362e+72 
0.497  1.43091e+83 
0.498  4.13469e+70 
0.499  1.24271e+67 
0.5  8.59276e+83 
0.501  3.49753e+66 
0.502  4.67011e+81 
0.503  2.3299e+84 
0.504  5.66157e+98 
0.505  4.45092e+77 
0.506  5.39756e+76 
0.507  8.16007e+74 
0.508  8.6777e+94 
0.509  1.98815e+88 
0.51  2.2854e+69 
0.511  1.36862e+70 
0.512  6.25059e+73 
0.513  2.91124e+86 
0.514  2.21677e+76 
0.515  3.69783e+80 
0.516  1.56506e+75 
0.517  3.43918e+88 
0.518  1.09431e+86 
0.519  1.87301e+83 
0.52  4.15403e+79 
0.521  4.18108e+75 
0.522  1.77469e+79 
0.523  1.06509e+64 
0.524  4.6211e+73 
0.525  2.25494e+83 
0.526  1.01662e+67 
0.527  1.00959e+74 
0.528  8.53272e+90 
0.529  1.46294e+72 
0.53  1.4309e+65 
0.531  4.20664e+84 
0.532  1.1862e+82 
0.533  2.22118e+71 
0.534  8.36474e+78 
0.535  3.79304e+74 
0.536  2.29801e+76 
0.537  3.72521e+74 
0.538  1.08755e+73 
0.539  5.4227e+87 
0.54  3.52362e+86 
0.541  1.93915e+75 
0.542  4.08398e+80 
0.543  1.47185e+84 
0.544  2.23509e+77 
0.545  5.81852e+71 
0.546  9.01463e+71 
0.547  5.41883e+74 
0.548  1.28868e+89 
0.549  3.37771e+88 
0.55  5.59677e+69 
0.551  2.81484e+92 
0.552  1.57877e+82 
0.553  5.08246e+79 
0.554  1.97173e+73 
0.555  4.00394e+84 
0.556  1.7937e+91 
0.557  1.70501e+74 
0.558  5.63723e+82 
0.559  5.98571e+75 
0.56  1.12599e+83 
0.561  1.83309e+74 
0.562  5.57056e+73 
0.563  1.85148e+90 
0.564  3.48165e+88 
0.565  7.15656e+72 
0.566  3.42295e+86 
0.567  2.18001e+81 
0.568  1.15267e+70 
0.569  1.19445e+69 
0.57  1.11089e+76 
0.571  4.4554e+72 
0.572  3.49718e+71 
0.573  2.16233e+80 
0.574  8.69762e+81 
0.575  5.85659e+77 
0.576  7.81345e+81 
0.577  8.4201e+88 
0.578  1.00937e+78 
0.579  3.64566e+73 
0.58  3.4548e+75 
0.581  3.23975e+77 
0.582  3.88076e+73 
0.583  7.05619e+73 
0.584  1.47087e+75 
0.585  2.31259e+76 
0.586  5.3462e+85 
0.587  1.90967e+82 
0.588  1.91086e+74 
0.589  9.18007e+73 
0.59  8.30057e+75 
0.591  1.90026e+85 
0.592  1.32764e+74 
0.593  1.04099e+74 
0.594  2.27697e+90 
0.595  3.75743e+74 
0.596  4.1576e+64 
0.597  2.39442e+107 
0.598  1.7685e+81 
0.599  1.24716e+72 
0.6  5.72104e+91 
0.601  1.4028e+80 
0.602  1.85454e+78 
0.603  7.46844e+69 
0.604  5.87011e+74 
0.605  3.94165e+71 
0.606  1.79858e+80 
0.607  1.033e+76 
0.608  2.1848e+69 
0.609  8.94355e+76 
0.61  3.97641e+78 
0.611  1.08033e+79 
0.612  3.87345e+77 
0.613  4.56778e+81 
0.614  9.15504e+74 
0.615  1.89876e+79 
0.616  2.09376e+73 
0.617  2.77557e+72 
0.618  1.52209e+75 
0.619  3.16299e+80 
0.62  4.42456e+80 
0.621  9.10959e+68 
0.622  7.79832e+65 
0.623  6.61985e+81 
0.624  2.05257e+88 
0.625  2.50256e+85 
0.626  2.6687e+85 
0.627  1.94483e+72 
0.628  2.39992e+80 
0.629  1.33112e+73 
0.63  6.48744e+74 
0.631  2.29245e+79 
0.632  1.42466e+79 
0.633  3.18078e+74 
0.634  1.72402e+80 
0.635  5.30878e+98 
0.636  3.44255e+80 
0.637  1.23944e+70 
0.638  6.75593e+83 
0.639  4.84151e+83 
0.64  5.20496e+89 
0.641  1.13393e+68 
0.642  6.31263e+82 
0.643  9.93893e+79 
0.644  1.54904e+73 
0.645  3.6972e+82 
0.646  4.24683e+72 
0.647  8.51211e+76 
0.648  1.60079e+79 
0.649  1.56351e+91 
0.65  2.37791e+84 
0.651  5.51635e+74 
0.652  3.41495e+82 
0.653  4.49787e+83 
0.654  2.92755e+86 
0.655  3.32748e+72 
0.656  2.73127e+82 
0.657  2.37201e+79 
0.658  4.9302e+87 
0.659  1.3539e+85 
0.66  5.67951e+70 
0.661  2.38546e+84 
0.662  7.15581e+74 
0.663  4.34602e+70 
0.664  1.2245e+91 
0.665  5.36811e+76 
0.666  2.69465e+90 
0.667  5.12833e+89 
0.668  3.38027e+74 
0.669  1.96895e+93 
0.67  1.03506e+75 
0.671  1.49365e+88 
0.672  1.53547e+77 
0.673  1.89966e+75 
0.674  2.92863e+88 
0.675  1.4005e+75 
0.676  1.43169e+70 
0.677  5.67707e+78 
0.678  1.8075e+90 
0.679  1.87959e+78 
0.68  1.86683e+80 
0.681  1.69082e+71 
0.682  5.18775e+71 
0.683  1.57054e+82 
0.684  1.37236e+85 
0.685  4.0481e+70 
0.686  2.00585e+86 
0.687  9.93485e+72 
0.688  1.33504e+76 
0.689  4.1924e+81 
0.69  2.63771e+73 
0.691  1.50926e+75 
0.692  5.43548e+85 
0.693  6.66638e+85 
0.694  1.01706e+75 
0.695  1.53397e+73 
0.696  1.48884e+84 
0.697  1.57212e+77 
0.698  1.02258e+82 
0.699  1.67584e+70 
0.7  8.54914e+76 
0.701  4.69054e+73 
0.702  2.03635e+73 
0.703  1.12445e+97 
0.704  7.33098e+90 
0.705  3.29295e+83 
0.706  1.41098e+77 
0.707  3.5293e+81 
0.708  9.4021e+74 
0.709  1.10084e+82 
0.71  1.97933e+90 
0.711  2.00836e+79 
0.712  3.18155e+70 
0.713  1.97899e+80 
0.714  2.15556e+88 
0.715  7.74617e+84 
0.716  4.99538e+78 
0.717  5.32181e+82 
0.718  2.87994e+76 
0.719  1.65872e+78 
0.72  2.44119e+72 
0.721  9.40536e+69 
0.722  6.62442e+69 
0.723  8.54094e+68 
0.724  4.50025e+91 
0.725  1.67056e+77 
0.726  2.04262e+75 
0.727  2.08184e+82 
0.728  5.62549e+74 
0.729  2.59235e+72 
0.73  4.46053e+80 
0.731  8.39383e+71 
0.732  1.22313e+88 
0.733  2.75196e+84 
0.734  4.28367e+89 
0.735  1.10369e+82 
0.736  1.69982e+72 
0.737  9.94946e+83 
0.738  1.29125e+67 
0.739  8.2364e+77 
0.74  1.09834e+79 
0.741  8.05456e+84 
0.742  1.31008e+76 
0.743  1.23237e+80 
0.744  1.91445e+89 
0.745  5.03191e+87 
0.746  3.30954e+78 
0.747  4.11082e+83 
0.748  2.47031e+77 
0.749  4.11144e+73 
0.75  4.07607e+74 
0.751  2.90716e+70 
0.752  3.04348e+74 
0.753  1.13191e+74 
0.754  8.94732e+79 
0.755  1.52365e+78 
0.756  5.08308e+68 
0.757  9.34209e+71 
0.758  4.07321e+88 
0.759  1.53273e+79 
0.76  2.51672e+74 
0.761  1.48735e+84 
0.762  7.17234e+74 
0.763  7.76159e+72 
0.764  1.51525e+74 
0.765  1.19022e+87 
0.766  3.70307e+71 
0.767  3.85217e+74 
0.768  7.19151e+77 
0.769  2.6729e+82 
0.77  4.03367e+78 
0.771  3.28239e+69 
0.772  1.0422e+70 
0.773  4.23074e+70 
0.774  7.72369e+78 
0.775  1.5522e+91 
0.776  2.94813e+85 
0.777  5.08926e+68 
0.778  4.23153e+70 
0.779  1.72321e+81 
0.78  1.10984e+68 
0.781  2.62945e+76 
0.782  1.62853e+72 
0.783  6.15335e+86 
0.784  7.30679e+69 
0.785  4.36424e+83 
0.786  1.65172e+78 
0.787  5.67175e+81 
0.788  1.32367e+75 
0.789  9.60938e+70 
0.79  5.71152e+71 
0.791  9.93481e+73 
0.792  1.55661e+89 
0.793  6.64664e+76 
0.794  4.62767e+80 
0.795  3.99823e+81 
0.796  8.23812e+85 
0.797  2.86653e+77 
0.798  6.22067e+70 
0.799  8.29222e+89 
0.8  1.79884e+75 
0.801  7.63289e+82 
0.802  1.14583e+73 
0.803  3.29494e+75 
0.804  5.46848e+87 
0.805  6.32244e+83 
0.806  6.29347e+77 
0.807  1.325e+76 
0.808  3.27888e+73 
0.809  1.40068e+78 
0.81  2.9054e+80 
0.811  1.47882e+78 
0.812  7.41937e+79 
0.813  4.72676e+82 
0.814  9.51465e+83 
0.815  6.57898e+80 
0.816  2.71329e+79 
0.817  5.41317e+76 
0.818  1.43414e+74 
0.819  5.68057e+75 
0.82  1.80143e+80 
0.821  1.04511e+75 
0.822  3.84274e+81 
0.823  4.03806e+78 
0.824  3.70569e+87 
0.825  7.76951e+84 
0.826  1.93123e+77 
0.827  3.18478e+81 
0.828  3.28136e+87 
0.829  8.9092e+81 
0.83  8.88606e+79 
0.831  3.15354e+78 
0.832  5.99043e+71 
0.833  3.01614e+83 
0.834  7.21433e+71 
0.835  3.54057e+79 
0.836  4.14829e+84 
0.837  1.00977e+66 
0.838  1.69432e+69 
0.839  6.78346e+88 
0.84  7.98519e+66 
0.841  1.68252e+75 
0.842  2.63345e+91 
0.843  5.77099e+70 
0.844  2.61765e+74 
0.845  2.75961e+90 
0.846  8.4324e+75 
0.847  8.42839e+75 
0.848  1.62865e+82 
0.849  7.62508e+84 
0.85  3.60164e+93 
0.851  6.48729e+79 
0.852  4.4108e+78 
0.853  3.91538e+82 
0.854  3.1313e+88 
0.855  1.58265e+85 
0.856  2.74525e+79 
0.857  2.89227e+73 
0.858  1.52935e+67 
0.859  1.90616e+74 
0.86  1.78333e+82 
0.861  2.13698e+79 
0.862  2.58369e+80 
0.863  4.68159e+70 
0.864  4.83656e+80 
0.865  5.11307e+77 
0.866  1.48232e+79 
0.867  2.1162e+77 
0.868  5.01755e+84 
0.869  3.57363e+73 
0.87  2.20997e+83 
0.871  2.84712e+86 
0.872  1.79648e+83 
0.873  4.04691e+88 
0.874  1.7487e+67 
0.875  8.97088e+70 
0.876  1.49421e+87 
0.877  1.70352e+74 
0.878  3.60686e+75 
0.879  6.13532e+77 
0.88  4.86844e+94 
0.881  1.80515e+92 
0.882  3.9629e+85 
0.883  1.60816e+74 
0.884  8.1256e+74 
0.885  3.21418e+73 
0.886  4.92212e+82 
0.887  3.99062e+85 
0.888  2.42125e+85 
0.889  4.44344e+86 
0.89  2.03839e+79 
0.891  2.65858e+108 
0.892  3.15842e+81 
0.893  5.21776e+76 
0.894  1.94115e+99 
0.895  1.88972e+83 
0.896  6.17622e+72 
0.897  1.24215e+80 
0.898  7.46909e+92 
0.899  1.39926e+82 
0.9  2.64176e+77 
0.901  2.83088e+79 
0.902  1.16266e+71 
0.903  3.75346e+79 
0.904  3.75694e+71 
0.905  1.84338e+72 
0.906  9.33626e+80 
0.907  7.22463e+75 
0.908  3.62176e+86 
0.909  1.04888e+85 
0.91  2.40958e+77 
0.911  3.3463e+77 
0.912  6.12344e+82 
0.913  1.13939e+78 
0.914  3.85268e+82 
0.915  1.41425e+74 
0.916  8.84834e+73 
0.917  3.19974e+83 
0.918  2.36585e+85 
0.919  1.06997e+100 
0.92  9.09216e+72 
0.921  5.41689e+76 
0.922  4.22402e+84 
0.923  4.07043e+75 
0.924  7.98795e+85 
0.925  2.6161e+74 
0.926  8.65554e+80 
0.927  9.83535e+71 
0.928  9.58204e+72 
0.929  1.52171e+78 
0.93  5.62517e+86 
0.931  3.93988e+76 
0.932  8.39521e+74 
0.933  1.85622e+89 
0.934  1.0913e+95 
0.935  7.85872e+82 
0.936  3.03308e+74 
0.937  4.01701e+75 
0.938  6.31865e+75 
0.939  6.21089e+76 
0.94  3.32021e+76 
0.941  6.16529e+70 
0.942  3.45677e+87 
0.943  4.32908e+97 
0.944  2.89742e+79 
0.945  1.23164e+78 
0.946  3.35484e+89 
0.947  7.25043e+84 
0.948  5.37493e+73 
0.949  6.16867e+91 
0.95  3.2695e+76 
0.951  3.22155e+79 
0.952  4.97203e+82 
0.953  2.75269e+93 
0.954  1.36027e+83 
0.955  2.75771e+76 
0.956  2.24006e+80 
0.957  2.55269e+80 
0.958  3.25447e+78 
0.959  8.73305e+80 
0.96  1.9979e+72 
0.961  3.62344e+94 
0.962  8.29354e+76 
0.963  1.01724e+81 
0.964  1.7758e+90 
0.965  5.68686e+85 
0.966  8.04716e+81 
0.967  2.57754e+74 
0.968  1.21175e+73 
0.969  1.31719e+79 
0.97  1.25388e+89 
0.971  8.71341e+83 
0.972  3.51387e+81 
0.973  2.06699e+69 
0.974  7.15162e+78 
0.975  1.30568e+77 
0.976  1.978e+90 
0.977  1.76149e+78 
0.978  9.10326e+78 
0.979  1.47032e+73 
0.98  4.47868e+90 
0.981  8.42483e+68 
0.982  1.51922e+83 
0.983  1.4644e+83 
0.984  1.51191e+76 
0.985  1.3562e+73 
0.986  6.33937e+79 
0.987  1.60792e+72 
0.988  1.9602e+75 
0.989  1.3422e+84 
0.99  4.48906e+71 
0.991  2.0093e+87 
0.992  9.28452e+102 
0.993  4.86578e+73 
0.994  5.11557e+82 
0.995  5.8244e+86 
0.996  1.73908e+88 
0.997  1.26405e+79 
0.998  1.18862e+72 
0.999  7.90901e+72 
1  4.83611e+85 
1.001  1.62895e+79 
1.002  3.55071e+91 
1.003  1.79107e+74 
1.004  1.60697e+71 
1.005  2.77306e+84 
1.006  4.4208e+87 
1.007  5.82588e+82 
1.008  4.41409e+85 
1.009  8.74835e+76 
1.01  3.75413e+81 
1.011  1.76197e+74 
1.012  6.18057e+77 
1.013  1.91738e+76 
1.014  5.41186e+82 
1.015  8.07472e+82 
1.016  3.11182e+85 
1.017  2.20926e+78 
1.018  6.36559e+73 
1.019  2.81669e+94 
1.02  5.56064e+81 
1.021  3.21615e+87 
1.022  3.87591e+75 
1.023  5.58632e+92 
1.024  1.97655e+78 
1.025  3.00691e+72 
1.026  5.79945e+88 
1.027  1.19211e+84 
1.028  1.17022e+75 
1.029  1.99932e+87 
1.03  7.28232e+81 
1.031  3.3961e+72 
1.032  1.44289e+76 
1.033  1.36151e+76 
1.034  4.69787e+77 
1.035  8.70303e+90 
1.036  8.38952e+73 
1.037  7.07145e+93 
1.038  3.51839e+110 
1.039  2.86404e+75 
1.04  2.42588e+83 
1.041  5.44086e+78 
1.042  7.71648e+76 
1.043  2.0076e+83 
1.044  1.30694e+77 
1.045  9.50319e+84 
1.046  8.06957e+85 
1.047  5.48316e+83 
1.048  1.24375e+73 
1.049  6.00542e+95 
1.05  8.45534e+81 
1.051  3.67696e+72 
1.052  3.2565e+84 
1.053  3.06034e+71 
1.054  2.00255e+76 
1.055  2.00736e+83 
1.056  7.15597e+79 
1.057  3.91766e+89 
1.058  1.64021e+84 
1.059  2.27005e+69 
1.06  3.32718e+71 
1.061  7.03476e+74 
1.062  2.16302e+72 
1.063  4.45789e+77 
1.064  1.19064e+79 
1.065  3.97506e+86 
1.066  3.19199e+80 
1.067  1.54373e+81 
1.068  3.03594e+84 
1.069  7.55831e+74 
1.07  2.94874e+85 
1.071  7.46964e+75 
1.072  3.22842e+75 
1.073  1.99459e+87 
1.074  2.84837e+75 
1.075  2.14645e+87 
1.076  2.24165e+102 
1.077  1.12946e+75 
1.078  4.85477e+78 
1.079  1.89335e+75 
1.08  1.31425e+77 
1.081  2.60982e+78 
1.082  6.84381e+93 
1.083  6.8973e+80 
1.084  2.53368e+70 
1.085  6.13692e+72 
1.086  2.58972e+96 
1.087  4.83048e+93 
1.088  4.51158e+94 
1.089  4.65244e+82 
1.09  9.74662e+78 
1.091  8.51121e+83 
1.092  3.75746e+89 
1.093  1.01407e+85 
1.094  6.7486e+100 
1.095  3.83281e+81 
1.096  9.63255e+112 
1.097  3.65792e+89 
1.098  4.99259e+78 
1.099  5.04238e+81 
1.1  5.19953e+79 
1.101  6.36549e+85 
1.102  5.19981e+88 
1.103  6.97616e+83 
1.104  2.65607e+90 
1.105  4.31258e+77 
1.106  1.91182e+81 
1.107  4.32854e+82 
1.108  1.69335e+81 
1.109  1.02018e+78 
1.11  2.02659e+80 
1.111  2.88434e+77 
1.112  3.10893e+91 
1.113  6.61467e+84 
1.114  3.71079e+74 
1.115  1.47386e+76 
1.116  1.32611e+95 
1.117  4.52661e+74 
1.118  3.85149e+72 
1.119  1.83024e+78 
1.12  3.42274e+78 
1.121  1.0731e+103 
1.122  2.53952e+79 
1.123  1.56888e+78 
1.124  8.45288e+83 
1.125  1.42053e+86 
1.126  8.23132e+84 
1.127  5.30398e+79 
1.128  1.71982e+73 
1.129  6.75924e+71 
1.13  2.80556e+86 
1.131  3.26517e+75 
1.132  1.15947e+75 
1.133  4.2076e+85 
1.134  6.63901e+77 
1.135  1.83058e+80 
1.136  1.11472e+91 
1.137  1.12926e+86 
1.138  2.43268e+74 
1.139  8.13975e+77 
1.14  9.9397e+76 
1.141  1.87739e+96 
1.142  3.08556e+72 
1.143  2.69939e+90 
1.144  9.98909e+83 
1.145  9.8766e+83 
1.146  1.47573e+90 
1.147  1.58192e+71 
1.148  8.88134e+87 
1.149  3.90513e+90 
1.15  1.6305e+94 
1.151  8.67947e+98 
1.152  1.58949e+92 
1.153  1.53531e+91 
1.154  3.3881e+78 
1.155  6.02603e+80 
1.156  3.64094e+84 
1.157  4.91888e+89 
1.158  1.45674e+92 
1.159  1.52207e+82 
1.16  1.4388e+94 
1.161  8.67304e+93 
1.162  7.1602e+74 
1.163  9.54558e+78 
1.164  5.33043e+79 
1.165  1.89651e+78 
1.166  1.17657e+72 
1.167  3.70727e+79 
1.168  1.03212e+77 
1.169  1.78832e+75 
1.17  3.36233e+78 
1.171  2.94926e+77 
1.172  1.08579e+82 
1.173  1.69859e+81 
1.174  3.84288e+86 
1.175  1.78036e+88 
1.176  2.42954e+84 
1.177  2.37613e+78 
1.178  1.33503e+82 
1.179  2.17928e+72 
1.18  1.15038e+97 
1.181  3.69951e+89 
1.182  1.98586e+93 
1.183  7.20156e+79 
1.184  3.29257e+77 
1.185  9.74179e+85 
1.186  2.06492e+83 
1.187  1.23007e+81 
1.188  4.19823e+86 
1.189  5.71889e+93 
1.19  3.30296e+85 
1.191  4.13224e+80 
1.192  2.16979e+79 
1.193  1.03221e+83 
1.194  4.07288e+80 
1.195  2.63026e+79 
1.196  5.15178e+79 
1.197  1.64243e+105 
1.198  1.76981e+93 
1.199  3.91579e+72 
1.2  6.65809e+77 
1.201  3.06147e+80 
1.202  1.44938e+90 
1.203  1.78523e+88 
1.204  4.95919e+88 
1.205  4.29875e+73 
1.206  3.11431e+85 
1.207  6.46433e+92 
1.208  3.5231e+87 
1.209  1.28397e+81 
1.21  5.03856e+84 
1.211  2.16349e+94 
1.212  5.16517e+77 
1.213  3.81187e+82 
1.214  3.22195e+89 
1.215  3.66277e+80 
1.216  2.96117e+81 
1.217  2.83582e+73 
1.218  4.23163e+76 
1.219  1.32371e+94 
1.22  3.71718e+77 
1.221  1.33515e+74 
1.222  6.25348e+108 
1.223  3.56957e+83 
1.224  1.90554e+82 
1.225  2.31908e+77 
1.226  1.57525e+96 
1.227  5.4327e+73 
1.228  1.2098e+89 
1.229  2.15029e+87 
1.23  1.84985e+80 
1.231  1.17227e+82 
1.232  8.20236e+76 
1.233  2.29831e+83 
1.234  8.56343e+82 
1.235  6.4944e+77 
1.236  7.28701e+81 
1.237  9.78501e+89 
1.238  6.66056e+88 
1.239  2.88452e+77 
1.24  8.2303e+76 
1.241  2.92276e+83 
1.242  1.41777e+80 
1.243  1.85935e+84 
1.244  3.76419e+86 
1.245  1.73051e+86 
1.246  4.71133e+79 
1.247  2.03385e+80 
1.248  2.62696e+76 
1.249  4.2626e+74 
1.25  2.96178e+86 
1.251  3.81268e+84 
1.252  1.47562e+83 
1.253  3.06459e+87 
1.254  6.53053e+80 
1.255  2.37944e+93 
1.256  3.34766e+76 
1.257  1.50315e+83 
1.258  1.77279e+86 
1.259  1.61561e+86 
1.26  4.35917e+93 
1.261  6.00776e+81 
1.262  4.86773e+84 
1.263  8.28204e+82 
1.264  2.52265e+88 
1.265  5.18366e+89 
1.266  1.74211e+88 
1.267  1.32559e+82 
1.268  8.82692e+91 
1.269  2.52425e+78 
1.27  1.94418e+74 
1.271  1.16562e+80 
1.272  3.44309e+76 
1.273  3.35314e+72 
1.274  3.75388e+78 
1.275  1.54436e+85 
1.276  2.42371e+98 
1.277  1.26262e+82 
1.278  5.57802e+78 
1.279  2.11658e+81 
1.28  6.63808e+72 
1.281  2.92691e+80 
1.282  4.69533e+94 
1.283  3.4895e+79 
1.284  8.54045e+77 
1.285  5.38844e+71 
1.286  8.4702e+68 
1.287  8.78272e+74 
1.288  8.6488e+74 
1.289  1.46276e+95 
1.29  1.53119e+83 
1.291  6.83676e+83 
1.292  2.26253e+97 
1.293  2.83694e+77 
1.294  4.65334e+88 
1.295  2.10416e+78 
1.296  3.26535e+72 
1.297  6.04692e+80 
1.298  4.38314e+79 
1.299  4.49615e+77 
1.3  1.18098e+86 
1.301  5.70309e+73 
1.302  9.71322e+72 
1.303  1.44873e+81 
1.304  1.79862e+79 
1.305  1.40065e+84 
1.306  2.49183e+102 
1.307  4.54379e+79 
1.308  2.69801e+91 
1.309  1.91027e+75 
1.31  4.56487e+86 
1.311  1.43981e+89 
1.312  3.78643e+78 
1.313  1.37054e+76 
1.314  3.16101e+71 
1.315  9.39796e+87 
1.316  7.73783e+74 
1.317  2.77104e+82 
1.318  4.91575e+101 
1.319  1.58417e+83 
1.32  7.4252e+85 
1.321  1.62409e+78 
1.322  3.05025e+67 
1.323  2.96977e+99 
1.324  5.83536e+85 
1.325  5.64271e+80 
1.326  4.10848e+102 
1.327  1.05623e+81 
1.328  2.11387e+70 
1.329  3.11995e+79 
1.33  2.5859e+80 
1.331  3.06906e+73 
1.332  2.11063e+77 
1.333  1.15241e+81 
1.334  5.85393e+79 
1.335  1.75881e+79 
1.336  1.38217e+81 
1.337  7.15494e+91 
1.338  9.87459e+78 
1.339  6.00832e+81 
1.34  7.9129e+81 
1.341  8.05904e+85 
1.342  1.59592e+86 
1.343  2.39862e+74 
1.344  7.87014e+73 
1.345  1.06543e+83 
1.346  3.68571e+82 
1.347  1.08758e+87 
1.348  1.62541e+79 
1.349  1.25887e+83 
1.35  3.52649e+88 
1.351  5.98129e+77 
1.352  1.05354e+80 
1.353  1.42576e+77 
1.354  3.50648e+87 
1.355  7.25596e+73 
1.356  8.83686e+79 
1.357  8.76769e+77 
1.358  1.01929e+84 
1.359  1.98182e+87 
1.36  2.77709e+85 
1.361  6.13438e+81 
1.362  5.43588e+87 
1.363  1.14106e+80 
1.364  1.53629e+84 
1.365  7.06004e+76 
1.366  3.45698e+96 
1.367  1.38083e+78 
1.368  3.13509e+77 
1.369  9.3608e+81 
1.37  1.2558e+83 
1.371  1.27947e+78 
1.372  4.59394e+86 
1.373  2.68067e+74 
1.374  2.37787e+105 
1.375  2.74886e+81 
1.376  1.43263e+86 
1.377  3.1811e+88 
1.378  1.76226e+76 
1.379  6.58858e+79 
1.38  6.09713e+73 
1.381  9.80464e+73 
1.382  8.98192e+72 
1.383  2.49049e+82 
1.384  2.4435e+83 
1.385  9.60003e+79 
1.386  1.37434e+75 
1.387  6.50625e+75 
1.388  5.89e+70 
1.389  6.8372e+71 
1.39  6.16239e+86 
1.391  2.67931e+75 
1.392  5.94339e+72 
1.393  5.81175e+77 
1.394  2.0238e+87 
1.395  1.61506e+75 
1.396  1.68137e+81 
1.397  5.21175e+88 
1.398  1.16874e+85 
1.399  4.90208e+89 
1.4  1.00004e+93 
1.401  2.57646e+81 
1.402  9.95015e+73 
1.403  5.86129e+92 
1.404  3.42094e+82 
1.405  1.8767e+81 
1.406  4.93004e+85 
1.407  1.58813e+78 
1.408  1.74856e+108 
1.409  2.37725e+87 
1.41  3.38147e+83 
1.411  3.96595e+91 
1.412  1.0352e+72 
1.413  8.20826e+74 
1.414  5.47601e+72 
1.415  5.06969e+77 
1.416  6.43612e+74 
1.417  9.93481e+74 
1.418  4.57186e+79 
1.419  1.17644e+90 
1.42  7.06865e+74 
1.421  3.73711e+77 
1.422  2.71863e+88 
1.423  1.0591e+84 
1.424  1.83966e+82 
1.425  5.53089e+75 
1.426  5.60097e+76 
1.427  4.32712e+92 
1.428  3.94392e+89 
1.429  6.56466e+81 
1.43  2.4297e+80 
1.431  1.02434e+80 
1.432  1.03368e+78 
1.433  1.87423e+75 
1.434  3.46778e+85 
1.435  1.73256e+81 
1.436  4.09411e+70 
1.437  1.26063e+96 
1.438  3.66733e+78 
1.439  3.76618e+74 
1.44  7.4092e+80 
1.441  1.06643e+80 
1.442  7.15485e+82 
1.443  3.85031e+75 
1.444  8.38998e+76 
1.445  1.18939e+80 
1.446  5.28247e+84 
1.447  1.89253e+71 
1.448  1.84024e+79 
1.449  1.15092e+82 
1.45  6.54513e+85 
1.451  2.94095e+79 
1.452  7.51346e+72 
1.453  1.4546e+74 
1.454  3.25556e+74 
1.455  2.93462e+81 
1.456  1.24537e+90 
1.457  1.84403e+68 
1.458  1.64221e+69 
1.459  3.07176e+71 
1.46  4.93604e+79 
1.461  4.62542e+92 
1.462  2.76624e+72 
1.463  1.00673e+74 
1.464  3.43286e+74 
1.465  2.51108e+80 
1.466  1.9698e+77 
1.467  1.99452e+96 
1.468  3.33997e+73 
1.469  2.7653e+76 
1.47  8.75134e+80 
1.471  3.37269e+78 
1.472  4.74438e+86 
1.473  1.9007e+73 
1.474  2.12238e+80 
1.475  1.16589e+87 
1.476  9.19892e+72 
1.477  1.78225e+80 
1.478  1.20096e+78 
1.479  1.49338e+75 
1.48  2.1403e+79 
1.481  1.92865e+80 
1.482  7.03177e+90 
1.483  4.54126e+70 
1.484  1.11682e+72 
1.485  4.67645e+75 
1.486  1.38426e+88 
1.487  9.57116e+70 
1.488  1.31688e+79 
1.489  6.4761e+71 
1.49  7.97691e+74 
1.491  6.32186e+77 
1.492  2.73186e+84 
1.493  7.31508e+88 
1.494  8.66828e+76 
1.495  1.21902e+85 
1.496  1.09961e+75 
1.497  4.039e+70 
1.498  1.04956e+77 
1.499  1.9759e+84 
1.5  6.20896e+76 
1.501  2.66514e+74 
1.502  8.33425e+78 
1.503  3.65374e+71 
1.504  6.02719e+92 
1.505  1.32185e+78 
1.506  5.44396e+82 
1.507  8.68708e+81 
1.508  1.79735e+70 
1.509  8.24006e+85 
1.51  1.25792e+83 
1.511  2.26928e+69 
1.512  2.3788e+79 
1.513  1.17738e+76 
1.514  3.82878e+90 
1.515  1.65264e+84 
1.516  8.07283e+74 
1.517  6.20757e+95 
1.518  1.41917e+83 
1.519  3.84318e+69 
1.52  1.34749e+83 
1.521  5.88358e+70 
1.522  6.89636e+87 
1.523  7.53866e+75 
1.524  2.05141e+79 
1.525  6.69288e+87 
1.526  2.83994e+76 
1.527  5.81224e+95 
1.528  9.42403e+72 
1.529  1.77021e+68 
1.53  1.80481e+68 
1.531  1.15381e+70 
1.532  1.45563e+73 
1.533  2.49235e+63 
1.534  1.14507e+85 
1.535  8.66681e+74 
1.536  2.46709e+83 
1.537  2.90857e+80 
1.538  3.39837e+83 
1.539  4.27532e+80 
1.54  7.05066e+77 
1.541  5.13866e+70 
1.542  1.07332e+69 
1.543  2.06244e+86 
1.544  9.2672e+78 
1.545  9.99179e+80 
1.546  4.1785e+83 
1.547  5.47262e+72 
1.548  3.11256e+72 
1.549  4.29477e+75 
1.55  9.44218e+85 
1.551  8.06459e+67 
1.552  3.10378e+85 
1.553  2.36104e+67 
1.554  7.04285e+80 
1.555  2.93891e+78 
1.556  2.6008e+78 
1.557  8.21466e+67 
1.558  1.42812e+78 
1.559  1.70579e+77 
1.56  9.55098e+85 
1.561  4.49701e+76 
1.562  9.55796e+74 
1.563  1.30061e+69 
1.564  1.59222e+70 
1.565  3.30269e+76 
1.566  2.46723e+84 
1.567  4.96881e+79 
1.568  8.14795e+91 
1.569  2.49544e+72 
1.57  1.62679e+92 
1.571  2.68507e+76 
1.572  7.22475e+69 
1.573  2.56944e+82 
1.574  4.7769e+87 
1.575  2.27258e+75 
1.576  8.52247e+72 
1.577  1.34642e+88 
1.578  8.87341e+78 
1.579  2.00195e+88 
1.58  5.99601e+66 
1.581  5.43869e+77 
1.582  6.94834e+78 
1.583  2.39136e+95 
1.584  6.21785e+67 
1.585  1.11249e+80 
1.586  3.04784e+80 
1.587  2.61503e+74 
1.588  5.08384e+95 
1.589  3.64019e+71 
1.59  2.14123e+75 
1.591  6.13559e+73 
1.592  6.49192e+72 
1.593  5.55877e+71 
1.594  2.14158e+83 
1.595  2.66781e+80 
1.596  2.78843e+80 
1.597  4.40591e+71 
1.598  9.15515e+73 
1.599  3.93332e+90 
1.6  1.25103e+81 
1.601  2.56701e+80 
1.602  4.00843e+88 
1.603  3.23984e+87 
1.604  8.98557e+98 
1.605  6.63221e+83 
1.606  3.1376e+68 
1.607  1.21277e+77 
1.608  1.61591e+72 
1.609  4.5987e+70 
1.61  1.75074e+76 
1.611  1.32465e+120 
1.612  6.47845e+65 
1.613  7.73674e+71 
1.614  1.279e+72 
1.615  1.79129e+100 
1.616  3.52277e+70 
1.617  3.51489e+67 
1.618  5.77056e+73 
1.619  6.61946e+74 
1.62  4.53578e+74 
1.621  1.05768e+74 
1.622  1.01444e+74 
1.623  1.91792e+72 
1.624  1.00999e+69 
1.625  6.30651e+68 
1.626  3.6558e+77 
1.627  6.37874e+70 
1.628  2.07575e+71 
1.629  2.11854e+97 
1.63  6.36779e+79 
1.631  3.60145e+74 
1.632  4.3654e+76 
1.633  4.05767e+76 
1.634  3.6794e+77 
1.635  7.07255e+68 
1.636  1.06461e+72 
1.637  4.0116e+90 
1.638  2.36447e+69 
1.639  7.22217e+85 
1.64  6.60943e+72 
1.641  6.70666e+67 
1.642  2.36465e+102 
1.643  4.56813e+73 
1.644  1.87461e+85 
1.645  1.1574e+76 
1.646  1.10493e+80 
1.647  1.06552e+70 
1.648  2.01077e+84 
1.649  1.33478e+76 
1.65  8.99031e+71 
1.651  1.13854e+76 
1.652  7.59522e+76 
1.653  6.75925e+79 
1.654  5.54491e+80 
1.655  1.8791e+78 
1.656  4.88109e+75 
1.657  9.3716e+89 
1.658  1.07818e+72 
1.659  8.32787e+86 
1.66  5.28185e+72 
1.661  6.55795e+85 
1.662  3.60119e+74 
1.663  1.73973e+71 
1.664  6.75399e+72 
1.665  3.62472e+69 
1.666  3.96927e+73 
1.667  2.63533e+79 
1.668  3.11572e+70 
1.669  6.85383e+81 
1.67  2.98632e+74 
1.671  7.59934e+76 
1.672  1.96506e+66 
1.673  3.97372e+73 
1.674  1.52608e+75 
1.675  2.64854e+69 
1.676  1.39202e+91 
1.677  9.68025e+76 
1.678  2.71659e+75 
1.679  2.22986e+76 
1.68  8.44476e+66 
1.681  1.75037e+87 
1.682  2.90975e+75 
1.683  6.30974e+68 
1.684  4.42811e+78 
1.685  5.92603e+72 
1.686  5.05232e+76 
1.687  3.03316e+84 
1.688  3.32897e+86 
1.689  9.47647e+80 
1.69  1.8868e+99 
1.691  8.1983e+87 
1.692  1.74993e+81 
1.693  4.71963e+90 
1.694  2.09379e+78 
1.695  2.25816e+71 
1.696  1.60262e+90 
1.697  4.497e+70 
1.698  1.30033e+72 
1.699  5.03185e+71 
1.7  1.23022e+73 
1.701  1.65314e+71 
1.702  6.73379e+78 
1.703  3.066e+73 
1.704  5.11336e+75 
1.705  1.21646e+70 
1.706  3.12822e+78 
1.707  3.71709e+72 
1.708  4.97943e+67 
1.709  1.03961e+85 
1.71  1.25645e+74 
1.711  5.28631e+68 
1.712  9.86722e+74 
1.713  4.65591e+92 
1.714  3.72798e+77 
1.715  1.08423e+94 
1.716  2.44077e+79 
1.717  5.67673e+75 
1.718  4.90091e+82 
1.719  1.93121e+74 
1.72  1.39713e+88 
1.721  1.995e+79 
1.722  1.54362e+75 
1.723  3.4376e+78 
1.724  4.67699e+73 
1.725  1.72664e+74 
1.726  3.24518e+71 
1.727  1.50317e+71 
1.728  1.44209e+77 
1.729  8.56421e+72 
1.73  3.54766e+69 
1.731  2.87842e+76 
1.732  9.1328e+73 
1.733  5.49508e+73 
1.734  5.03671e+66 
1.735  9.30242e+75 
1.736  1.39016e+83 
1.737  5.0714e+81 
1.738  7.21818e+80 
1.739  6.81514e+77 
1.74  2.73836e+70 
1.741  6.29344e+74 
1.742  5.19443e+71 
1.743  1.11928e+75 
1.744  1.51147e+75 
1.745  7.94241e+75 
1.746  4.53261e+64 
1.747  2.52927e+72 
1.748  1.7869e+70 
1.749  1.47181e+72 
1.75  1.69041e+82 
1.751  8.62445e+73 
1.752  6.71201e+68 
1.753  6.75461e+82 
1.754  2.00413e+71 
1.755  8.92027e+79 
1.756  2.33946e+68 
1.757  3.03339e+70 
1.758  1.347e+80 
1.759  1.64686e+69 
1.76  2.27482e+77 
1.761  6.69285e+85 
1.762  4.97185e+76 
1.763  3.95438e+72 
1.764  2.14982e+77 
1.765  9.9524e+90 
1.766  6.30399e+74 
1.767  5.50702e+73 
1.768  6.78276e+69 
1.769  1.40648e+80 
1.77  1.05561e+68 
1.771  1.49429e+71 
1.772  1.65203e+66 
1.773  1.02915e+74 
1.774  6.80321e+85 
1.775  5.36973e+78 
1.776  1.36214e+86 
1.777  6.83929e+77 
1.778  4.3924e+74 
1.779  6.85926e+78 
1.78  1.91537e+73 
1.781  1.84431e+75 
1.782  4.22964e+75 
1.783  1.78263e+76 
1.784  2.87357e+79 
1.785  4.40544e+74 
1.786  5.44451e+69 
1.787  9.73402e+79 
1.788  1.03894e+76 
1.789  7.22747e+68 
1.79  3.30661e+77 
1.791  1.01949e+92 
1.792  1.59074e+67 
1.793  1.33844e+66 
1.794  2.22852e+74 
1.795  6.0125e+68 
1.796  7.43947e+72 
1.797  5.48565e+76 
1.798  9.50153e+75 
1.799  1.12848e+65 
1.8  5.69357e+71 
1.801  2.19783e+75 
1.802  1.25948e+75 
1.803  2.58129e+71 
1.804  1.20127e+69 
1.805  9.78793e+74 
1.806  5.0453e+87 
1.807  9.93598e+68 
1.808  8.49744e+70 
1.809  3.86857e+69 
1.81  3.12137e+80 
1.811  3.97793e+77 
1.812  5.22878e+73 
1.813  3.01448e+70 
1.814  6.70625e+78 
1.815  2.86628e+79 
1.816  3.77571e+69 
1.817  5.26304e+91 
1.818  2.33214e+78 
1.819  1.97156e+73 
1.82  2.82305e+62 
1.821  1.38724e+70 
1.822  1.1129e+79 
1.823  1.13527e+68 
1.824  1.90141e+78 
1.825  1.62162e+78 
1.826  1.04645e+76 
1.827  1.41746e+70 
1.828  7.49698e+72 
1.829  1.21199e+98 
1.83  8.54205e+73 
1.831  2.7064e+72 
1.832  9.61291e+84 
1.833  4.34423e+71 
1.834  5.39994e+74 
1.835  2.2199e+66 
1.836  8.19352e+81 
1.837  4.51684e+70 
1.838  5.42818e+66 
1.839  1.13619e+72 
1.84  2.17838e+78 
1.841  6.76379e+73 
1.842  1.02247e+71 
1.843  5.77228e+83 
1.844  2.41222e+72 
1.845  2.10868e+86 
1.846  2.09135e+74 
1.847  2.22945e+70 
1.848  3.12643e+74 
1.849  3.82355e+69 
1.85  2.46926e+73 
1.851  8.1801e+73 
1.852  3.66617e+71 
1.853  1.24472e+74 
1.854  1.5085e+64 
1.855  3.1271e+65 
1.856  8.90786e+65 
1.857  1.27713e+73 
1.858  2.29397e+75 
1.859  5.71227e+71 
1.86  6.62145e+78 
1.861  3.36598e+67 
1.862  4.97716e+68 
1.863  4.07323e+76 
1.864  1.39593e+75 
1.865  7.47615e+73 
1.866  1.85378e+68 
1.867  1.26171e+97 
1.868  1.22999e+76 
1.869  2.55455e+71 
1.87  1.05648e+66 
1.871  2.2531e+76 
1.872  3.50252e+72 
1.873  1.47348e+72 
1.874  4.53556e+72 
1.875  2.18214e+86 
1.876  3.28537e+72 
1.877  2.37926e+65 
1.878  1.19316e+73 
1.879  1.3561e+67 
1.88  9.47697e+70 
1.881  1.31372e+74 
1.882  3.42129e+90 
1.883  5.9013e+75 
1.884  3.88313e+70 
1.885  2.01583e+75 
1.886  1.082e+71 
1.887  2.49567e+78 
1.888  1.10581e+67 
1.889  2.5798e+65 
1.89  6.68313e+82 
1.891  1.36121e+84 
1.892  2.79838e+68 
1.893  1.16415e+73 
1.894  9.34704e+70 
1.895  4.62221e+68 
1.896  2.28176e+80 
1.897  4.34804e+82 
1.898  4.55207e+71 
1.899  1.76392e+80 
1.9  9.79767e+91 
1.901  9.99627e+78 
1.902  8.37714e+70 
1.903  1.08133e+80 
1.904  1.98014e+65 
1.905  6.49761e+65 
1.906  1.11272e+79 
1.907  1.092e+78 
1.908  4.03299e+67 
1.909  3.72009e+67 
1.91  2.54834e+67 
1.911  1.65268e+65 
1.912  7.74419e+72 
1.913  6.47853e+68 
1.914  2.34479e+68 
1.915  3.3657e+64 
1.916  1.49094e+68 
1.917  7.70175e+74 
1.918  3.91736e+71 
1.919  6.07198e+72 
1.92  4.76236e+65 
1.921  3.52044e+71 
1.922  9.50163e+78 
1.923  1.43009e+77 
1.924  1.34483e+73 
1.925  2.30125e+77 
1.926  7.75657e+67 
1.927  2.03451e+83 
1.928  9.83165e+73 
1.929  4.77924e+76 
1.93  1.36415e+73 
1.931  2.49859e+93 
1.932  1.092e+67 
1.933  1.131e+67 
1.934  1.74011e+68 
1.935  5.16625e+66 
1.936  4.09163e+78 
1.937  1.15682e+74 
1.938  3.51528e+75 
1.939  4.47031e+75 
1.94  1.47144e+72 
1.941  2.79714e+79 
1.942  3.34777e+69 
1.943  1.53979e+76 
1.944  2.9623e+62 
1.945  9.15464e+61 
1.946  3.61688e+75 
1.947  7.9172e+67 
1.948  1.24708e+67 
1.949  7.72653e+71 
1.95  2.96941e+70 
1.951  2.94646e+83 
1.952  1.45377e+73 
1.953  8.09687e+75 
1.954  4.45354e+71 
1.955  1.00516e+64 
1.956  2.5513e+62 
1.957  1.30683e+69 
1.958  2.08862e+77 
1.959  2.50813e+91 
1.96  5.58728e+73 
1.961  4.48033e+74 
1.962  2.00335e+68 
1.963  5.74316e+81 
1.964  1.37664e+68 
1.965  3.09391e+86 
1.966  4.94593e+65 
1.967  1.00301e+71 
1.968  2.22323e+73 
1.969  2.21087e+77 
1.97  2.29556e+71 
1.971  3.21579e+69 
1.972  1.40205e+71 
1.973  1.09627e+75 
1.974  7.20216e+70 
1.975  2.30328e+66 
1.976  1.29866e+69 
1.977  4.92022e+62 
1.978  4.57518e+73 
1.979  9.88096e+69 
1.98  1.56541e+90 
1.981  4.25663e+77 
1.982  1.49597e+72 
1.983  2.43371e+79 
1.984  2.20652e+68 
1.985  3.38237e+70 
1.986  1.63005e+72 
1.987  8.64675e+73 
1.988  6.31005e+69 
1.989  1.66665e+69 
1.99  4.83262e+84 
1.991  1.49523e+81 
1.992  1.1128e+69 
1.993  2.12597e+81 
1.994  4.71644e+71 
1.995  2.06514e+78 
1.996  2.32299e+69 
1.997  1.59996e+64 
1.998  3.267e+66 
1.999  9.01373e+67 
2  2.40134e+173 
2.001  1.93262e+31 
2.002  9.42961e+27 
2.003  1.09e+26 
2.004  4.60368e+24 
2.005  3.95485e+23 
2.006  5.32334e+22 
2.007  9.76844e+21 
2.008  2.24892e+21 
2.009  6.15685e+20 
2.01  1.93237e+20 
2.011  6.77387e+19 
2.012  2.60153e+19 
2.013  1.07873e+19 
2.014  4.77474e+18 
2.015  2.23574e+18 
2.016  1.09945e+18 
2.017  5.64449e+17 
2.018  3.01047e+17 
2.019  1.66116e+17 
2.02  9.45019e+16 
2.021  5.52621e+16 
2.022  3.31329e+16 
2.023  2.03223e+16 
2.024  1.2727e+16 
2.025  8.12416e+15 
2.026  5.27815e+15 
2.027  3.48543e+15 
2.028  2.33663e+15 
2.029  1.58862e+15 
2.03  1.0943e+15 
2.031  7.63062e+14 
2.032  5.38219e+14 
2.033  3.8373e+14 
2.034  2.76364e+14 
2.035  2.00942e+14 
2.036  1.47422e+14 
2.037  1.09079e+14 
2.038  8.13599e+13 
2.039  6.11491e+13 
2.04  4.62925e+13 
2.041  3.52873e+13 
2.042  2.70751e+13 
2.043  2.0904e+13 
2.044  1.62358e+13 
2.045  1.26819e+13 
2.046  9.95997e+12 
2.047  7.863e+12 
2.048  6.23853e+12 
2.049  4.97336e+12 
2.05  3.98297e+12 
2.051  3.20388e+12 
2.052  2.58811e+12 
2.053  2.09921e+12 
2.054  1.70934e+12 
2.055  1.39715e+12 
2.056  1.14613e+12 
2.057  9.43517e+11 
2.058  7.79357e+11 
2.059  6.45867e+11 
2.06  5.36936e+11 
2.061  4.47743e+11 
2.062  3.74472e+11 
2.063  3.1409e+11 
2.064  2.64175e+11 
2.065  2.2279e+11 
2.066  1.88378e+11 
2.067  1.59684e+11 
2.068  1.35693e+11 
2.069  1.15581e+11 
2.07  9.86779e+10 
2.071  8.4436e+10 
2.072  7.24075e+10 
2.073  6.22244e+10 
2.074  5.3584e+10 
2.075  4.62361e+10 
2.076  3.9974e+10 
2.077  3.46258e+10 
2.078  3.00489e+10 
2.079  2.61242e+10 
2.08  2.27522e+10 
2.081  1.98495e+10 
2.082  1.73462e+10 
2.083  1.51834e+10 
2.084  1.33115e+10 
2.085  1.16886e+10 
2.086  1.02792e+10 
2.087  9.05322e+09 
2.088  7.98504e+09 
2.089  7.05291e+09 
2.09  6.23825e+09 
2.091  5.52519e+09 
2.092  4.90014e+09 
2.093  4.35145e+09 
2.094  3.86912e+09 
2.095  3.44453e+09 
2.096  3.07028e+09 
2.097  2.73997e+09 
2.098  2.44804e+09 
2.099  2.18973e+09 
2.1  1.96088e+09 
2.101  1.75787e+09 
2.102  1.57759e+09 
2.103  1.41729e+09 
2.104  1.2746e+09 
2.105  1.14744e+09 
2.106  1.034e+09 
2.107  9.32684e+08 
2.108  8.42107e+08 
2.109  7.61043e+08 
2.11  6.8842e+08 
2.111  6.23294e+08 
2.112  5.64833e+08 
2.113  5.12304e+08 
2.114  4.65061e+08 
2.115  4.22532e+08 
2.116  3.84211e+08 
2.117  3.49652e+08 
2.118  3.18457e+08 
2.119  2.90275e+08 
2.12  2.64792e+08 
2.121  2.41731e+08 
2.122  2.20844e+08 
2.123  2.01911e+08 
2.124  1.84736e+08 
2.125  1.69142e+08 
2.126  1.54974e+08 
2.127  1.42091e+08 
2.128  1.30368e+08 
2.129  1.19692e+08 
2.13  1.09964e+08 
2.131  1.01091e+08 
2.132  9.29947e+07 
2.133  8.56005e+07 
2.134  7.88432e+07 
2.135  7.26639e+07 
2.136  6.70093e+07 
2.137  6.18315e+07 
2.138  5.70873e+07 
2.139  5.27375e+07 
2.14  4.87469e+07 
2.141  4.50835e+07 
2.142  4.17186e+07 
2.143  3.86258e+07 
2.144  3.57816e+07 
2.145  3.31644e+07 
2.146  3.07548e+07 
2.147  2.85349e+07 
2.148  2.64887e+07 
2.149  2.46017e+07 
2.15  2.28603e+07 
2.151  2.12527e+07 
2.152  1.97676e+07 
2.153  1.8395e+07 
2.154  1.71258e+07 
2.155  1.59516e+07 
2.156  1.48647e+07 
2.157  1.38581e+07 
2.158  1.29254e+07 
2.159  1.20608e+07 
2.16  1.1259e+07 
2.161  1.0515e+07 
2.162  9.82429e+06 
2.163  9.18282e+06 
2.164  8.58678e+06 
2.165  8.03273e+06 
2.166  7.51745e+06 
2.167  7.03804e+06 
2.168  6.59181e+06 
2.169  6.17627e+06 
2.17  5.78916e+06 
2.171  5.42837e+06 
2.172  5.09199e+06 
2.173  4.77822e+06 
2.174  4.48544e+06 
2.175  4.21213e+06 
2.176  3.9569e+06 
2.177  3.71845e+06 
2.178  3.49559e+06 
2.179  3.28724e+06 
2.18  3.09236e+06 
2.181  2.91003e+06 
2.182  2.73936e+06 
2.183  2.57956e+06 
2.184  2.42988e+06 
2.185  2.28963e+06 
2.186  2.15817e+06 
2.187  2.03491e+06 
2.188  1.91928e+06 
2.189  1.81079e+06 
2.19  1.70896e+06 
2.191  1.61335e+06 
2.192  1.52355e+06 
2.193  1.43917e+06 
2.194  1.35987e+06 
2.195  1.28531e+06 
2.196  1.21519e+06 
2.197  1.14923e+06 
2.198  1.08716e+06 
2.199  1.02872e+06 
2.2  973702 
2.201  921876 
2.202  873046 
2.203  827026 
2.204  783641 
2.205  742728 
2.206  704135 
2.207  667720 
2.208  633351 
2.209  600904 
2.21  570263 
2.211  541319 
2.212  513972 
2.213  488125 
2.214  463690 
2.215  440585 
2.216  418730 
2.217  398053 
2.218  378486 
2.219  359964 
2.22  342426 
2.221  325817 
2.222  310084 
2.223  295176 
2.224  281047 
2.225  267653 
2.226  254952 
2.227  242907 
2.228  231480 
2.229  220637 
2.23  210346 
2.231  200577 
2.232  191301 
2.233  182492 
2.234  174123 
2.235  166171 
2.236  158614 
2.237  151431 
2.238  144601 
2.239  138106 
2.24  131928 
2.241  126051 
2.242  120458 
2.243  115135 
2.244  110067 
2.245  105242 
2.246  100647 
2.247  96270.6 
2.248  92100.6 
2.249  88127 
2.25  84339.8 
2.251  80729.6 
2.252  77287.3 
2.253  74004.7 
2.254  70873.6 
2.255  67886.5 
2.256  65036.4 
2.257  62316.3 
2.258  59719.9 
2.259  57241.2 
2.26  54874.3 
2.261  52613.8 
2.262  50454.6 
2.263  48391.8 
2.264  46420.6 
2.265  44536.8 
2.266  42736 
2.267  41014.5 
2.268  39368.4 
2.269  37794.1 
2.27  36288.3 
2.271  34847.7 
2.272  33469.3 
2.273  32150.2 
2.274  30887.6 
2.275  29679 
2.276  28521.7 
2.277  27413.6 
2.278  26352.3 
2.279  25335.6 
2.28  24361.7 
2.281  23428.4 
2.282  22534 
2.283  21676.8 
2.284  20855 
2.285  20067.1 
2.286  19311.6 
2.287  18587 
2.288  17892 
2.289  17225.2 
2.29  16585.5 
2.291  15971.6 
2.292  15382.4 
2.293  14816.9 
2.294  14274 
2.295  13752.7 
2.296  13252.1 
2.297  12771.3 
2.298  12309.6 
2.299  11865.9 
2.3  11439.7 
2.301  11030.1 
2.302  10636.5 
2.303  10258.1 
2.304  9894.38 
2.305  9544.68 
2.306  9208.43 
2.307  8885.07 
2.308  8574.05 
2.309  8274.88 
2.31  7987.06 
2.311  7710.13 
2.312  7443.64 
2.313  7187.17 
2.314  6940.31 
2.315  6702.68 
2.316  6473.89 
2.317  6253.6 
2.318  6041.46 
2.319  5837.15 
2.32  5640.35 
2.321  5450.77 
2.322  5268.12 
2.323  5092.13 
2.324  4922.53 
2.325  4759.07 
2.326  4601.52 
2.327  4449.64 
2.328  4303.22 
2.329  4162.03 
2.33  4025.88 
2.331  3894.58 
2.332  3767.93 
2.333  3645.76 
2.334  3527.9 
2.335  3414.19 
2.336  3304.46 
2.337  3198.56 
2.338  3096.36 
2.339  2997.71 
2.34  2902.47 
2.341  2810.53 
2.342  2721.75 
2.343  2636.02 
2.344  2553.23 
2.345  2473.27 
2.346  2396.03 
2.347  2321.41 
2.348  2249.32 
2.349  2179.67 
2.35  2112.36 
2.351  2047.3 
2.352  1984.43 
2.353  1923.66 
2.354  1864.91 
2.355  1808.11 
2.356  1753.19 
2.357  1700.09 
2.358  1648.74 
2.359  1599.07 
2.36  1551.02 
2.361  1504.55 
2.362  1459.59 
2.363  1416.09 
2.364  1374 
2.365  1333.28 
2.366  1293.86 
2.367  1255.71 
2.368  1218.78 
2.369  1183.03 
2.37  1148.43 
2.371  1114.92 
2.372  1082.47 
2.373  1051.05 
2.374  1020.63 
2.375  991.157 
2.376  962.612 
2.377  934.96 
2.378  908.171 
2.379  882.216 
2.38  857.067 
2.381  832.698 
2.382  809.081 
2.383  786.192 
2.384  764.006 
2.385  742.501 
2.386  721.653 
2.387  701.441 
2.388  681.844 
2.389  662.842 
2.39  644.415 
2.391  626.545 
2.392  609.213 
2.393  592.401 
2.394  576.094 
2.395  560.273 
2.396  544.925 
2.397  530.033 
2.398  515.584 
2.399  501.562 
2.4  487.954 
2.401  474.747 
2.402  461.928 
2.403  449.484 
2.404  437.405 
2.405  425.678 
2.406  414.292 
2.407  403.237 
2.408  392.502 
2.409  382.077 
2.41  371.953 
2.411  362.12 
2.412  352.569 
2.413  343.291 
2.414  334.278 
2.415  325.522 
2.416  317.015 
2.417  308.749 
2.418  300.717 
2.419  292.911 
2.42  285.325 
2.421  277.952 
2.422  270.786 
2.423  263.82 
2.424  257.049 
2.425  250.466 
2.426  244.065 
2.427  237.842 
2.428  231.791 
2.429  225.907 
2.43  220.185 
2.431  214.62 
2.432  209.207 
2.433  203.942 
2.434  198.821 
2.435  193.839 
2.436  188.993 
2.437  184.277 
2.438  179.69 
2.439  175.225 
2.44  170.881 
2.441  166.654 
2.442  162.54 
2.443  158.535 
2.444  154.638 
2.445  150.844 
2.446  147.151 
2.447  143.556 
2.448  140.056 
2.449  136.648 
2.45  133.33 
2.451  130.1 
2.452  126.953 
2.453  123.89 
2.454  120.906 
2.455  118 
2.456  115.169 
2.457  112.412 
2.458  109.726 
2.459  107.11 
2.46  104.561 
2.461  102.077 
2.462  99.6574 
2.463  97.2997 
2.464  95.0022 
2.465  92.7633 
2.466  90.5815 
2.467  88.455 
2.468  86.3825 
2.469  84.3624 
2.47  82.3933 
2.471  80.4738 
2.472  78.6026 
2.473  76.7783 
2.474  74.9997 
2.475  73.2656 
2.476  71.5747 
2.477  69.9259 
2.478  68.3181 
2.479  66.7501 
2.48  65.221 
2.481  63.7296 
2.482  62.2749 
2.483  60.856 
2.484  59.472 
2.485  58.1219 
2.486  56.8048 
2.487  55.5198 
2.488  54.2661 
2.489  53.0429 
2.49  51.8494 
2.491  50.6848 
2.492  49.5484 
2.493  48.4393 
2.494  47.357 
2.495  46.3007 
2.496  45.2697 
2.497  44.2634 
2.498  43.2811 
2.499  42.3222 
2.5  41.3862 
2.501  40.4725 
2.502  39.5804 
2.503  38.7094 
2.504  37.859 
2.505  37.0286 
2.506  36.2178 
2.507  35.4261 
2.508  34.6529 
2.509  33.8978 
2.51  33.1604 
2.511  32.4401 
2.512  31.7366 
2.513  31.0495 
2.514  30.3783 
2.515  29.7227 
2.516  29.0822 
2.517  28.4565 
2.518  27.8452 
2.519  27.248 
2.52  26.6644 
2.521  26.0942 
2.522  25.5371 
2.523  24.9927 
2.524  24.4607 
2.525  23.9408 
2.526  23.4327 
2.527  22.9361 
2.528  22.4508 
2.529  21.9764 
2.53  21.5127 
2.531  21.0594 
2.532  20.6164 
2.533  20.1833 
2.534  19.7598 
2.535  19.3459 
2.536  18.9412 
2.537  18.5455 
2.538  18.1586 
2.539  17.7803 
2.54  17.4103 
2.541  17.0486 
2.542  16.6949 
2.543  16.3489 
2.544  16.0106 
2.545  15.6798 
2.546  15.3561 
2.547  15.0396 
2.548  14.73 
2.549  14.4272 
2.55  14.1309 
2.551  13.8412 
2.552  13.5577 
2.553  13.2803 
2.554  13.009 
2.555  12.7436 
2.556  12.4838 
2.557  12.2297 
2.558  11.9811 
2.559  11.7378 
2.56  11.4997 
2.561  11.2667 
2.562  11.0387 
2.563  10.8156 
2.564  10.5972 
2.565  10.3835 
2.566  10.1743 
2.567  9.96958 
2.568  9.76918 
2.569  9.57303 
2.57  9.38102 
2.571  9.19307 
2.572  9.00907 
2.573  8.82894 
2.574  8.6526 
2.575  8.47996 
2.576  8.31093 
2.577  8.14543 
2.578  7.9834 
2.579  7.82474 
2.58  7.66938 
2.581  7.51725 
2.582  7.36828 
2.583  7.2224 
2.584  7.07954 
2.585  6.93963 
2.586  6.80261 
2.587  6.66842 
2.588  6.53698 
2.589  6.40825 
2.59  6.28216 
2.591  6.15865 
2.592  6.03767 
2.593  5.91916 
2.594  5.80307 
2.595  5.68935 
2.596  5.57794 
2.597  5.4688 
2.598  5.36187 
2.599  5.25711 
2.6  5.15447 
2.601  5.0539 
2.602  4.95537 
2.603  4.85882 
2.604  4.76421 
2.605  4.67151 
2.606  4.58067 
2.607  4.49165 
2.608  4.40441 
2.609  4.31892 
2.61  4.23514 
2.611  4.15303 
2.612  4.07255 
2.613  3.99368 
2.614  3.91637 
2.615  3.8406 
2.616  3.76633 
2.617  3.69353 
2.618  3.62217 
2.619  3.55222 
2.62  3.48365 
2.621  3.41643 
2.622  3.35053 
2.623  3.28593 
2.624  3.2226 
2.625  3.1605 
2.626  3.09963 
2.627  3.03994 
2.628  2.98143 
2.629  2.92405 
2.63  2.86779 
2.631  2.81263 
2.632  2.75854 
2.633  2.7055 
2.634  2.65349 
2.635  2.60249 
2.636  2.55247 
2.637  2.50343 
2.638  2.45533 
2.639  2.40816 
2.64  2.36189 
2.641  2.31652 
2.642  2.27202 
2.643  2.22838 
2.644  2.18557 
2.645  2.14359 
2.646  2.1024 
2.647  2.06201 
2.648  2.02239 
2.649  1.98352 
2.65  1.9454 
2.651  1.908 
2.652  1.87131 
2.653  1.83532 
2.654  1.80002 
2.655  1.76538 
2.656  1.7314 
2.657  1.69807 
2.658  1.66536 
2.659  1.63328 
2.66  1.6018 
2.661  1.57091 
2.662  1.54061 
2.663  1.51087 
2.664  1.4817 
2.665  1.45307 
2.666  1.42499 
2.667  1.39743 
2.668  1.37038 
2.669  1.34384 
2.67  1.3178 
2.671  1.29225 
2.672  1.26717 
2.673  1.24256 
2.674  1.21841 
2.675  1.19471 
2.676  1.17145 
2.677  1.14863 
2.678  1.12623 
2.679  1.10424 
2.68  1.08266 
2.681  1.06149 
2.682  1.0407 
2.683  1.0203 
2.684  1.00028 
2.685  0.980629 
2.686  0.96134 
2.687  0.942407 
2.688  0.923824 
2.689  0.905583 
2.69  0.887678 
2.691  0.870103 
2.692  0.852852 
2.693  0.835917 
2.694  0.819294 
2.695  0.802976 
2.696  0.786958 
2.697  0.771233 
2.698  0.755797 
2.699  0.740643 
2.7  0.725767 
2.701  0.711163 
2.702  0.696826 
2.703  0.682751 
2.704  0.668933 
2.705  0.655368 
2.706  0.64205 
2.707  0.628975 
2.708  0.616138 
2.709  0.603535 
2.71  0.591162 
2.711  0.579014 
2.712  0.567086 
2.713  0.555376 
2.714  0.543879 
2.715  0.53259 
2.716  0.521507 
2.717  0.510625 
2.718  0.49994 
2.719  0.489449 
2.72  0.479148 
2.721  0.469034 
2.722  0.459104 
2.723  0.449353 
2.724  0.439779 
2.725  0.430378 
2.726  0.421147 
2.727  0.412083 
2.728  0.403183 
2.729  0.394445 
2.73  0.385864 
2.731  0.377438 
2.732  0.369165 
2.733  0.361041 
2.734  0.353063 
2.735  0.34523 
2.736  0.337539 
2.737  0.329986 
2.738  0.32257 
2.739  0.315287 
2.74  0.308136 
2.741  0.301114 
2.742  0.294219 
2.743  0.287448 
2.744  0.280799 
2.745  0.27427 
2.746  0.26786 
2.747  0.261564 
2.748  0.255383 
2.749  0.249313 
2.75  0.243352 
2.751  0.237499 
2.752  0.231752 
2.753  0.226109 
2.754  0.220567 
2.755  0.215126 
2.756  0.209782 
2.757  0.204536 
2.758  0.199384 
2.759  0.194325 
2.76  0.189357 
2.761  0.18448 
2.762  0.17969 
2.763  0.174988 
2.764  0.17037 
2.765  0.165836 
2.766  0.161384 
2.767  0.157013 
2.768  0.152721 
2.769  0.148506 
2.77  0.144368 
2.771  0.140306 
2.772  0.136317 
2.773  0.1324 
2.774  0.128555 
2.775  0.124779 
2.776  0.121072 
2.777  0.117433 
2.778  0.11386 
2.779  0.110352 
2.78  0.106908 
2.781  0.103527 
2.782  0.100207 
2.783  0.0969487 
2.784  0.0937495 
2.785  0.0906089 
2.786  0.0875258 
2.787  0.0844993 
2.788  0.0815283 
2.789  0.0786118 
2.79  0.0757489 
2.791  0.0729387 
2.792  0.0701802 
2.793  0.0674726 
2.794  0.0648149 
2.795  0.0622064 
2.796  0.059646 
2.797  0.0571331 
2.798  0.0546667 
2.799  0.052246 
2.8  0.0498704 
2.801  0.0475389 
2.802  0.0452508 
2.803  0.0430054 
2.804  0.0408019 
2.805  0.0386396 
2.806  0.0365177 
2.807  0.0344357 
2.808  0.0323927 
2.809  0.0303882 
2.81  0.0284214 
2.811  0.0264916 
2.812  0.0245984 
2.813  0.0227409 
2.814  0.0209187 
2.815  0.0191311 
2.816  0.0173774 
2.817  0.0156572 
2.818  0.0139698 
2.819  0.0123146 
2.82  0.0106912 
2.821  0.00909896 
2.822  0.00753733 
2.823  0.0060058 
2.824  0.00450386 
2.825  0.00303099 
2.826  0.0015867 
2.827  0.00017048 
2.828  -0.00121814 
2.829  -0.00257963 
2.83  -0.00391447 
2.831  -0.0052231 
2.832  -0.00650599 
2.833  -0.00776357 
2.834  -0.00899628 
2.835  -0.0102045 
2.836  -0.0113888 
2.837  -0.0125494 
2.838  -0.0136868 
2.839  -0.0148014 
2.84  -0.0158936 
2.841  -0.0169638 
2.842  -0.0180123 
2.843  -0.0190395 
2.844  -0.0200458 
2.845  -0.0210316 
2.846  -0.0219971 
2.847  -0.0229428 
2.848  -0.023869 
2.849  -0.024776 
2.85  -0.0256641 
2.851  -0.0265337 
2.852  -0.0273851 
2.853  -0.0282185 
2.854  -0.0290344 
2.855  -0.029833 
2.856  -0.0306146 
2.857  -0.0313795 
2.858  -0.032128 
2.859  -0.0328603 
2.86  -0.0335768 
2.861  -0.0342777 
2.862  -0.0349633 
2.863  -0.0356338 
2.864  -0.0362895 
2.865  -0.0369307 
2.866  -0.0375576 
2.867  -0.0381704 
2.868  -0.0387695 
2.869  -0.039355 
2.87  -0.0399271 
2.871  -0.0404861 
2.872  -0.0410323 
2.873  -0.0415658 
2.874  -0.0420868 
2.875  -0.0425956 
2.876  -0.0430925 
2.877  -0.0435775 
2.878  -0.0440509 
2.879  -0.0445129 
2.88  -0.0449636 
2.881  -0.0454034 
2.882  -0.0458324 
2.883  -0.0462507 
2.884  -0.0466586 
2.885  -0.0470562 
2.886  -0.0474437 
2.887  -0.0478212 
2.888  -0.0481891 
2.889  -0.0485473 
2.89  -0.0488962 
2.891  -0.0492358 
2.892  -0.0495663 
2.893  -0.0498879 
2.894  -0.0502007 
2.895  -0.0505049 
2.896  -0.0508006 
2.897  -0.051088 
2.898  -0.0513672 
2.899  -0.0516384 
2.9  -0.0519017 
2.901  -0.0521572 
2.902  -0.0524052 
2.903  -0.0526456 
2.904  -0.0528787 
2.905  -0.0531045 
2.906  -0.0533233 
2.907  -0.053535 
2.908  -0.05374 
2.909  -0.0539382 
2.91  -0.0541298 
2.911  -0.0543148 
2.912  -0.0544936 
2.913  -0.054666 
2.914  -0.0548323 
2.915  -0.0549925 
2.916  -0.0551468 
2.917  -0.0552953 
2.918  -0.055438 
2.919  -0.0555752 
2.92  -0.0557067 
2.921  -0.0558329 
2.922  -0.0559537 
2.923  -0.0560693 
2.924  -0.0561798 
2.925  -0.0562852 
2.926  -0.0563856 
2.927  -0.0564812 
2.928  -0.056572 
2.929  -0.0566581 
2.93  -0.0567396 
2.931  -0.0568166 
2.932  -0.0568891 
2.933  -0.0569573 
2.934  -0.0570212 
2.935  -0.0570809 
2.936  -0.0571365 
2.937  -0.057188 
2.938  -0.0572355 
2.939  -0.0572791 
2.94  -0.057319 
2.941  -0.057355 
2.942  -0.0573874 
2.943  -0.0574161 
2.944  -0.0574413 
2.945  -0.057463 
2.946  -0.0574812 
2.947  -0.0574962 
2.948  -0.0575078 
2.949  -0.0575162 
2.95  -0.0575214 
2.951  -0.0575235 
2.952  -0.0575226 
2.953  -0.0575186 
2.954  -0.0575117 
2.955  -0.057502 
2.956  -0.0574894 
2.957  -0.057474 
2.958  -0.057456 
2.959  -0.0574352 
2.96  -0.0574119 
2.961  -0.057386 
2.962  -0.0573576 
2.963  -0.0573267 
2.964  -0.0572934 
2.965  -0.0572577 
2.966  -0.0572197 
2.967  -0.0571794 
2.968  -0.057137 
2.969  -0.0570923 
2.97  -0.0570455 
2.971  -0.0569965 
2.972  -0.0569456 
2.973  -0.0568926 
2.974  -0.0568376 
2.975  -0.0567808 
2.976  -0.056722 
2.977  -0.0566614 
2.978  -0.0565989 
2.979  -0.0565347 
2.98  -0.0564687 
2.981  -0.0564011 
2.982  -0.0563317 
2.983  -0.0562608 
2.984  -0.0561882 
2.985  -0.0561141 
2.986  -0.0560384 
2.987  -0.0559613 
2.988  -0.0558826 
2.989  -0.0558026 
2.99  -0.0557211 
2.991  -0.0556383 
2.992  -0.0555542 
2.993  -0.0554687 
2.994  -0.0553819 
2.995  -0.0552939 
2.996  -0.0552047 
2.997  -0.0551143 
2.998  -0.0550227 
2.999  -0.05493 
3  -0.0548361 
3.001  -0.0547412 
3.002  -0.0546452 
3.003  -0.0545482 
3.004  -0.0544501 
3.005  -0.0543511 
3.006  -0.0542511 
3.007  -0.0541502 
3.008  -0.0540483 
3.009  -0.0539456 
3.01  -0.053842 
3.011  -0.0537375 
3.012  -0.0536322 
3.013  -0.0535261 
3.014  -0.0534192 
3.015  -0.0533116 
3.016  -0.0532032 
3.017  -0.0530941 
3.018  -0.0529842 
3.019  -0.0528737 
3.02  -0.0527626 
3.021  -0.0526507 
3.022  -0.0525383 
3.023  -0.0524252 
3.024  -0.0523115 
3.025  -0.0521973 
3.026  -0.0520825 
3.027  -0.0519672 
3.028  -0.0518513 
3.029  -0.0517349 
3.03  -0.051618 
3.031  -0.0515007 
3.032  -0.0513829 
3.033  -0.0512646 
3.034  -0.0511459 
3.035  -0.0510268 
3.036  -0.0509073 
3.037  -0.0507874 
3.038  -0.0506671 
3.039  -0.0505464 
3.04  -0.0504254 
3.041  -0.0503041 
3.042  -0.0501824 
3.043  -0.0500605 
3.044  -0.0499382 
3.045  -0.0498156 
3.046  -0.0496928 
3.047  -0.0495697 
3.048  -0.0494464 
3.049  -0.0493228 
3.05  -0.049199 
3.051  -0.049075 
3.052  -0.0489508 
3.053  -0.0488264 
3.054  -0.0487018 
3.055  -0.048577 
3.056  -0.048452 
3.057  -0.0483269 
3.058  -0.0482017 
3.059  -0.0480763 
3.06  -0.0479508 
3.061  -0.0478252 
3.062  -0.0476995 
3.063  -0.0475737 
3.064  -0.0474478 
3.065  -0.0473218 
3.066  -0.0471957 
3.067  -0.0470696 
3.068  -0.0469434 
3.069  -0.0468172 
3.07  -0.0466909 
3.071  -0.0465646 
3.072  -0.0464383 
3.073  -0.0463119 
3.074  -0.0461855 
3.075  -0.0460592 
3.076  -0.0459328 
3.077  -0.0458065 
3.078  -0.0456801 
3.079  -0.0455538 
3.08  -0.0454276 
3.081  -0.0453013 
3.082  -0.0451751 
3.083  -0.045049 
3.084  -0.0449229 
3.085  -0.0447969 
3.086  -0.0446709 
3.087  -0.044545 
3.088  -0.0444192 
3.089  -0.0442935 
3.09  -0.0441678 
3.091  -0.0440423 
3.092  -0.0439168 
3.093  -0.0437915 
3.094  -0.0436662 
3.095  -0.0435411 
3.096  -0.0434161 
3.097  -0.0432912 
3.098  -0.0431665 
3.099  -0.0430419 
3.1  -0.0429174 
3.101  -0.042793 
3.102  -0.0426688 
3.103  -0.0425448 
3.104  -0.0424209 
3.105  -0.0422972 
3.106  -0.0421736 
3.107  -0.0420502 
3.108  -0.0419269 
3.109  -0.0418039 
3.11  -0.041681 
3.111  -0.0415583 
3.112  -0.0414357 
3.113  -0.0413134 
3.114  -0.0411912 
3.115  -0.0410692 
3.116  -0.0409475 
3.117  -0.0408259 
3.118  -0.0407045 
3.119  -0.0405834 
3.12  -0.0404624 
3.121  -0.0403416 
3.122  -0.0402211 
3.123  -0.0401008 
3.124  -0.0399807 
3.125  -0.0398608 
3.126  -0.0397411 
3.127  -0.0396217 
3.128  -0.0395025 
3.129  -0.0393835 
3.13  -0.0392647 
3.131  -0.0391462 
3.132  -0.0390279 
3.133  -0.0389099 
3.134  -0.0387921 
3.135  -0.0386745 
3.136  -0.0385572 
3.137  -0.0384402 
3.138  -0.0383233 
3.139  -0.0382068 
3.14  -0.0380904 
3.141  -0.0379744 
3.142  -0.0378586 
3.143  -0.037743 
3.144  -0.0376277 
3.145  -0.0375127 
3.146  -0.0373979 
3.147  -0.0372834 
3.148  -0.0371691 
3.149  -0.0370552 
3.15  -0.0369414 
3.151  -0.036828 
3.152  -0.0367148 
3.153  -0.0366019 
3.154  -0.0364892 
3.155  -0.0363769 
3.156  -0.0362648 
3.157  -0.036153 
3.158  -0.0360414 
3.159  -0.0359301 
3.16  -0.0358191 
3.161  -0.0357084 
3.162  -0.035598 
3.163  -0.0354878 
3.164  -0.035378 
3.165  -0.0352684 
3.166  -0.035159 
3.167  -0.03505 
3.168  -0.0349413 
3.169  -0.0348328 
3.17  -0.0347246 
3.171  -0.0346167 
3.172  -0.0345091 
3.173  -0.0344018 
3.174  -0.0342948 
3.175  -0.034188 
3.176  -0.0340816 
3.177  -0.0339754 
3.178  -0.0338695 
3.179  -0.0337639 
3.18  -0.0336586 
3.181  -0.0335536 
3.182  -0.0334489 
3.183  -0.0333445 
3.184  -0.0332403 
3.185  -0.0331365 
3.186  -0.0330329 
3.187  -0.0329297 
3.188  -0.0328267 
3.189  -0.032724 
3.19  -0.0326216 
3.191  -0.0325195 
3.192  -0.0324177 
3.193  -0.0323162 
3.194  -0.032215 
3.195  -0.0321141 
3.196  -0.0320135 
3.197  -0.0319131 
3.198  -0.0318131 
3.199  -0.0317133 
3.2  -0.0316139 
3.201  -0.0315147 
3.202  -0.0314158 
3.203  -0.0313172 
3.204  -0.0312189 
3.205  -0.0311209 
3.206  -0.0310232 
3.207  -0.0309258 
3.208  -0.0308287 
3.209  -0.0307319 
3.21  -0.0306353 
3.211  -0.0305391 
3.212  -0.0304431 
3.213  -0.0303475 
3.214  -0.0302521 
3.215  -0.030157 
3.216  -0.0300622 
3.217  -0.0299677 
3.218  -0.0298735 
3.219  -0.0297796 
3.22  -0.029686 
3.221  -0.0295926 
3.222  -0.0294996 
3.223  -0.0294068 
3.224  -0.0293143 
3.225  -0.0292221 
3.226  -0.0291302 
3.227  -0.0290386 
3.228  -0.0289473 
3.229  -0.0288562 
3.23  -0.0287655 
3.231  -0.028675 
3.232  -0.0285848 
3.233  -0.0284949 
3.234  -0.0284053 
3.235  -0.0283159 
3.236  -0.0282269 
3.237  -0.0281381 
3.238  -0.0280496 
3.239  -0.0279614 
3.24  -0.0278735 
3.241  -0.0277859 
3.242  -0.0276985 
3.243  -0.0276114 
3.244  -0.0275246 
3.245  -0.0274381 
3.246  -0.0273518 
3.247  -0.0272659 
3.248  -0.0271802 
3.249  -0.0270948 
3.25  -0.0270096 
3.251  -0.0269248 
3.252  -0.0268402 
3.253  -0.0267559 
3.254  -0.0266718 
3.255  -0.0265881 
3.256  -0.0265046 
3.257  -0.0264213 
3.258  -0.0263384 
3.259  -0.0262557 
3.26  -0.0261733 
3.261  -0.0260912 
3.262  -0.0260093 
3.263  -0.0259277 
3.264  -0.0258464 
3.265  -0.0257653 
3.266  -0.0256845 
3.267  -0.025604 
3.268  -0.0255237 
3.269  -0.0254437 
3.27  -0.025364 
3.271  -0.0252845 
3.272  -0.0252053 
3.273  -0.0251264 
3.274  -0.0250477 
3.275  -0.0249693 
3.276  -0.0248911 
3.277  -0.0248132 
3.278  -0.0247356 
3.279  -0.0246582 
3.28  -0.024581 
3.281  -0.0245042 
3.282  -0.0244276 
3.283  -0.0243512 
3.284  -0.0242751 
3.285  -0.0241993 
3.286  -0.0241237 
3.287  -0.0240483 
3.288  -0.0239732 
3.289  -0.0238984 
3.29  -0.0238238 
3.291  -0.0237495 
3.292  -0.0236754 
3.293  -0.0236016 
3.294  -0.023528 
3.295  -0.0234546 
3.296  -0.0233816 
3.297  -0.0233087 
3.298  -0.0232361 
3.299  -0.0231638 
3.3  -0.0230917 
3.301  -0.0230198 
3.302  -0.0229482 
3.303  -0.0228768 
3.304  -0.0228056 
3.305  -0.0227347 
3.306  -0.0226641 
3.307  -0.0225937 
3.308  -0.0225235 
3.309  -0.0224535 
3.31  -0.0223838 
3.311  -0.0223144 
3.312  -0.0222451 
3.313  -0.0221761 
3.314  -0.0221074 
3.315  -0.0220388 
3.316  -0.0219705 
3.317  -0.0219025 
3.318  -0.0218347 
3.319  -0.0217671 
3.32  -0.0216997 
3.321  -0.0216325 
3.322  -0.0215656 
3.323  -0.0214989 
3.324  -0.0214325 
3.325  -0.0213663 
3.326  -0.0213002 
3.327  -0.0212345 
3.328  -0.0211689 
3.329  -0.0211036 
3.33  -0.0210385 
3.331  -0.0209736 
3.332  -0.0209089 
3.333  -0.0208445 
3.334  -0.0207803 
3.335  -0.0207163 
3.336  -0.0206525 
3.337  -0.0205889 
3.338  -0.0205256 
3.339  -0.0204624 
3.34  -0.0203995 
3.341  -0.0203368 
3.342  -0.0202743 
3.343  -0.0202121 
3.344  -0.02015 
3.345  -0.0200882 
3.346  -0.0200265 
3.347  -0.0199651 
3.348  -0.0199039 
3.349  -0.0198429 
3.35  -0.0197821 
3.351  -0.0197215 
3.352  -0.0196612 
3.353  -0.019601 
3.354  -0.019541 
3.355  -0.0194813 
3.356  -0.0194217 
3.357  -0.0193624 
3.358  -0.0193032 
3.359  -0.0192443 
3.36  -0.0191856 
3.361  -0.019127 
3.362  -0.0190687 
3.363  -0.0190106 
3.364  -0.0189526 
3.365  -0.0188949 
3.366  -0.0188374 
3.367  -0.01878 
3.368  -0.0187229 
3.369  -0.0186659 
3.37  -0.0186092 
3.371  -0.0185526 
3.372  -0.0184963 
3.373  -0.0184401 
3.374  -0.0183841 
3.375  -0.0183283 
3.376  -0.0182727 
3.377  -0.0182173 
3.378  -0.0181621 
3.379  -0.0181071 
3.38  -0.0180523 
3.381  -0.0179976 
3.382  -0.0179432 
3.383  -0.0178889 
3.384  -0.0178348 
3.385  -0.017781 
3.386  -0.0177272 
3.387  -0.0176737 
3.388  -0.0176204 
3.389  -0.0175672 
3.39  -0.0175142 
3.391  -0.0174614 
3.392  -0.0174088 
3.393  -0.0173564 
3.394  -0.0173042 
3.395  -0.0172521 
3.396  -0.0172002 
3.397  -0.0171485 
3.398  -0.0170969 
3.399  -0.0170456 
3.4  -0.0169944 
3.401  -0.0169434 
3.402  -0.0168925 
3.403  -0.0168419 
3.404  -0.0167914 
3.405  -0.0167411 
3.406  -0.0166909 
3.407  -0.016641 
3.408  -0.0165912 
3.409  -0.0165415 
3.41  -0.0164921 
3.411  -0.0164428 
3.412  -0.0163937 
3.413  -0.0163447 
3.414  -0.016296 
3.415  -0.0162473 
3.416  -0.0161989 
3.417  -0.0161506 
3.418  -0.0161025 
3.419  -0.0160545 
3.42  -0.0160067 
3.421  -0.0159591 
3.422  -0.0159117 
3.423  -0.0158644 
3.424  -0.0158172 
3.425  -0.0157702 
3.426  -0.0157234 
3.427  -0.0156768 
3.428  -0.0156303 
3.429  -0.0155839 
3.43  -0.0155378 
3.431  -0.0154917 
3.432  -0.0154459 
3.433  -0.0154002 
3.434  -0.0153546 
3.435  -0.0153092 
3.436  -0.015264 
3.437  -0.0152189 
3.438  -0.015174 
3.439  -0.0151292 
3.44  -0.0150845 
3.441  -0.0150401 
3.442  -0.0149957 
3.443  -0.0149516 
3.444  -0.0149075 
3.445  -0.0148637 
3.446  -0.01482 
3.447  -0.0147764 
3.448  -0.014733 
3.449  -0.0146897 
3.45  -0.0146465 
3.451  -0.0146036 
3.452  -0.0145607 
3.453  -0.014518 
3.454  -0.0144755 
3.455  -0.0144331 
3.456  -0.0143908 
3.457  -0.0143487 
3.458  -0.0143067 
3.459  -0.0142649 
3.46  -0.0142232 
3.461  -0.0141817 
3.462  -0.0141403 
3.463  -0.014099 
3.464  -0.0140579 
3.465  -0.0140169 
3.466  -0.013976 
3.467  -0.0139353 
3.468  -0.0138948 
3.469  -0.0138543 
3.47  -0.013814 
3.471  -0.0137739 
3.472  -0.0137338 
3.473  -0.0136939 
3.474  -0.0136542 
3.475  -0.0136146 
3.476  -0.0135751 
3.477  -0.0135357 
3.478  -0.0134965 
3.479  -0.0134574 
3.48  -0.0134185 
3.481  -0.0133796 
3.482  -0.013341 
3.483  -0.0133024 
3.484  -0.013264 
3.485  -0.0132257 
3.486  -0.0131875 
3.487  -0.0131494 
3.488  -0.0131115 
3.489  -0.0130737 
3.49  -0.0130361 
3.491  -0.0129985 
3.492  -0.0129611 
3.493  -0.0129238 
3.494  -0.0128867 
3.495  -0.0128496 
3.496  -0.0128127 
3.497  -0.0127759 
3.498  -0.0127393 
3.499  -0.0127027 
3.5  -0.0126663 
3.501  -0.01263 
3.502  -0.0125938 
3.503  -0.0125578 
3.504  -0.0125219 
3.505  -0.0124861 
3.506  -0.0124504 
3.507  -0.0124148 
3.508  -0.0123793 
3.509  -0.012344 
3.51  -0.0123088 
3.511  -0.0122737 
3.512  -0.0122387 
3.513  -0.0122038 
3.514  -0.0121691 
3.515  -0.0121345 
3.516  -0.0120999 
3.517  -0.0120655 
3.518  -0.0120312 
3.519  -0.0119971 
3.52  -0.011963 
3.521  -0.0119291 
3.522  -0.0118952 
3.523  -0.0118615 
3.524  -0.0118279 
3.525  -0.0117944 
3.526  -0.011761 
3.527  -0.0117278 
3.528  -0.0116946 
3.529  -0.0116615 
3.53  -0.0116286 
3.531  -0.0115958 
3.532  -0.011563 
3.533  -0.0115304 
3.534  -0.0114979 
3.535  -0.0114655 
3.536  -0.0114332 
3.537  -0.011401 
3.538  -0.0113689 
3.539  -0.011337 
3.54  -0.0113051 
3.541  -0.0112733 
3.542  -0.0112417 
3.543  -0.0112101 
3.544  -0.0111787 
3.545  -0.0111473 
3.546  -0.0111161 
3.547  -0.0110849 
3.548  -0.0110539 
3.549  -0.011023 
3.55  -0.0109921 
3.551  -0.0109614 
3.552  -0.0109308 
3.553  -0.0109002 
3.554  -0.0108698 
3.555  -0.0108395 
3.556  -0.0108093 
3.557  -0.0107791 
3.558  -0.0107491 
3.559  -0.0107192 
3.56  -0.0106893 
3.561  -0.0106596 
3.562  -0.0106299 
3.563  -0.0106004 
3.564  -0.010571 
3.565  -0.0105416 
3.566  -0.0105124 
3.567  -0.0104832 
3.568  -0.0104541 
3.569  -0.0104252 
3.57  -0.0103963 
3.571  -0.0103675 
3.572  -0.0103388 
3.573  -0.0103102 
3.574  -0.0102818 
3.575  -0.0102533 
3.576  -0.010225 
3.577  -0.0101968 
3.578  -0.0101687 
3.579  -0.0101407 
3.58  -0.0101127 
3.581  -0.0100849 
3.582  -0.0100571 
3.583  -0.0100294 
3.584  -0.0100018 
3.585  -0.00997435 
3.586  -0.00994694 
3.587  -0.00991963 
3.588  -0.0098924 
3.589  -0.00986526 
3.59  -0.00983821 
3.591  -0.00981125 
3.592  -0.00978438 
3.593  -0.00975759 
3.594  -0.00973089 
3.595  -0.00970427 
3.596  -0.00967774 
3.597  -0.0096513 
3.598  -0.00962494 
3.599  -0.00959867 
3.6  -0.00957248 
3.601  -0.00954638 
3.602  -0.00952036 
3.603  -0.00949442 
3.604  -0.00946857 
3.605  -0.0094428 
3.606  -0.00941712 
3.607  -0.00939152 
3.608  -0.009366 
3.609  -0.00934056 
3.61  -0.0093152 
3.611  -0.00928993 
3.612  -0.00926473 
3.613  -0.00923962 
3.614  -0.00921459 
3.615  -0.00918964 
3.616  -0.00916476 
3.617  -0.00913997 
3.618  -0.00911526 
3.619  -0.00909063 
3.62  -0.00906607 
3.621  -0.00904159 
3.622  -0.0090172 
3.623  -0.00899288 
3.624  -0.00896863 
3.625  -0.00894447 
3.626  -0.00892038 
3.627  -0.00889637 
3.628  -0.00887244 
3.629  -0.00884858 
3.63  -0.0088248 
3.631  -0.00880109 
3.632  -0.00877746 
3.633  -0.0087539 
3.634  -0.00873042 
3.635  -0.00870702 
3.636  -0.00868369 
3.637  -0.00866043 
3.638  -0.00863724 
3.639  -0.00861413 
3.64  -0.0085911 
3.641  -0.00856813 
3.642  -0.00854524 
3.643  -0.00852243 
3.644  -0.00849968 
3.645  -0.00847701 
3.646  -0.0084544 
3.647  -0.00843187 
3.648  -0.00840941 
3.649  -0.00838703 
3.65  -0.00836471 
3.651  -0.00834246 
3.652  -0.00832028 
3.653  -0.00829818 
3.654  -0.00827614 
3.655  -0.00825417 
3.656  -0.00823227 
3.657  -0.00821044 
3.658  -0.00818868 
3.659  -0.00816699 
3.66  -0.00814537 
3.661  -0.00812381 
3.662  -0.00810232 
3.663  -0.0080809 
3.664  -0.00805955 
3.665  -0.00803826 
3.666  -0.00801704 
3.667  -0.00799589 
3.668  -0.0079748 
3.669  -0.00795378 
3.67  -0.00793282 
3.671  -0.00791193 
3.672  -0.00789111 
3.673  -0.00787035 
3.674  -0.00784966 
3.675  -0.00782903 
3.676  -0.00780846 
3.677  -0.00778796 
3.678  -0.00776752 
3.679  -0.00774715 
3.68  -0.00772684 
3.681  -0.0077066 
3.682  -0.00768641 
3.683  -0.00766629 
3.684  -0.00764623 
3.685  -0.00762624 
3.686  -0.0076063 
3.687  -0.00758643 
3.688  -0.00756662 
3.689  -0.00754688 
3.69  -0.00752719 
3.691  -0.00750756 
3.692  -0.007488 
3.693  -0.00746849 
3.694  -0.00744905 
3.695  -0.00742967 
3.696  -0.00741034 
3.697  -0.00739108 
3.698  -0.00737187 
3.699  -0.00735273 
3.7  -0.00733364 
3.701  -0.00731462 
3.702  -0.00729565 
3.703  -0.00727674 
3.704  -0.00725789 
3.705  -0.00723909 
3.706  -0.00722036 
3.707  -0.00720168 
3.708  -0.00718306 
3.709  -0.0071645 
3.71  -0.00714599 
3.711  -0.00712754 
3.712  -0.00710915 
3.713  -0.00709081 
3.714  -0.00707253 
3.715  -0.00705431 
3.716  -0.00703614 
3.717  -0.00701803 
3.718  -0.00699998 
3.719  -0.00698198 
3.72  -0.00696403 
3.721  -0.00694614 
3.722  -0.0069283 
3.723  -0.00691052 
3.724  -0.00689279 
3.725  -0.00687512 
3.726  -0.0068575 
3.727  -0.00683994 
3.728  -0.00682242 
3.729  -0.00680496 
3.73  -0.00678756 
3.731  -0.00677021 
3.732  -0.00675291 
3.733  -0.00673566 
3.734  -0.00671847 
3.735  -0.00670132 
3.736  -0.00668423 
3.737  -0.0066672 
3.738  -0.00665021 
3.739  -0.00663328 
3.74  -0.00661639 
3.741  -0.00659956 
3.742  -0.00658278 
3.743  -0.00656605 
3.744  -0.00654937 
3.745  -0.00653274 
3.746  -0.00651616 
3.747  -0.00649963 
3.748  -0.00648315 
3.749  -0.00646672 
3.75  -0.00645034 
3.751  -0.00643401 
3.752  -0.00641773 
3.753  -0.0064015 
3.754  -0.00638532 
3.755  -0.00636919 
3.756  -0.0063531 
3.757  -0.00633706 
3.758  -0.00632108 
3.759  -0.00630513 
3.76  -0.00628924 
3.761  -0.0062734 
3.762  -0.0062576 
3.763  -0.00624185 
3.764  -0.00622615 
3.765  -0.00621049 
3.766  -0.00619488 
3.767  -0.00617932 
3.768  -0.00616381 
3.769  -0.00614834 
3.77  -0.00613292 
3.771  -0.00611754 
3.772  -0.00610221 
3.773  -0.00608692 
3.774  -0.00607168 
3.775  -0.00605649 
3.776  -0.00604134 
3.777  -0.00602624 
3.778  -0.00601118 
3.779  -0.00599617 
3.78  -0.0059812 
3.781  -0.00596628 
3.782  -0.0059514 
3.783  -0.00593656 
3.784  -0.00592177 
3.785  -0.00590702 
3.786  -0.00589232 
3.787  -0.00587766 
3.788  -0.00586305 
3.789  -0.00584847 
3.79  -0.00583394 
3.791  -0.00581946 
3.792  -0.00580501 
3.793  -0.00579061 
3.794  -0.00577625 
3.795  -0.00576194 
3.796  -0.00574767 
3.797  -0.00573343 
3.798  -0.00571925 
3.799  -0.0057051 
3.8  -0.00569099 
3.801  -0.00567693 
3.802  -0.00566291 
3.803  -0.00564893 
3.804  -0.00563499 
3.805  -0.00562109 
3.806  -0.00560723 
3.807  -0.00559341 
3.808  -0.00557964 
3.809  -0.0055659 
3.81  -0.0055522 
3.811  -0.00553855 
3.812  -0.00552493 
3.813  -0.00551136 
3.814  -0.00549782 
3.815  -0.00548433 
3.816  -0.00547087 
3.817  -0.00545745 
3.818  -0.00544407 
3.819  -0.00543074 
3.82  -0.00541744 
3.821  -0.00540418 
3.822  -0.00539095 
3.823  -0.00537777 
3.824  -0.00536462 
3.825  -0.00535152 
3.826  -0.00533845 
3.827  -0.00532542 
3.828  -0.00531243 
3.829  -0.00529947 
3.83  -0.00528656 
3.831  -0.00527368 
3.832  -0.00526084 
3.833  -0.00524803 
3.834  -0.00523526 
3.835  -0.00522253 
3.836  -0.00520984 
3.837  -0.00519718 
3.838  -0.00518456 
3.839  -0.00517198 
3.84  -0.00515943 
3.841  -0.00514692 
3.842  -0.00513445 
3.843  -0.00512201 
3.844  -0.00510961 
3.845  -0.00509724 
3.846  -0.00508491 
3.847  -0.00507262 
3.848  -0.00506036 
3.849  -0.00504814 
3.85  -0.00503595 
3.851  -0.00502379 
3.852  -0.00501168 
3.853  -0.00499959 
3.854  -0.00498754 
3.855  -0.00497553 
3.856  -0.00496355 
3.857  -0.00495161 
3.858  -0.00493969 
3.859  -0.00492782 
3.86  -0.00491598 
3.861  -0.00490417 
3.862  -0.00489239 
3.863  -0.00488065 
3.864  -0.00486894 
3.865  -0.00485727 
3.866  -0.00484563 
3.867  -0.00483402 
3.868  -0.00482245 
3.869  -0.00481091 
3.87  -0.0047994 
3.871  -0.00478793 
3.872  -0.00477649 
3.873  -0.00476508 
3.874  -0.0047537 
3.875  -0.00474235 
3.876  -0.00473104 
3.877  -0.00471976 
3.878  -0.00470852 
3.879  -0.0046973 
3.88  -0.00468612 
3.881  -0.00467496 
3.882  -0.00466384 
3.883  -0.00465276 
3.884  -0.0046417 
3.885  -0.00463067 
3.886  -0.00461968 
3.887  -0.00460872 
3.888  -0.00459778 
3.889  -0.00458688 
3.89  -0.00457601 
3.891  -0.00456517 
3.892  -0.00455436 
3.893  -0.00454358 
3.894  -0.00453284 
3.895  -0.00452212 
3.896  -0.00451143 
3.897  -0.00450078 
3.898  -0.00449015 
3.899  -0.00447955 
3.9  -0.00446898 
3.901  -0.00445845 
3.902  -0.00444794 
3.903  -0.00443746 
3.904  -0.00442701 
3.905  -0.00441659 
3.906  -0.0044062 
3.907  -0.00439584 
3.908  -0.00438551 
3.909  -0.00437521 
3.91  -0.00436494 
3.911  -0.00435469 
3.912  -0.00434447 
3.913  -0.00433429 
3.914  -0.00432413 
3.915  -0.004314 
3.916  -0.0043039 
3.917  -0.00429382 
3.918  -0.00428378 
3.919  -0.00427376 
3.92  -0.00426377 
3.921  -0.00425381 
3.922  -0.00424387 
3.923  -0.00423397 
3.924  -0.00422409 
3.925  -0.00421424 
3.926  -0.00420441 
3.927  -0.00419462 
3.928  -0.00418485 
3.929  -0.00417511 
3.93  -0.00416539 
3.931  -0.0041557 
3.932  -0.00414604 
3.933  -0.00413641 
3.934  -0.0041268 
3.935  -0.00411722 
3.936  -0.00410767 
3.937  -0.00409814 
3.938  -0.00408864 
3.939  -0.00407917 
3.94  -0.00406972 
3.941  -0.0040603 
3.942  -0.0040509 
3.943  -0.00404153 
3.944  -0.00403218 
3.945  -0.00402287 
3.946  -0.00401357 
3.947  -0.00400431 
3.948  -0.00399506 
3.949  -0.00398585 
3.95  -0.00397666 
3.951  -0.00396749 
3.952  -0.00395835 
3.953  -0.00394924 
3.954  -0.00394015 
3.955  -0.00393108 
3.956  -0.00392204 
3.957  -0.00391303 
3.958  -0.00390404 
3.959  -0.00389507 
3.96  -0.00388613 
3.961  -0.00387721 
3.962  -0.00386832 
3.963  -0.00385945 
3.964  -0.00385061 
3.965  -0.00384179 
3.966  -0.003833 
3.967  -0.00382423 
3.968  -0.00381548 
3.969  -0.00380676 
3.97  -0.00379806 
3.971  -0.00378938 
3.972  -0.00378073 
3.973  -0.0037721 
3.974  -0.0037635 
3.975  -0.00375491 
3.976  -0.00374636 
3.977  -0.00373782 
3.978  -0.00372931 
3.979  -0.00372082 
3.98  -0.00371236 
3.981  -0.00370392 
3.982  -0.0036955 
3.983  -0.0036871 
3.984  -0.00367873 
3.985  -0.00367038 
3.986  -0.00366205 
3.987  -0.00365374 
3.988  -0.00364546 
3.989  -0.0036372 
3.99  -0.00362896 
3.991  -0.00362075 
3.992  -0.00361255 
3.993  -0.00360438 
3.994  -0.00359623 
3.995  -0.0035881 
3.996  -0.00358 
3.997  -0.00357191 
3.998  -0.00356385 
3.999  -0.00355581 
4  -0.00354779 
4.001  -0.0035398 
4.002  -0.00353182 
4.003  -0.00352387 
4.004  -0.00351594 
4.005  -0.00350803 
4.006  -0.00350014 
4.007  -0.00349227 
4.008  -0.00348442 
4.009  -0.00347659 
4.01  -0.00346879 
4.011  -0.003461 
4.012  -0.00345324 
4.013  -0.0034455 
4.014  -0.00343778 
4.015  -0.00343008 
4.016  -0.0034224 
4.017  -0.00341474 
4.018  -0.0034071 
4.019  -0.00339948 
4.02  -0.00339188 
4.021  -0.0033843 
4.022  -0.00337674 
4.023  -0.0033692 
4.024  -0.00336169 
4.025  -0.00335419 
4.026  -0.00334671 
4.027  -0.00333925 
4.028  -0.00333181 
4.029  -0.0033244 
4.03  -0.003317 
4.031  -0.00330962 
4.032  -0.00330226 
4.033  -0.00329492 
4.034  -0.0032876 
4.035  -0.0032803 
4.036  -0.00327302 
4.037  -0.00326575 
4.038  -0.00325851 
4.039  -0.00325129 
4.04  -0.00324408 
4.041  -0.0032369 
4.042  -0.00322973 
4.043  -0.00322258 
4.044  -0.00321546 
4.045  -0.00320835 
4.046  -0.00320126 
4.047  -0.00319418 
4.048  -0.00318713 
4.049  -0.00318009 
4.05  -0.00317308 
4.051  -0.00316608 
4.052  -0.0031591 
4.053  -0.00315214 
4.054  -0.0031452 
4.055  -0.00313827 
4.056  -0.00313137 
4.057  -0.00312448 
4.058  -0.00311761 
4.059  -0.00311076 
4.06  -0.00310392 
4.061  -0.00309711 
4.062  -0.00309031 
4.063  -0.00308353 
4.064  -0.00307677 
4.065  -0.00307002 
4.066  -0.0030633 
4.067  -0.00305659 
4.068  -0.00304989 
4.069  -0.00304322 
4.07  -0.00303656 
4.071  -0.00302992 
4.072  -0.0030233 
4.073  -0.0030167 
4.074  -0.00301011 
4.075  -0.00300354 
4.076  -0.00299698 
4.077  -0.00299045 
4.078  -0.00298393 
4.079  -0.00297743 
4.08  -0.00297094 
4.081  -0.00296447 
4.082  -0.00295802 
4.083  -0.00295159 
4.084  -0.00294517 
4.085  -0.00293877 
4.086  -0.00293238 
4.087  -0.00292601 
4.088  -0.00291966 
4.089  -0.00291333 
4.09  -0.00290701 
4.091  -0.00290071 
4.092  -0.00289442 
4.093  -0.00288815 
4.094  -0.0028819 
4.095  -0.00287566 
4.096  -0.00286944 
4.097  -0.00286323 
4.098  -0.00285704 
4.099  -0.00285087 
4.1  -0.00284471 
4.101  -0.00283857 
4.102  -0.00283245 
4.103  -0.00282634 
4.104  -0.00282024 
4.105  -0.00281417 
4.106  -0.0028081 
4.107  -0.00280206 
4.108  -0.00279603 
4.109  -0.00279001 
4.11  -0.00278401 
4.111  -0.00277802 
4.112  -0.00277205 
4.113  -0.0027661 
4.114  -0.00276016 
4.115  -0.00275424 
4.116  -0.00274833 
4.117  -0.00274243 
4.118  -0.00273656 
4.119  -0.00273069 
4.12  -0.00272484 
4.121  -0.00271901 
4.122  -0.00271319 
4.123  -0.00270739 
4.124  -0.0027016 
4.125  -0.00269583 
4.126  -0.00269007 
4.127  -0.00268432 
4.128  -0.00267859 
4.129  -0.00267288 
4.13  -0.00266718 
4.131  -0.00266149 
4.132  -0.00265582 
4.133  -0.00265016 
4.134  -0.00264452 
4.135  -0.00263889 
4.136  -0.00263328 
4.137  -0.00262768 
4.138  -0.00262209 
4.139  -0.00261652 
4.14  -0.00261096 
4.141  -0.00260542 
4.142  -0.00259989 
4.143  -0.00259438 
4.144  -0.00258887 
4.145  -0.00258339 
4.146  -0.00257791 
4.147  -0.00257245 
4.148  -0.00256701 
4.149  -0.00256158 
4.15  -0.00255616 
4.151  -0.00255075 
4.152  -0.00254536 
4.153  -0.00253999 
4.154  -0.00253462 
4.155  -0.00252927 
4.156  -0.00252394 
4.157  -0.00251861 
4.158  -0.0025133 
4.159  -0.00250801 
4.16  -0.00250272 
4.161  -0.00249745 
4.162  -0.0024922 
4.163  -0.00248695 
4.164  -0.00248172 
4.165  -0.00247651 
4.166  -0.0024713 
4.167  -0.00246611 
4.168  -0.00246093 
4.169  -0.00245577 
4.17  -0.00245062 
4.171  -0.00244548 
4.172  -0.00244035 
4.173  -0.00243524 
4.174  -0.00243014 
4.175  -0.00242505 
4.176  -0.00241998 
4.177  -0.00241491 
4.178  -0.00240986 
4.179  -0.00240483 
4.18  -0.0023998 
4.181  -0.00239479 
4.182  -0.00238979 
4.183  -0.0023848 
4.184  -0.00237983 
4.185  -0.00237487 
4.186  -0.00236992 
4.187  -0.00236498 
4.188  -0.00236006 
4.189  -0.00235514 
4.19  -0.00235024 
4.191  -0.00234535 
4.192  -0.00234048 
4.193  -0.00233561 
4.194  -0.00233076 
4.195  -0.00232592 
4.196  -0.00232109 
4.197  -0.00231628 
4.198  -0.00231147 
4.199  -0.00230668 
4.2  -0.0023019 
4.201  -0.00229713 
4.202  -0.00229237 
4.203  -0.00228763 
4.204  -0.0022829 
4.205  -0.00227817 
4.206  -0.00227346 
4.207  -0.00226877 
4.208  -0.00226408 
4.209  -0.0022594 
4.21  -0.00225474 
4.211  -0.00225009 
4.212  -0.00224545 
4.213  -0.00224082 
4.214  -0.0022362 
4.215  -0.00223159 
4.216  -0.002227 
4.217  -0.00222241 
4.218  -0.00221784 
4.219  -0.00221328 
4.22  -0.00220873 
4.221  -0.00220419 
4.222  -0.00219966 
4.223  -0.00219515 
4.224  -0.00219064 
4.225  -0.00218615 
4.226  -0.00218166 
4.227  -0.00217719 
4.228  -0.00217273 
4.229  -0.00216828 
4.23  -0.00216384 
4.231  -0.00215941 
4.232  -0.00215499 
4.233  -0.00215058 
4.234  -0.00214619 
4.235  -0.0021418 
4.236  -0.00213742 
4.237  -0.00213306 
4.238  -0.00212871 
4.239  -0.00212436 
4.24  -0.00212003 
4.241  -0.00211571 
4.242  -0.0021114 
4.243  -0.00210709 
4.244  -0.0021028 
4.245  -0.00209852 
4.246  -0.00209425 
4.247  -0.00208999 
4.248  -0.00208574 
4.249  -0.00208151 
4.25  -0.00207728 
4.251  -0.00207306 
4.252  -0.00206885 
4.253  -0.00206465 
4.254  -0.00206047 
4.255  -0.00205629 
4.256  -0.00205212 
4.257  -0.00204796 
4.258  -0.00204382 
4.259  -0.00203968 
4.26  -0.00203555 
4.261  -0.00203143 
4.262  -0.00202733 
4.263  -0.00202323 
4.264  -0.00201914 
4.265  -0.00201506 
4.266  -0.002011 
4.267  -0.00200694 
4.268  -0.00200289 
4.269  -0.00199885 
4.27  -0.00199482 
4.271  -0.0019908 
4.272  -0.00198679 
4.273  -0.00198279 
4.274  -0.0019788 
4.275  -0.00197482 
4.276  -0.00197085 
4.277  -0.00196689 
4.278  -0.00196294 
4.279  -0.00195899 
4.28  -0.00195506 
4.281  -0.00195114 
4.282  -0.00194722 
4.283  -0.00194332 
4.284  -0.00193942 
4.285  -0.00193554 
4.286  -0.00193166 
4.287  -0.00192779 
4.288  -0.00192393 
4.289  -0.00192008 
4.29  -0.00191624 
4.291  -0.00191241 
4.292  -0.00190859 
4.293  -0.00190478 
4.294  -0.00190098 
4.295  -0.00189718 
4.296  -0.0018934 
4.297  -0.00188962 
4.298  -0.00188585 
4.299  -0.00188209 
4.3  -0.00187834 
4.301  -0.0018746 
4.302  -0.00187087 
4.303  -0.00186715 
4.304  -0.00186343 
4.305  -0.00185973 
4.306  -0.00185603 
4.307  -0.00185234 
4.308  -0.00184867 
4.309  -0.001845 
4.31  -0.00184133 
4.311  -0.00183768 
4.312  -0.00183404 
4.313  -0.0018304 
4.314  -0.00182677 
4.315  -0.00182316 
4.316  -0.00181955 
4.317  -0.00181595 
4.318  -0.00181235 
4.319  -0.00180877 
4.32  -0.00180519 
4.321  -0.00180162 
4.322  -0.00179807 
4.323  -0.00179452 
4.324  -0.00179097 
4.325  -0.00178744 
4.326  -0.00178391 
4.327  -0.0017804 
4.328  -0.00177689 
4.329  -0.00177339 
4.33  -0.00176989 
4.331  -0.00176641 
4.332  -0.00176293 
4.333  -0.00175947 
4.334  -0.00175601 
4.335  -0.00175255 
4.336  -0.00174911 
4.337  -0.00174567 
4.338  -0.00174225 
4.339  -0.00173883 
4.34  -0.00173542 
4.341  -0.00173201 
4.342  -0.00172862 
4.343  -0.00172523 
4.344  -0.00172185 
4.345  -0.00171848 
4.346  -0.00171511 
4.347  -0.00171176 
4.348  -0.00170841 
4.349  -0.00170507 
4.35  -0.00170174 
4.351  -0.00169841 
4.352  -0.00169509 
4.353  -0.00169179 
4.354  -0.00168848 
4.355  -0.00168519 
4.356  -0.0016819 
4.357  -0.00167863 
4.358  -0.00167535 
4.359  -0.00167209 
4.36  -0.00166883 
4.361  -0.00166559 
4.362  -0.00166235 
4.363  -0.00165911 
4.364  -0.00165589 
4.365  -0.00165267 
4.366  -0.00164946 
4.367  -0.00164625 
4.368  -0.00164306 
4.369  -0.00163987 
4.37  -0.00163669 
4.371  -0.00163352 
4.372  -0.00163035 
4.373  -0.00162719 
4.374  -0.00162404 
4.375  -0.00162089 
4.376  -0.00161776 
4.377  -0.00161463 
4.378  -0.0016115 
4.379  -0.00160839 
4.38  -0.00160528 
4.381  -0.00160218 
4.382  -0.00159908 
4.383  -0.001596 
4.384  -0.00159292 
4.385  -0.00158984 
4.386  -0.00158678 
4.387  -0.00158372 
4.388  -0.00158067 
4.389  -0.00157762 
4.39  -0.00157459 
4.391  -0.00157156 
4.392  -0.00156853 
4.393  -0.00156552 
4.394  -0.00156251 
4.395  -0.0015595 
4.396  -0.00155651 
4.397  -0.00155352 
4.398  -0.00155053 
4.399  -0.00154756 
4.4  -0.00154459 
4.401  -0.00154163 
4.402  -0.00153867 
4.403  -0.00153573 
4.404  -0.00153278 
4.405  -0.00152985 
4.406  -0.00152692 
4.407  -0.001524 
4.408  -0.00152108 
4.409  -0.00151818 
4.41  -0.00151527 
4.411  -0.00151238 
4.412  -0.00150949 
4.413  -0.00150661 
4.414  -0.00150373 
4.415  -0.00150086 
4.416  -0.001498 
4.417  -0.00149515 
4.418  -0.0014923 
4.419  -0.00148945 
4.42  -0.00148662 
4.421  -0.00148379 
4.422  -0.00148097 
4.423  -0.00147815 
4.424  -0.00147534 
4.425  -0.00147253 
4.426  -0.00146974 
4.427  -0.00146694 
4.428  -0.00146416 
4.429  -0.00146138 
4.43  -0.00145861 
4.431  -0.00145584 
4.432  -0.00145308 
4.433  -0.00145033 
4.434  -0.00144758 
4.435  -0.00144484 
4.436  -0.0014421 
4.437  -0.00143937 
4.438  -0.00143665 
4.439  -0.00143393 
4.44  -0.00143122 
4.441  -0.00142852 
4.442  -0.00142582 
4.443  -0.00142313 
4.444  -0.00142044 
4.445  -0.00141776 
4.446  -0.00141509 
4.447  -0.00141242 
4.448  -0.00140976 
4.449  -0.0014071 
4.45  -0.00140445 
4.451  -0.00140181 
4.452  -0.00139917 
4.453  -0.00139653 
4.454  -0.00139391 
4.455  -0.00139129 
4.456  -0.00138867 
4.457  -0.00138606 
4.458  -0.00138346 
4.459  -0.00138086 
4.46  -0.00137827 
4.461  -0.00137569 
4.462  -0.00137311 
4.463  -0.00137053 
4.464  -0.00136796 
4.465  -0.0013654 
4.466  -0.00136284 
4.467  -0.00136029 
4.468  -0.00135775 
4.469  -0.00135521 
4.47  -0.00135267 
4.471  -0.00135015 
4.472  -0.00134762 
4.473  -0.0013451 
4.474  -0.00134259 
4.475  -0.00134009 
4.476  -0.00133759 
4.477  -0.00133509 
4.478  -0.0013326 
4.479  -0.00133012 
4.48  -0.00132764 
4.481  -0.00132517 
4.482  -0.0013227 
4.483  -0.00132024 
4.484  -0.00131778 
4.485  -0.00131533 
4.486  -0.00131288 
4.487  -0.00131044 
4.488  -0.00130801 
4.489  -0.00130558 
4.49  -0.00130316 
4.491  -0.00130074 
4.492  -0.00129832 
4.493  -0.00129592 
4.494  -0.00129351 
4.495  -0.00129112 
4.496  -0.00128872 
4.497  -0.00128634 
4.498  -0.00128396 
4.499  -0.00128158 
4.5  -0.00127921 
4.501  -0.00127684 
4.502  -0.00127448 
4.503  -0.00127213 
4.504  -0.00126978 
4.505  -0.00126743 
4.506  -0.00126509 
4.507  -0.00126276 
4.508  -0.00126043 
4.509  -0.0012581 
4.51  -0.00125579 
4.511  -0.00125347 
4.512  -0.00125116 
4.513  -0.00124886 
4.514  -0.00124656 
4.515  -0.00124426 
4.516  -0.00124198 
4.517  -0.00123969 
4.518  -0.00123741 
4.519  -0.00123514 
4.52  -0.00123287 
4.521  -0.00123061 
4.522  -0.00122835 
4.523  -0.00122609 
4.524  -0.00122384 
4.525  -0.0012216 
4.526  -0.00121936 
4.527  -0.00121713 
4.528  -0.0012149 
4.529  -0.00121267 
4.53  -0.00121045 
4.531  -0.00120824 
4.532  -0.00120603 
4.533  -0.00120382 
4.534  -0.00120162 
4.535  -0.00119942 
4.536  -0.00119723 
4.537  -0.00119505 
4.538  -0.00119287 
4.539  -0.00119069 
4.54  -0.00118852 
4.541  -0.00118635 
4.542  -0.00118419 
4.543  -0.00118203 
4.544  -0.00117988 
4.545  -0.00117773 
4.546  -0.00117558 
4.547  -0.00117344 
4.548  -0.00117131 
4.549  -0.00116918 
4.55  -0.00116705 
4.551  -0.00116493 
4.552  -0.00116282 
4.553  -0.00116071 
4.554  -0.0011586 
4.555  -0.0011565 
4.556  -0.0011544 
4.557  -0.00115231 
4.558  -0.00115022 
4.559  -0.00114813 
4.56  -0.00114605 
4.561  -0.00114398 
4.562  -0.00114191 
4.563  -0.00113984 
4.564  -0.00113778 
4.565  -0.00113572 
4.566  -0.00113367 
4.567  -0.00113162 
4.568  -0.00112957 
4.569  -0.00112753 
4.57  -0.0011255 
4.571  -0.00112347 
4.572  -0.00112144 
4.573  -0.00111942 
4.574  -0.0011174 
4.575  -0.00111539 
4.576  -0.00111338 
4.577  -0.00111137 
4.578  -0.00110937 
4.579  -0.00110737 
4.58  -0.00110538 
4.581  -0.00110339 
4.582  -0.00110141 
4.583  -0.00109943 
4.584  -0.00109746 
4.585  -0.00109549 
4.586  -0.00109352 
4.587  -0.00109156 
4.588  -0.0010896 
4.589  -0.00108764 
4.59  -0.00108569 
4.591  -0.00108375 
4.592  -0.00108181 
4.593  -0.00107987 
4.594  -0.00107793 
4.595  -0.00107601 
4.596  -0.00107408 
4.597  -0.00107216 
4.598  -0.00107024 
4.599  -0.00106833 
4.6  -0.00106642 
4.601  -0.00106452 
4.602  -0.00106261 
4.603  -0.00106072 
4.604  -0.00105883 
4.605  -0.00105694 
4.606  -0.00105505 
4.607  -0.00105317 
4.608  -0.00105129 
4.609  -0.00104942 
4.61  -0.00104755 
4.611  -0.00104569 
4.612  -0.00104383 
4.613  -0.00104197 
4.614  -0.00104012 
4.615  -0.00103827 
4.616  -0.00103642 
4.617  -0.00103458 
4.618  -0.00103275 
4.619  -0.00103091 
4.62  -0.00102908 
4.621  -0.00102726 
4.622  -0.00102544 
4.623  -0.00102362 
4.624  -0.0010218 
4.625  -0.00101999 
4.626  -0.00101819 
4.627  -0.00101638 
4.628  -0.00101458 
4.629  -0.00101279 
4.63  -0.001011 
4.631  -0.00100921 
4.632  -0.00100743 
4.633  -0.00100565 
4.634  -0.00100387 
4.635  -0.0010021 
4.636  -0.00100033 
4.637  -0.000998564 
4.638  -0.000996803 
4.639  -0.000995045 
4.64  -0.000993291 
4.641  -0.000991541 
4.642  -0.000989794 
4.643  -0.000988051 
4.644  -0.000986312 
4.645  -0.000984576 
4.646  -0.000982844 
4.647  -0.000981115 
4.648  -0.00097939 
4.649  -0.000977669 
4.65  -0.000975952 
4.651  -0.000974238 
4.652  -0.000972527 
4.653  -0.00097082 
4.654  -0.000969117 
4.655  -0.000967417 
4.656  -0.000965721 
4.657  -0.000964028 
4.658  -0.000962339 
4.659  -0.000960654 
4.66  -0.000958971 
4.661  -0.000957293 
4.662  -0.000955618 
4.663  -0.000953946 
4.664  -0.000952278 
4.665  -0.000950613 
4.666  -0.000948952 
4.667  -0.000947294 
4.668  -0.00094564 
4.669  -0.000943989 
4.67  -0.000942342 
4.671  -0.000940698 
4.672  -0.000939057 
4.673  -0.00093742 
4.674  -0.000935786 
4.675  -0.000934156 
4.676  -0.000932529 
4.677  -0.000930905 
4.678  -0.000929285 
4.679  -0.000927668 
4.68  -0.000926054 
4.681  -0.000924444 
4.682  -0.000922837 
4.683  -0.000921233 
4.684  -0.000919633 
4.685  -0.000918036 
4.686  -0.000916442 
4.687  -0.000914852 
4.688  -0.000913265 
4.689  -0.000911681 
4.69  -0.0009101 
4.691  -0.000908523 
4.692  -0.000906949 
4.693  -0.000905378 
4.694  -0.00090381 
4.695  -0.000902246 
4.696  -0.000900685 
4.697  -0.000899127 
4.698  -0.000897572 
4.699  -0.000896021 
4.7  -0.000894472 
4.701  -0.000892927 
4.702  -0.000891385 
4.703  -0.000889847 
4.704  -0.000888311 
4.705  -0.000886778 
4.706  -0.000885249 
4.707  -0.000883723 
4.708  -0.0008822 
4.709  -0.00088068 
4.71  -0.000879163 
4.711  -0.000877649 
4.712  -0.000876139 
4.713  -0.000874631 
4.714  -0.000873127 
4.715  -0.000871625 
4.716  -0.000870127 
4.717  -0.000868632 
4.718  -0.000867139 
4.719  -0.00086565 
4.72  -0.000864164 
4.721  -0.000862681 
4.722  -0.000861201 
4.723  -0.000859724 
4.724  -0.00085825 
4.725  -0.000856779 
4.726  -0.000855311 
4.727  -0.000853846 
4.728  -0.000852384 
4.729  -0.000850925 
4.73  -0.000849469 
4.731  -0.000848016 
4.732  -0.000846566 
4.733  -0.000845118 
4.734  -0.000843674 
4.735  -0.000842233 
4.736  -0.000840794 
4.737  -0.000839359 
4.738  -0.000837926 
4.739  -0.000836497 
4.74  -0.00083507 
4.741  -0.000833646 
4.742  -0.000832225 
4.743  -0.000830807 
4.744  -0.000829392 
4.745  -0.000827979 
4.746  -0.00082657 
4.747  -0.000825163 
4.748  -0.000823759 
4.749  -0.000822358 
4.75  -0.00082096 
4.751  -0.000819565 
4.752  -0.000818172 
4.753  -0.000816783 
4.754  -0.000815396 
4.755  -0.000814012 
4.756  -0.00081263 
4.757  -0.000811252 
4.758  -0.000809876 
4.759  -0.000808503 
4.76  -0.000807133 
4.761  -0.000805766 
4.762  -0.000804401 
4.763  -0.000803039 
4.764  -0.00080168 
4.765  -0.000800324 
4.766  -0.00079897 
4.767  -0.000797619 
4.768  -0.000796271 
4.769  -0.000794925 
4.77  -0.000793582 
4.771  -0.000792242 
4.772  -0.000790905 
4.773  -0.00078957 
4.774  -0.000788238 
4.775  -0.000786908 
4.776  -0.000785581 
4.777  -0.000784257 
4.778  -0.000782936 
4.779  -0.000781617 
4.78  -0.000780301 
4.781  -0.000778987 
4.782  -0.000777676 
4.783  -0.000776368 
4.784  -0.000775062 
4.785  -0.000773759 
4.786  -0.000772459 
4.787  -0.000771161 
4.788  -0.000769866 
4.789  -0.000768573 
4.79  -0.000767283 
4.791  -0.000765996 
4.792  -0.000764711 
4.793  -0.000763428 
4.794  -0.000762148 
4.795  -0.000760871 
4.796  -0.000759596 
4.797  -0.000758324 
4.798  -0.000757054 
4.799  -0.000755787 
4.8  -0.000754523 
4.801  -0.000753261 
4.802  -0.000752001 
4.803  -0.000750744 
4.804  -0.000749489 
4.805  -0.000748237 
4.806  -0.000746987 
4.807  -0.00074574 
4.808  -0.000744496 
4.809  -0.000743253 
4.81  -0.000742014 
4.811  -0.000740776 
4.812  -0.000739542 
4.813  -0.000738309 
4.814  -0.000737079 
4.815  -0.000735852 
4.816  -0.000734627 
4.817  -0.000733404 
4.818  -0.000732184 
4.819  -0.000730966 
4.82  -0.000729751 
4.821  -0.000728538 
4.822  -0.000727327 
4.823  -0.000726119 
4.824  -0.000724913 
4.825  -0.000723709 
4.826  -0.000722508 
4.827  -0.00072131 
4.828  -0.000720113 
4.829  -0.000718919 
4.83  -0.000717728 
4.831  -0.000716538 
4.832  -0.000715351 
4.833  -0.000714167 
4.834  -0.000712984 
4.835  -0.000711804 
4.836  -0.000710627 
4.837  -0.000709451 
4.838  -0.000708278 
4.839  -0.000707108 
4.84  -0.000705939 
4.841  -0.000704773 
4.842  -0.000703609 
4.843  -0.000702448 
4.844  -0.000701288 
4.845  -0.000700131 
4.846  -0.000698977 
4.847  -0.000697824 
4.848  -0.000696674 
4.849  -0.000695526 
4.85  -0.00069438 
4.851  -0.000693237 
4.852  -0.000692096 
4.853  -0.000690957 
4.854  -0.00068982 
4.855  -0.000688685 
4.856  -0.000687553 
4.857  -0.000686423 
4.858  -0.000685295 
4.859  -0.000684169 
4.86  -0.000683046 
4.861  -0.000681924 
4.862  -0.000680805 
4.863  -0.000679688 
4.864  -0.000678573 
4.865  -0.000677461 
4.866  -0.00067635 
4.867  -0.000675242 
4.868  -0.000674136 
4.869  -0.000673032 
4.87  -0.00067193 
4.871  -0.00067083 
4.872  -0.000669733 
4.873  -0.000668637 
4.874  -0.000667544 
4.875  -0.000666453 
4.876  -0.000665364 
4.877  -0.000664277 
4.878  -0.000663192 
4.879  -0.000662109 
4.88  -0.000661029 
4.881  -0.00065995 
4.882  -0.000658874 
4.883  -0.000657799 
4.884  -0.000656727 
4.885  -0.000655657 
4.886  -0.000654589 
4.887  -0.000653523 
4.888  -0.000652459 
4.889  -0.000651397 
4.89  -0.000650337 
4.891  -0.000649279 
4.892  -0.000648223 
4.893  -0.00064717 
4.894  -0.000646118 
4.895  -0.000645068 
4.896  -0.000644021 
4.897  -0.000642975 
4.898  -0.000641931 
4.899  -0.00064089 
4.9  -0.00063985 
4.901  -0.000638812 
4.902  -0.000637777 
4.903  -0.000636743 
4.904  -0.000635712 
4.905  -0.000634682 
4.906  -0.000633654 
4.907  -0.000632629 
4.908  -0.000631605 
4.909  -0.000630583 
4.91  -0.000629563 
4.911  -0.000628546 
4.912  -0.00062753 
4.913  -0.000626516 
4.914  -0.000625504 
4.915  -0.000624494 
4.916  -0.000623486 
4.917  -0.000622479 
4.918  -0.000621475 
4.919  -0.000620473 
4.92  -0.000619473 
4.921  -0.000618474 
4.922  -0.000617477 
4.923  -0.000616483 
4.924  -0.00061549 
4.925  -0.000614499 
4.926  -0.00061351 
4.927  -0.000612523 
4.928  -0.000611538 
4.929  -0.000610555 
4.93  -0.000609573 
4.931  -0.000608594 
4.932  -0.000607616 
4.933  -0.00060664 
4.934  -0.000605666 
4.935  -0.000604694 
4.936  -0.000603724 
4.937  -0.000602755 
4.938  -0.000601789 
4.939  -0.000600824 
4.94  -0.000599861 
4.941  -0.0005989 
4.942  -0.000597941 
4.943  -0.000596983 
4.944  -0.000596028 
4.945  -0.000595074 
4.946  -0.000594122 
4.947  -0.000593172 
4.948  -0.000592224 
4.949  -0.000591277 
4.95  -0.000590332 
4.951  -0.000589389 
4.952  -0.000588448 
4.953  -0.000587509 
4.954  -0.000586571 
4.955  -0.000585635 
4.956  -0.000584701 
4.957  -0.000583769 
4.958  -0.000582839 
4.959  -0.00058191 
4.96  -0.000580983 
4.961  -0.000580057 
4.962  -0.000579134 
4.963  -0.000578212 
4.964  -0.000577292 
4.965  -0.000576374 
4.966  -0.000575457 
4.967  -0.000574543 
4.968  -0.000573629 
4.969  -0.000572718 
4.97  -0.000571808 
4.971  -0.000570901 
4.972  -0.000569994 
4.973  -0.00056909 
4.974  -0.000568187 
4.975  -0.000567286 
4.976  -0.000566386 
4.977  -0.000565489 
4.978  -0.000564593 
4.979  -0.000563698 
4.98  -0.000562806 
4.981  -0.000561915 
4.982  -0.000561025 
4.983  -0.000560138 
4.984  -0.000559252 
4.985  -0.000558367 
4.986  -0.000557485 
4.987  -0.000556604 
4.988  -0.000555724 
4.989  -0.000554847 
4.99  -0.000553971 
4.991  -0.000553096 
4.992  -0.000552223 
4.993  -0.000551352 
4.994  -0.000550483 
4.995  -0.000549615 
4.996  -0.000548749 
4.997  -0.000547884 
4.998  -0.000547021 
4.999  -0.000546159 
5  -0.0005453 
