0.001  1.66667e+34 
0.002  4.06901e+30 
0.003  3.13617e+28 
0.004  9.95537e+26 
0.005  8.15686e+25 
0.006  1.23609e+26 
0.007  1.63246e+27 
0.008  4.86876e+28 
0.009  5.65077e+30 
0.01  1.66685e+34 
0.011  2.72825e+49 
0.012  6.56433e+34 
0.013  1.12076e+31 
0.014  7.68521e+28 
0.015  2.29719e+27 
0.016  1.52499e+26 
0.017  1.67671e+25 
0.018  2.77771e+24 
0.019  1.28915e+24 
0.02  3.87293e+24 
0.021  2.30711e+25 
0.022  1.95831e+26 
0.023  2.65359e+27 
0.024  7.44611e+28 
0.025  7.65897e+30 
0.026  1.60389e+34 
0.027  5.86592e+45 
0.028  3.04283e+35 
0.029  3.31763e+31 
0.03  1.97731e+29 
0.031  5.51906e+27 
0.032  3.51767e+26 
0.033  3.75342e+25 
0.034  5.70325e+24 
0.035  1.1376e+24 
0.036  3.34551e+23 
0.037  3.37573e+23 
0.038  1.23601e+24 
0.039  7.00145e+24 
0.04  5.45893e+25 
0.041  6.53591e+26 
0.042  1.5027e+28 
0.043  1.05987e+30 
0.044  8.23678e+32 
0.045  9.16974e+39 
0.046  5.15871e+36 
0.047  7.30725e+31 
0.048  2.88183e+31 
0.049  2.35216e+35 
0.05  2.68958e+46 
0.051  1.78661e+34 
0.052  7.9032e+30 
0.053  7.47615e+28 
0.054  2.62722e+27 
0.055  1.92254e+26 
0.056  2.24955e+25 
0.057  3.64831e+24 
0.058  7.52425e+23 
0.059  1.86603e+23 
0.06  5.3552e+22 
0.061  1.73015e+22 
0.062  6.16571e+21 
0.063  2.38628e+21 
0.064  9.90936e+20 
0.065  4.37335e+20 
0.066  2.03605e+20 
0.067  9.94561e+19 
0.068  5.08554e+19 
0.069  2.73336e+19 
0.07  1.5748e+19 
0.071  1.02546e+19 
0.072  8.30941e+18 
0.073  9.08015e+18 
0.074  1.29702e+19 
0.075  2.18952e+19 
0.076  4.05584e+19 
0.077  7.98386e+19 
0.078  1.65543e+20 
0.079  3.61973e+20 
0.08  8.39407e+20 
0.081  2.08191e+21 
0.082  5.58376e+21 
0.083  1.64249e+22 
0.084  5.39706e+22 
0.085  2.02992e+23 
0.086  9.03621e+23 
0.087  4.99331e+24 
0.088  3.6792e+25 
0.089  4.05435e+26 
0.09  8.17793e+27 
0.091  4.54495e+29 
0.092  1.99393e+32 
0.093  8.43929e+37 
0.094  1.69313e+38 
0.095  2.5177e+32 
0.096  7.12139e+31 
0.097  2.02248e+36 
0.098  5.65276e+41 
0.099  3.39053e+33 
0.1  3.06021e+30 
0.101  3.932e+28 
0.102  4.06039e+28 
0.103  3.1271e+30 
0.104  3.40036e+33 
0.105  4.92754e+41 
0.106  1.73627e+38 
0.107  6.82396e+37 
0.108  1.73508e+32 
0.109  4.0825e+29 
0.11  7.69733e+27 
0.111  4.0526e+26 
0.112  3.9242e+25 
0.113  5.67294e+24 
0.114  1.08773e+24 
0.115  2.57146e+23 
0.116  7.14413e+22 
0.117  2.25661e+22 
0.118  7.91426e+21 
0.119  3.0292e+21 
0.12  1.25056e+21 
0.121  5.54696e+20 
0.122  2.68598e+20 
0.123  1.52497e+20 
0.124  1.19969e+20 
0.125  1.49255e+20 
0.126  2.63154e+20 
0.127  5.52434e+20 
0.128  1.27421e+21 
0.129  3.16774e+21 
0.13  8.51426e+21 
0.131  2.50306e+22 
0.132  8.18756e+22 
0.133  3.05008e+23 
0.134  1.33617e+24 
0.135  7.20485e+24 
0.136  5.119e+25 
0.137  5.34069e+26 
0.138  9.87592e+27 
0.139  4.69928e+29 
0.14  1.44842e+32 
0.141  1.25001e+37 
0.142  8.93282e+39 
0.143  1.2349e+33 
0.144  1.69639e+30 
0.145  2.46946e+28 
0.146  1.08921e+27 
0.147  9.17066e+25 
0.148  1.17997e+25 
0.149  2.04897e+24 
0.15  4.44772e+23 
0.151  1.14745e+23 
0.152  3.39692e+22 
0.153  1.12518e+22 
0.154  4.09375e+21 
0.155  1.61579e+21 
0.156  6.89876e+20 
0.157  3.26291e+20 
0.158  1.88867e+20 
0.159  1.64202e+20 
0.16  2.33616e+20 
0.161  4.53858e+20 
0.162  1.01995e+21 
0.163  2.50275e+21 
0.164  6.65231e+21 
0.165  1.93181e+22 
0.166  6.22745e+22 
0.167  2.27872e+23 
0.168  9.75993e+23 
0.169  5.11081e+24 
0.17  3.49032e+25 
0.171  3.4417e+26 
0.172  5.83427e+27 
0.173  2.38589e+29 
0.174  5.28555e+31 
0.175  1.26461e+36 
0.176  1.23324e+42 
0.177  3.49648e+33 
0.178  2.9034e+30 
0.179  3.46576e+28 
0.18  1.37464e+27 
0.181  1.08331e+26 
0.182  1.33234e+25 
0.183  2.23898e+24 
0.184  4.74156e+23 
0.185  1.2013e+23 
0.186  3.53667e+22 
0.187  1.23565e+22 
0.188  6.31108e+21 
0.189  7.17397e+21 
0.19  1.59282e+22 
0.191  4.61753e+22 
0.192  1.54475e+23 
0.193  5.95843e+23 
0.194  2.73288e+24 
0.195  1.56628e+25 
0.196  1.21022e+26 
0.197  1.42618e+27 
0.198  3.19587e+28 
0.199  2.15261e+30 
0.2  1.5079e+33 
0.201  1.19555e+40 
0.202  2.74547e+37 
0.203  2.30546e+32 
0.204  4.3104e+30 
0.205  5.23673e+33 
0.206  1.22636e+43 
0.207  6.55172e+35 
0.208  3.93937e+31 
0.209  1.96928e+29 
0.21  5.05297e+27 
0.211  3.06617e+26 
0.212  3.16922e+25 
0.213  4.70875e+24 
0.214  9.13102e+23 
0.215  2.23929e+23 
0.216  8.68905e+22 
0.217  1.10766e+23 
0.218  3.58771e+23 
0.219  1.59661e+24 
0.22  8.96802e+24 
0.221  6.7482e+25 
0.222  7.64829e+26 
0.223  1.60992e+28 
0.224  9.65471e+29 
0.225  5.06179e+32 
0.226  5.32765e+38 
0.227  7.63047e+37 
0.228  2.65168e+32 
0.229  6.55082e+29 
0.23  1.22037e+28 
0.231  6.16581e+26 
0.232  5.65751e+25 
0.233  7.72444e+24 
0.234  1.40083e+24 
0.235  3.14326e+23 
0.236  8.32376e+22 
0.237  2.51672e+22 
0.238  8.48146e+21 
0.239  3.12887e+21 
0.24  1.24609e+21 
0.241  5.29934e+20 
0.242  2.38567e+20 
0.243  1.12887e+20 
0.244  5.58225e+19 
0.245  2.87123e+19 
0.246  1.53049e+19 
0.247  8.43471e+18 
0.248  4.80519e+18 
0.249  2.84189e+18 
0.25  1.76902e+18 
0.251  1.19663e+18 
0.252  9.30781e+17 
0.253  8.85975e+17 
0.254  1.04873e+18 
0.255  1.4722e+18 
0.256  2.299e+18 
0.257  3.82501e+18 
0.258  6.64084e+18 
0.259  1.19392e+19 
0.26  2.21972e+19 
0.261  4.27472e+19 
0.262  8.55491e+19 
0.263  1.78704e+20 
0.264  3.91778e+20 
0.265  9.07511e+20 
0.266  2.23954e+21 
0.267  5.94885e+21 
0.268  1.72324e+22 
0.269  5.53637e+22 
0.27  2.01732e+23 
0.271  8.59455e+23 
0.272  4.4697e+24 
0.273  3.02435e+25 
0.274  2.9433e+26 
0.275  4.89012e+27 
0.276  1.9318e+29 
0.277  3.97601e+31 
0.278  7.30843e+35 
0.279  5.68253e+42 
0.28  4.3351e+33 
0.281  3.15208e+30 
0.282  3.57746e+28 
0.283  1.38178e+27 
0.284  1.07265e+26 
0.285  1.36391e+25 
0.286  5.2475e+24 
0.287  2.03896e+25 
0.288  1.82638e+26 
0.289  2.76481e+27 
0.29  9.33449e+28 
0.291  1.38679e+31 
0.292  8.60878e+34 
0.293  5.70004e+48 
0.294  1.76773e+34 
0.295  6.28959e+30 
0.296  5.51075e+28 
0.297  1.86235e+27 
0.298  1.33987e+26 
0.299  2.03512e+25 
0.3  3.78803e+25 
0.301  3.64931e+26 
0.302  6.59359e+27 
0.303  3.01945e+29 
0.304  8.55003e+31 
0.305  5.2199e+36 
0.306  1.8974e+40 
0.307  1.20034e+33 
0.308  1.46742e+30 
0.309  2.03805e+28 
0.31  8.76381e+26 
0.311  7.26228e+25 
0.312  9.24304e+24 
0.313  1.59247e+24 
0.314  3.43903e+23 
0.315  8.90173e+22 
0.316  2.80836e+22 
0.317  1.43924e+22 
0.318  2.10697e+22 
0.319  6.37053e+22 
0.32  2.51837e+23 
0.321  1.21402e+24 
0.322  7.43991e+24 
0.323  6.30234e+25 
0.324  8.49665e+26 
0.325  2.36422e+28 
0.326  2.39241e+30 
0.327  4.78795e+33 
0.328  8.17049e+44 
0.329  1.13273e+35 
0.33  1.15572e+31 
0.331  6.75051e+28 
0.332  1.86606e+27 
0.333  1.18868e+26 
0.334  1.55567e+25 
0.335  2.00748e+25 
0.336  1.5323e+26 
0.337  2.05397e+27 
0.338  5.76233e+28 
0.339  6.10083e+30 
0.34  1.48403e+34 
0.341  1.73284e+47 
0.342  3.7792e+39 
0.343  4.56152e+32 
0.344  6.97623e+29 
0.345  1.16521e+28 
0.346  5.78884e+26 
0.347  5.36201e+25 
0.348  7.44376e+24 
0.349  1.37448e+24 
0.35  3.14844e+23 
0.351  8.78217e+22 
0.352  3.57501e+22 
0.353  3.94053e+22 
0.354  1.09324e+23 
0.355  4.25673e+23 
0.356  2.03664e+24 
0.357  1.23722e+25 
0.358  1.03546e+26 
0.359  1.37121e+27 
0.36  3.70535e+28 
0.361  3.54335e+30 
0.362  6.07202e+33 
0.363  1.06332e+44 
0.364  3.13735e+35 
0.365  2.51352e+31 
0.366  1.36576e+29 
0.367  3.64612e+27 
0.368  2.26386e+26 
0.369  2.37456e+25 
0.37  3.57243e+24 
0.371  7.32256e+23 
0.372  3.07738e+23 
0.373  6.41572e+23 
0.374  3.00395e+24 
0.375  1.92655e+25 
0.376  1.74901e+26 
0.377  2.61605e+27 
0.378  8.64704e+28 
0.379  1.23057e+31 
0.38  6.68024e+34 
0.381  5.06663e+50 
0.382  2.24819e+34 
0.383  7.14084e+30 
0.384  6.01604e+28 
0.385  1.99288e+27 
0.386  1.40688e+26 
0.387  1.60655e+25 
0.388  2.5593e+24 
0.389  5.20491e+23 
0.39  1.27599e+23 
0.391  3.62554e+22 
0.392  1.16092e+22 
0.393  4.10323e+21 
0.394  1.57578e+21 
0.395  6.49505e+20 
0.396  2.8455e+20 
0.397  1.31466e+20 
0.398  6.36443e+19 
0.399  3.2113e+19 
0.4  1.68129e+19 
0.401  9.09928e+18 
0.402  5.07433e+18 
0.403  2.9078e+18 
0.404  1.70822e+18 
0.405  1.02672e+18 
0.406  6.30359e+17 
0.407  3.94858e+17 
0.408  2.5222e+17 
0.409  1.64367e+17 
0.41  1.09535e+17 
0.411  7.50536e+16 
0.412  5.34515e+16 
0.413  4.03018e+16 
0.414  3.30241e+16 
0.415  3.02201e+16 
0.416  3.13254e+16 
0.417  3.64657e+16 
0.418  4.64741e+16 
0.419  6.30709e+16 
0.42  8.92552e+16 
0.421  1.30024e+17 
0.422  1.9364e+17 
0.423  2.93863e+17 
0.424  4.53923e+17 
0.425  7.13724e+17 
0.426  1.14317e+18 
0.427  1.86739e+18 
0.428  3.11574e+18 
0.429  5.31951e+18 
0.43  9.31282e+18 
0.431  1.67589e+19 
0.432  3.1088e+19 
0.433  5.96417e+19 
0.434  1.18794e+20 
0.435  2.46782e+20 
0.436  5.37622e+20 
0.437  1.23639e+21 
0.438  3.02597e+21 
0.439  7.96106e+21 
0.44  2.28035e+22 
0.441  7.22913e+22 
0.442  2.59208e+23 
0.443  1.08272e+24 
0.444  5.49261e+24 
0.445  3.59886e+25 
0.446  3.35435e+26 
0.447  5.24393e+27 
0.448  1.89035e+29 
0.449  3.3471e+31 
0.45  4.59583e+35 
0.451  1.65681e+49 
0.452  6.92054e+34 
0.453  1.37212e+31 
0.454  1.05245e+29 
0.455  3.38855e+27 
0.456  2.3721e+26 
0.457  2.91894e+25 
0.458  1.87346e+25 
0.459  1.30926e+26 
0.46  1.91978e+27 
0.461  6.20507e+28 
0.462  8.44229e+30 
0.463  3.99182e+34 
0.464  1.05518e+54 
0.465  2.27051e+34 
0.466  6.36728e+30 
0.467  5.14136e+28 
0.468  1.6672e+27 
0.469  1.16751e+26 
0.47  1.60503e+25 
0.471  2.09699e+25 
0.472  1.74793e+26 
0.473  2.67412e+27 
0.474  9.21726e+28 
0.475  1.42854e+31 
0.476  1.01378e+35 
0.477  2.2047e+47 
0.478  1.28975e+34 
0.479  5.10502e+30 
0.48  4.64282e+28 
0.481  1.60387e+27 
0.482  1.51873e+26 
0.483  4.07648e+26 
0.484  7.75855e+27 
0.485  4.11919e+29 
0.486  1.62689e+32 
0.487  4.17336e+37 
0.488  4.30175e+38 
0.489  3.53294e+32 
0.49  6.55892e+29 
0.491  1.08131e+28 
0.492  5.10496e+26 
0.493  4.48804e+25 
0.494  6.00442e+24 
0.495  1.27933e+24 
0.496  1.23581e+24 
0.497  5.60967e+24 
0.498  4.08372e+25 
0.499  4.47687e+26 
0.5  8.9488e+27 
0.501  4.88935e+29 
0.502  2.06147e+32 
0.503  7.19835e+37 
0.504  2.65937e+38 
0.505  3.18561e+32 
0.506  6.34823e+29 
0.507  1.07836e+28 
0.508  5.17569e+26 
0.509  4.59629e+25 
0.51  6.13502e+24 
0.511  1.09427e+24 
0.512  2.42438e+23 
0.513  6.35602e+22 
0.514  1.90623e+22 
0.515  6.3812e+21 
0.516  2.34089e+21 
0.517  9.27857e+20 
0.518  3.93015e+20 
0.519  1.76356e+20 
0.52  8.32769e+19 
0.521  4.12043e+19 
0.522  2.13609e+19 
0.523  1.17204e+19 
0.524  7.04906e+18 
0.525  5.04646e+18 
0.526  4.81403e+18 
0.527  6.31174e+18 
0.528  1.03701e+19 
0.529  1.92937e+19 
0.53  3.86228e+19 
0.531  8.18241e+19 
0.532  1.83199e+20 
0.533  4.35628e+20 
0.534  1.10937e+21 
0.535  3.05963e+21 
0.536  9.27271e+21 
0.537  3.14761e+22 
0.538  1.22781e+23 
0.539  5.70301e+23 
0.54  3.32041e+24 
0.541  2.61988e+25 
0.542  3.18116e+26 
0.543  7.47151e+27 
0.544  5.47955e+29 
0.545  4.69376e+32 
0.546  1.02784e+40 
0.547  1.48153e+36 
0.548  2.75679e+31 
0.549  1.00525e+29 
0.55  2.23964e+27 
0.551  2.30589e+26 
0.552  1.50078e+27 
0.553  4.43204e+28 
0.554  5.14629e+30 
0.555  1.52462e+34 
0.556  2.93232e+49 
0.557  5.94916e+34 
0.558  2.67346e+39 
0.559  1.09545e+37 
0.56  9.89077e+31 
0.561  3.02568e+29 
0.562  6.20445e+27 
0.563  3.32042e+26 
0.564  3.17621e+25 
0.565  4.48739e+24 
0.566  8.38811e+23 
0.567  1.93552e+23 
0.568  5.26216e+22 
0.569  1.63127e+22 
0.57  5.62973e+21 
0.571  2.1244e+21 
0.572  8.64483e+20 
0.573  3.75252e+20 
0.574  1.72249e+20 
0.575  8.30221e+19 
0.576  4.17748e+19 
0.577  2.18384e+19 
0.578  1.18128e+19 
0.579  6.58899e+18 
0.58  3.77866e+18 
0.581  2.22236e+18 
0.582  1.33752e+18 
0.583  8.22202e+17 
0.584  5.15411e+17 
0.585  3.29046e+17 
0.586  2.13731e+17 
0.587  1.41183e+17 
0.588  9.4874e+16 
0.589  6.4971e+16 
0.59  4.55349e+16 
0.591  3.29416e+16 
0.592  2.49777e+16 
0.593  2.0322e+16 
0.594  1.82532e+16 
0.595  1.85e+16 
0.596  2.11957e+16 
0.597  2.69253e+16 
0.598  3.68839e+16 
0.599  5.32007e+16 
0.6  7.95387e+16 
0.601  1.22188e+17 
0.602  1.92074e+17 
0.603  3.0851e+17 
0.604  5.06378e+17 
0.605  8.50204e+17 
0.606  1.46255e+18 
0.607  2.58307e+18 
0.608  4.69549e+18 
0.609  8.81091e+18 
0.61  1.71261e+19 
0.611  3.46233e+19 
0.612  7.31576e+19 
0.613  1.62505e+20 
0.614  3.82181e+20 
0.615  9.59971e+20 
0.616  2.60361e+21 
0.617  7.73147e+21 
0.618  2.55957e+22 
0.619  9.67761e+22 
0.62  4.31987e+23 
0.621  2.3871e+24 
0.622  1.75341e+25 
0.623  1.91891e+26 
0.624  3.82286e+27 
0.625  2.07614e+29 
0.626  8.63258e+31 
0.627  2.82052e+37 
0.628  1.2933e+38 
0.629  1.43329e+32 
0.63  2.81423e+29 
0.631  4.75063e+27 
0.632  2.27442e+26 
0.633  2.11503e+25 
0.634  8.44507e+24 
0.635  4.43578e+25 
0.636  5.06642e+26 
0.637  1.09836e+28 
0.638  6.95488e+29 
0.639  4.15232e+32 
0.64  8.9827e+38 
0.641  2.01381e+37 
0.642  1.18316e+32 
0.643  3.01946e+31 
0.644  6.83701e+35 
0.645  9.246e+41 
0.646  2.14371e+33 
0.647  1.74239e+30 
0.648  2.063e+28 
0.649  8.14894e+26 
0.65  6.41512e+25 
0.651  8.16151e+24 
0.652  2.69706e+24 
0.653  8.6319e+24 
0.654  7.01401e+25 
0.655  9.32067e+26 
0.656  2.53817e+28 
0.657  2.4641e+30 
0.658  4.40007e+33 
0.659  1.34972e+44 
0.66  1.84047e+35 
0.661  1.58675e+31 
0.662  2.21289e+31 
0.663  3.80769e+35 
0.664  5.07224e+42 
0.665  2.71616e+33 
0.666  1.91053e+30 
0.667  2.14152e+28 
0.668  8.21823e+26 
0.669  6.34891e+25 
0.67  7.74671e+24 
0.671  1.43883e+24 
0.672  9.49921e+23 
0.673  3.72893e+24 
0.674  2.59903e+25 
0.675  2.70375e+26 
0.676  4.98294e+27 
0.677  2.35715e+29 
0.678  7.17101e+31 
0.679  5.86274e+36 
0.68  5.3429e+39 
0.681  6.59459e+32 
0.682  8.90225e+29 
0.683  1.28677e+28 
0.684  5.65388e+26 
0.685  4.74887e+25 
0.686  6.10024e+24 
0.687  1.05804e+24 
0.688  2.29511e+23 
0.689  5.92746e+22 
0.69  1.77703e+22 
0.691  6.42377e+21 
0.692  3.68173e+21 
0.693  5.08265e+21 
0.694  1.29169e+22 
0.695  4.15219e+22 
0.696  1.55418e+23 
0.697  6.8777e+23 
0.698  3.76071e+24 
0.699  2.72379e+25 
0.7  2.92151e+26 
0.701  5.64038e+27 
0.702  2.89649e+29 
0.703  1.05962e+32 
0.704  1.916e+37 
0.705  6.85385e+38 
0.706  3.46426e+32 
0.707  5.89776e+29 
0.708  1.80375e+28 
0.709  5.40007e+29 
0.71  3.09049e+32 
0.711  5.28179e+38 
0.712  2.13123e+37 
0.713  1.06601e+32 
0.714  2.84975e+29 
0.715  5.49523e+27 
0.716  2.83069e+26 
0.717  2.62982e+25 
0.718  3.62208e+24 
0.719  6.61204e+23 
0.72  1.49152e+23 
0.721  3.96768e+22 
0.722  1.20461e+22 
0.723  4.07605e+21 
0.724  1.51049e+21 
0.725  6.05614e+20 
0.726  2.6153e+20 
0.727  1.23488e+20 
0.728  6.84302e+19 
0.729  5.27318e+19 
0.73  6.48173e+19 
0.731  1.13561e+20 
0.732  2.3706e+20 
0.733  5.43245e+20 
0.734  1.34023e+21 
0.735  3.56992e+21 
0.736  1.0383e+22 
0.737  3.35262e+22 
0.738  1.22921e+23 
0.739  5.27787e+23 
0.74  2.77268e+24 
0.741  1.90177e+25 
0.742  1.88686e+26 
0.743  3.2289e+27 
0.744  1.34215e+29 
0.745  3.07894e+31 
0.746  8.37028e+35 
0.747  3.30563e+41 
0.748  1.61657e+33 
0.749  1.42544e+30 
0.75  1.74124e+28 
0.751  6.9912e+26 
0.752  5.55133e+25 
0.753  6.8629e+24 
0.754  1.15824e+24 
0.755  2.47609e+23 
0.756  6.73516e+22 
0.757  3.33925e+22 
0.758  5.73012e+22 
0.759  2.0116e+23 
0.76  9.17598e+23 
0.761  5.27937e+24 
0.762  4.10235e+25 
0.763  4.87155e+26 
0.764  1.10417e+28 
0.765  7.58119e+29 
0.766  5.51182e+32 
0.767  3.95471e+39 
0.768  5.63217e+36 
0.769  6.50039e+31 
0.77  2.107e+29 
0.771  4.42615e+27 
0.772  2.39299e+26 
0.773  2.29333e+25 
0.774  3.22816e+24 
0.775  6.00441e+23 
0.776  1.42003e+23 
0.777  5.30347e+22 
0.778  6.68063e+22 
0.779  2.20827e+23 
0.78  1.01008e+24 
0.781  5.87754e+24 
0.782  4.64148e+25 
0.783  5.64348e+26 
0.784  1.32833e+28 
0.785  9.78107e+29 
0.786  8.46331e+32 
0.787  1.99295e+40 
0.788  2.49299e+36 
0.789  4.76694e+31 
0.79  1.75024e+29 
0.791  3.89024e+27 
0.792  2.17209e+26 
0.793  2.12539e+25 
0.794  3.03501e+24 
0.795  5.68981e+23 
0.796  1.31129e+23 
0.797  3.58329e+22 
0.798  1.19929e+22 
0.799  6.67166e+21 
0.8  9.8871e+21 
0.801  2.76125e+22 
0.802  9.76803e+22 
0.803  4.09217e+23 
0.804  2.08781e+24 
0.805  1.37721e+25 
0.806  1.293e+26 
0.807  2.03394e+27 
0.808  7.31916e+28 
0.809  1.23927e+31 
0.81  1.17109e+35 
0.811  1.43695e+45 
0.812  5.58702e+33 
0.813  2.72336e+30 
0.814  2.66733e+28 
0.815  9.54192e+26 
0.816  7.05779e+25 
0.817  8.31581e+24 
0.818  1.35485e+24 
0.819  2.8024e+23 
0.82  6.96143e+22 
0.821  1.99915e+22 
0.822  6.45947e+21 
0.823  2.30375e+21 
0.824  8.97501e+20 
0.825  3.85473e+20 
0.826  1.95759e+20 
0.827  1.43108e+20 
0.828  1.79315e+20 
0.829  3.33681e+20 
0.83  7.45772e+20 
0.831  1.83991e+21 
0.832  4.93756e+21 
0.833  1.4527e+22 
0.834  4.76603e+22 
0.835  1.78679e+23 
0.836  7.92276e+23 
0.837  4.36886e+24 
0.838  3.23698e+25 
0.839  3.6643e+26 
0.84  8.03249e+27 
0.841  5.67613e+29 
0.842  5.37476e+32 
0.843  4.13216e+40 
0.844  1.0255e+68 
0.845  2.155e+34 
0.846  5.37308e+30 
0.847  4.25513e+28 
0.848  1.38863e+27 
0.849  9.82224e+25 
0.85  1.1482e+25 
0.851  2.67382e+24 
0.852  5.30553e+24 
0.853  3.83935e+25 
0.854  4.54367e+26 
0.855  1.02803e+28 
0.856  7.03617e+29 
0.857  5.07595e+32 
0.858  3.46416e+39 
0.859  5.49785e+36 
0.86  6.19239e+31 
0.861  1.99544e+29 
0.862  4.18076e+27 
0.863  2.25694e+26 
0.864  2.16083e+25 
0.865  3.03893e+24 
0.866  5.63259e+23 
0.867  1.28519e+23 
0.868  3.44872e+22 
0.869  1.05401e+22 
0.87  3.58387e+21 
0.871  1.33211e+21 
0.872  5.33965e+20 
0.873  2.28374e+20 
0.874  1.03339e+20 
0.875  4.91428e+19 
0.876  2.44392e+19 
0.877  1.26771e+19 
0.878  6.87224e+18 
0.879  3.94056e+18 
0.88  2.47213e+18 
0.881  1.81596e+18 
0.882  1.69433e+18 
0.883  2.04796e+18 
0.884  3.00084e+18 
0.885  4.91879e+18 
0.886  8.59813e+18 
0.887  1.57115e+19 
0.888  2.98382e+19 
0.889  5.89183e+19 
0.89  1.2136e+20 
0.891  2.62072e+20 
0.892  5.97154e+20 
0.893  1.44737e+21 
0.894  3.76962e+21 
0.895  1.06866e+22 
0.896  3.35336e+22 
0.897  1.19095e+23 
0.898  4.93579e+23 
0.899  2.49324e+24 
0.9  1.63787e+25 
0.901  1.55048e+26 
0.902  2.52226e+27 
0.903  9.90963e+28 
0.904  2.1005e+31 
0.905  4.49058e+35 
0.906  1.00194e+42 
0.907  1.7192e+46 
0.908  6.26345e+33 
0.909  2.70463e+30 
0.91  2.57829e+28 
0.911  9.27696e+26 
0.912  7.00302e+25 
0.913  8.47169e+24 
0.914  1.41955e+24 
0.915  3.01991e+23 
0.916  7.73512e+22 
0.917  2.35635e+22 
0.918  9.78398e+21 
0.919  8.9544e+21 
0.92  1.95712e+22 
0.921  6.17776e+22 
0.922  2.3323e+23 
0.923  1.05202e+24 
0.924  5.94158e+24 
0.925  4.54602e+25 
0.926  5.36698e+26 
0.927  1.23685e+28 
0.928  9.10503e+29 
0.929  8.29831e+32 
0.93  3.09309e+40 
0.931  7.50107e+39 
0.932  3.04849e+36 
0.933  4.62441e+31 
0.934  1.62769e+29 
0.935  3.66544e+27 
0.936  6.76226e+26 
0.937  1.36378e+28 
0.938  1.49807e+30 
0.939  3.79042e+33 
0.94  6.7196e+46 
0.941  2.95913e+34 
0.942  4.17785e+30 
0.943  2.69761e+28 
0.944  8.05932e+26 
0.945  2.98285e+26 
0.946  4.77831e+27 
0.947  2.47156e+29 
0.948  9.27079e+31 
0.949  1.88254e+37 
0.95  4.41038e+38 
0.951  2.34931e+36 
0.952  1.17186e+40 
0.953  6.32662e+32 
0.954  7.56479e+29 
0.955  1.04374e+28 
0.956  4.49326e+26 
0.957  3.74956e+25 
0.958  4.82777e+24 
0.959  8.44389e+23 
0.96  1.85852e+23 
0.961  4.99036e+22 
0.962  1.85003e+22 
0.963  1.66466e+22 
0.964  4.10037e+22 
0.965  1.50648e+23 
0.966  6.8073e+23 
0.967  3.84878e+24 
0.968  2.92239e+25 
0.969  3.35892e+26 
0.97  7.23326e+27 
0.971  4.52265e+29 
0.972  2.61946e+32 
0.973  4.7669e+38 
0.974  1.64195e+37 
0.975  8.58445e+31 
0.976  9.99026e+30 
0.977  8.59552e+34 
0.978  3.13737e+45 
0.979  5.19063e+33 
0.98  2.4096e+30 
0.981  2.31905e+28 
0.982  8.22248e+26 
0.983  6.05083e+25 
0.984  7.10907e+24 
0.985  1.15689e+24 
0.986  2.39359e+23 
0.987  5.95516e+22 
0.988  1.71476e+22 
0.989  5.55974e+21 
0.99  1.9888e+21 
0.991  7.72781e+20 
0.992  3.22243e+20 
0.993  1.42822e+20 
0.994  6.67685e+19 
0.995  3.27309e+19 
0.996  1.67606e+19 
0.997  8.96244e+18 
0.998  5.04084e+18 
0.999  3.05491e+18 
1  2.10845e+18 
1.001  1.80267e+18 
1.002  2.01091e+18 
1.003  2.80928e+18 
1.004  4.51391e+18 
1.005  7.84897e+18 
1.006  1.43619e+19 
1.007  2.73995e+19 
1.008  5.4459e+19 
1.009  1.13117e+20 
1.01  2.46814e+20 
1.011  5.69611e+20 
1.012  1.40257e+21 
1.013  3.72535e+21 
1.014  1.08239e+22 
1.015  3.50347e+22 
1.016  1.29444e+23 
1.017  5.645e+23 
1.018  3.04766e+24 
1.019  2.18754e+25 
1.02  2.33855e+26 
1.021  4.53805e+27 
1.022  2.37436e+29 
1.023  9.12665e+31 
1.024  2.07323e+37 
1.025  3.25867e+38 
1.026  8.44429e+36 
1.027  1.0969e+39 
1.028  3.24438e+32 
1.029  5.03915e+29 
1.03  7.73398e+27 
1.031  3.52899e+26 
1.032  3.05553e+25 
1.033  4.03567e+24 
1.034  7.18931e+23 
1.035  1.60042e+23 
1.036  4.23209e+22 
1.037  1.2833e+22 
1.038  4.3498e+21 
1.039  1.61719e+21 
1.04  6.50268e+20 
1.041  2.80127e+20 
1.042  1.29031e+20 
1.043  6.46669e+19 
1.044  3.78109e+19 
1.045  3.01259e+19 
1.046  3.69452e+19 
1.047  6.33533e+19 
1.048  1.29136e+20 
1.049  2.88843e+20 
1.05  6.94038e+20 
1.051  1.79365e+21 
1.052  5.03458e+21 
1.053  1.55777e+22 
1.054  5.42103e+22 
1.055  2.18045e+23 
1.056  1.05301e+24 
1.057  6.45377e+24 
1.058  5.46637e+25 
1.059  7.36822e+26 
1.06  2.04959e+28 
1.061  2.07277e+30 
1.062  4.1413e+33 
1.063  6.87788e+44 
1.064  9.8785e+34 
1.065  1.00539e+31 
1.066  5.86798e+28 
1.067  1.62137e+27 
1.068  1.02726e+26 
1.069  1.09173e+25 
1.07  1.65239e+24 
1.071  3.23439e+23 
1.072  7.70104e+22 
1.073  2.14585e+22 
1.074  6.94025e+21 
1.075  2.88578e+21 
1.076  2.28283e+21 
1.077  4.18913e+21 
1.078  1.16677e+22 
1.079  3.8822e+22 
1.08  1.4986e+23 
1.081  6.89188e+23 
1.082  3.96688e+24 
1.083  3.08474e+25 
1.084  3.67004e+26 
1.085  8.34795e+27 
1.086  5.77077e+29 
1.087  4.26684e+32 
1.088  3.41501e+39 
1.089  3.84641e+36 
1.09  4.68238e+31 
1.091  7.66564e+30 
1.092  5.5999e+34 
1.093  4.24598e+46 
1.094  5.99484e+33 
1.095  2.46383e+30 
1.096  2.27069e+28 
1.097  7.88186e+26 
1.098  6.18427e+25 
1.099  4.43246e+25 
1.1  4.72125e+26 
1.101  1.15987e+28 
1.102  9.29217e+29 
1.103  9.96618e+32 
1.104  1.25721e+41 
1.105  7.26183e+35 
1.106  2.35988e+31 
1.107  9.94885e+28 
1.108  2.35655e+27 
1.109  1.36477e+26 
1.11  1.36754e+25 
1.111  1.98571e+24 
1.112  3.77034e+23 
1.113  8.80625e+22 
1.114  2.5119e+22 
1.115  1.08851e+22 
1.116  1.31009e+22 
1.117  3.65038e+22 
1.118  1.37521e+23 
1.119  6.28087e+23 
1.12  3.58775e+24 
1.121  2.75851e+25 
1.122  3.22556e+26 
1.123  7.13362e+27 
1.124  4.68161e+29 
1.125  3.04751e+32 
1.126  1.09687e+39 
1.127  7.30071e+36 
1.128  5.85586e+31 
1.129  1.74204e+29 
1.13  3.70504e+27 
1.131  3.65944e+27 
1.132  1.71775e+29 
1.133  5.77117e+31 
1.134  7.17915e+36 
1.135  1.08832e+39 
1.136  3.01254e+32 
1.137  7.78109e+30 
1.138  5.58336e+34 
1.139  2.65533e+46 
1.14  5.51464e+33 
1.141  2.3068e+30 
1.142  3.52554e+28 
1.143  1.2271e+30 
1.144  1.70262e+33 
1.145  2.46541e+42 
1.146  2.72296e+35 
1.147  1.50799e+31 
1.148  7.36384e+28 
1.149  1.86858e+27 
1.15  1.12852e+26 
1.151  1.27075e+25 
1.152  8.79323e+24 
1.153  6.26977e+25 
1.154  8.91499e+26 
1.155  2.73142e+28 
1.156  3.33938e+30 
1.157  1.14638e+34 
1.158  2.97025e+52 
1.159  2.3612e+34 
1.16  4.79218e+30 
1.161  3.49741e+28 
1.162  5.32261e+27 
1.163  2.20334e+29 
1.164  8.57315e+31 
1.165  2.16154e+37 
1.166  2.37474e+38 
1.167  7.51769e+39 
1.168  4.96717e+32 
1.169  6.16317e+29 
1.17  8.77249e+27 
1.171  3.89896e+26 
1.172  3.35188e+25 
1.173  4.42675e+24 
1.174  7.90038e+23 
1.175  1.76158e+23 
1.176  4.66173e+22 
1.177  1.41341e+22 
1.178  4.79018e+21 
1.179  1.78743e+21 
1.18  7.36656e+20 
1.181  3.57047e+20 
1.182  2.5166e+20 
1.183  3.2466e+20 
1.184  6.59283e+20 
1.185  1.64345e+21 
1.186  4.59417e+21 
1.187  1.42616e+22 
1.188  4.991e+22 
1.189  2.02221e+23 
1.19  9.85834e+23 
1.191  6.11815e+24 
1.192  5.27312e+25 
1.193  7.29416e+26 
1.194  2.11718e+28 
1.195  2.32619e+30 
1.196  5.86405e+33 
1.197  9.50256e+46 
1.198  4.6558e+34 
1.199  6.54194e+30 
1.2  4.21725e+28 
1.201  1.22293e+27 
1.202  7.97259e+25 
1.203  8.63426e+24 
1.204  1.32445e+24 
1.205  2.61834e+23 
1.206  6.27932e+22 
1.207  1.75341e+22 
1.208  5.54093e+21 
1.209  1.94766e+21 
1.21  7.65092e+20 
1.211  3.63285e+20 
1.212  2.67527e+20 
1.213  3.74091e+20 
1.214  7.96263e+20 
1.215  2.0313e+21 
1.216  5.7828e+21 
1.217  1.83201e+22 
1.218  6.57403e+22 
1.219  2.74962e+23 
1.22  1.39689e+24 
1.221  9.16168e+24 
1.222  8.5329e+25 
1.223  1.32615e+27 
1.224  4.67565e+28 
1.225  7.59023e+30 
1.226  6.25131e+34 
1.227  7.10161e+45 
1.228  4.74225e+33 
1.229  2.09833e+30 
1.23  1.98818e+28 
1.231  9.63671e+26 
1.232  3.77012e+27 
1.233  1.09834e+29 
1.234  1.24833e+31 
1.235  3.46715e+34 
1.236  7.75466e+48 
1.237  1.77961e+35 
1.238  2.84778e+31 
1.239  9.373e+31 
1.24  3.19981e+37 
1.241  1.2635e+38 
1.242  1.47783e+32 
1.243  2.93167e+29 
1.244  4.97148e+27 
1.245  2.38621e+26 
1.246  2.13388e+25 
1.247  3.33403e+24 
1.248  3.2265e+24 
1.249  2.03384e+25 
1.25  2.261e+26 
1.251  4.65821e+27 
1.252  2.68839e+29 
1.253  1.28768e+32 
1.254  8.45048e+37 
1.255  4.53651e+37 
1.256  1.04692e+32 
1.257  6.83536e+30 
1.258  9.96136e+34 
1.259  4.62349e+42 
1.26  1.06754e+33 
1.261  6.96888e+29 
1.262  7.59666e+27 
1.263  2.87353e+26 
1.264  2.20084e+25 
1.265  2.65839e+24 
1.266  4.42042e+23 
1.267  9.37453e+22 
1.268  2.55585e+22 
1.269  1.2876e+22 
1.27  2.15347e+22 
1.271  7.08444e+22 
1.272  2.97874e+23 
1.273  1.54464e+24 
1.274  1.04379e+25 
1.275  1.0151e+26 
1.276  1.68589e+27 
1.277  6.65811e+28 
1.278  1.36974e+31 
1.279  2.51381e+35 
1.28  1.9809e+42 
1.281  1.49806e+33 
1.282  1.6603e+30 
1.283  4.771e+32 
1.284  8.64682e+39 
1.285  1.80982e+36 
1.286  3.13082e+31 
1.287  1.12086e+29 
1.288  2.46298e+27 
1.289  1.36647e+26 
1.29  1.33217e+25 
1.291  1.89873e+24 
1.292  3.55768e+23 
1.293  8.19561e+22 
1.294  2.21908e+22 
1.295  6.84202e+21 
1.296  2.34739e+21 
1.297  8.80963e+20 
1.298  3.57386e+20 
1.299  1.56035e+20 
1.3  7.43791e+19 
1.301  4.13778e+19 
1.302  3.15074e+19 
1.303  3.76438e+19 
1.304  6.40897e+19 
1.305  1.30688e+20 
1.306  2.93255e+20 
1.307  7.08578e+20 
1.308  1.84691e+21 
1.309  5.24848e+21 
1.31  1.65227e+22 
1.311  5.88796e+22 
1.312  2.44605e+23 
1.313  1.23461e+24 
1.314  8.04502e+24 
1.315  7.43965e+25 
1.316  1.14562e+27 
1.317  3.9806e+28 
1.318  6.27403e+30 
1.319  4.69916e+34 
1.32  3.23414e+46 
1.321  4.94831e+33 
1.322  2.93801e+31 
1.323  1.35482e+36 
1.324  1.43927e+40 
1.325  5.27656e+32 
1.326  5.97631e+29 
1.327  8.0522e+27 
1.328  3.40778e+26 
1.329  2.79861e+25 
1.33  3.55605e+24 
1.331  6.51206e+23 
1.332  2.96285e+23 
1.333  8.10079e+23 
1.334  4.62926e+24 
1.335  3.76717e+25 
1.336  4.81214e+26 
1.337  1.2287e+28 
1.338  1.05538e+30 
1.339  1.35756e+33 
1.34  9.00747e+41 
1.341  3.34466e+35 
1.342  5.98879e+31 
1.343  4.60079e+36 
1.344  1.41629e+39 
1.345  2.87214e+32 
1.346  4.19141e+29 
1.347  6.25715e+27 
1.348  2.94893e+26 
1.349  1.84207e+26 
1.35  3.07136e+27 
1.351  1.55001e+29 
1.352  5.46342e+31 
1.353  8.37388e+36 
1.354  5.5815e+38 
1.355  2.18749e+32 
1.356  3.56093e+29 
1.357  5.55731e+27 
1.358  2.54585e+26 
1.359  2.19572e+25 
1.36  2.8891e+24 
1.361  5.70168e+23 
1.362  3.90592e+23 
1.363  1.48895e+24 
1.364  9.92321e+24 
1.365  9.69682e+25 
1.366  1.62319e+27 
1.367  6.49576e+28 
1.368  1.37414e+31 
1.369  2.78434e+35 
1.37  9.68664e+41 
1.371  1.24097e+33 
1.372  9.49102e+29 
1.373  1.09802e+28 
1.374  4.30949e+26 
1.375  5.28156e+25 
1.376  2.2219e+26 
1.377  4.53324e+27 
1.378  2.65581e+29 
1.379  1.31808e+32 
1.38  1.03877e+38 
1.381  3.30476e+37 
1.382  9.00038e+31 
1.383  2.11248e+29 
1.384  3.84895e+27 
1.385  1.92066e+26 
1.386  1.74842e+25 
1.387  2.37411e+24 
1.388  4.28818e+23 
1.389  9.59265e+22 
1.39  2.53422e+22 
1.391  7.64804e+21 
1.392  2.57382e+21 
1.393  9.48759e+20 
1.394  3.78106e+20 
1.395  1.61687e+20 
1.396  7.44724e+19 
1.397  3.82945e+19 
1.398  2.4601e+19 
1.399  2.35369e+19 
1.4  3.43403e+19 
1.401  6.46308e+19 
1.402  1.37722e+20 
1.403  3.17289e+20 
1.404  7.84476e+20 
1.405  2.09455e+21 
1.406  6.11399e+21 
1.407  1.98471e+22 
1.408  7.33144e+22 
1.409  3.18038e+23 
1.41  1.69434e+24 
1.411  1.18493e+25 
1.412  1.20904e+26 
1.413  2.16051e+27 
1.414  9.68277e+28 
1.415  2.61503e+31 
1.416  1.32289e+36 
1.417  1.25955e+40 
1.418  4.88776e+32 
1.419  5.63419e+29 
1.42  3.66405e+29 
1.421  2.29157e+32 
1.422  7.34882e+38 
1.423  6.40213e+36 
1.424  4.80115e+31 
1.425  1.40614e+29 
1.426  2.82304e+27 
1.427  1.48766e+26 
1.428  1.40253e+25 
1.429  1.95184e+24 
1.43  3.59113e+23 
1.431  8.15191e+22 
1.432  2.18008e+22 
1.433  6.64954e+21 
1.434  2.25921e+21 
1.435  8.39942e+20 
1.436  3.37071e+20 
1.437  1.44441e+20 
1.438  6.55282e+19 
1.439  3.12574e+19 
1.44  1.55951e+19 
1.441  8.11181e+18 
1.442  4.40018e+18 
1.443  2.50935e+18 
1.444  1.54339e+18 
1.445  1.08392e+18 
1.446  9.454e+17 
1.447  1.07449e+18 
1.448  1.52253e+18 
1.449  2.47247e+18 
1.45  4.33863e+18 
1.451  8.00986e+18 
1.452  1.54234e+19 
1.453  3.09578e+19 
1.454  6.49751e+19 
1.455  1.43331e+20 
1.456  3.34566e+20 
1.457  8.33397e+20 
1.458  2.2391e+21 
1.459  6.57691e+21 
1.46  2.14944e+22 
1.461  8.00061e+22 
1.462  3.50199e+23 
1.463  1.8866e+24 
1.464  1.33891e+25 
1.465  1.39472e+26 
1.466  2.57294e+27 
1.467  1.21917e+29 
1.468  3.72292e+31 
1.469  3.09127e+36 
1.47  2.62662e+39 
1.471  3.34997e+32 
1.472  4.54524e+29 
1.473  6.83799e+27 
1.474  5.99836e+27 
1.475  3.8317e+29 
1.476  2.63426e+32 
1.477  1.32606e+39 
1.478  4.11336e+36 
1.479  3.96838e+31 
1.48  1.23251e+29 
1.481  2.54001e+27 
1.482  1.35841e+26 
1.483  1.29277e+25 
1.484  1.8108e+24 
1.485  3.35163e+23 
1.486  7.77789e+22 
1.487  2.53154e+22 
1.488  2.31154e+22 
1.489  6.9138e+22 
1.49  3.19089e+23 
1.491  1.90865e+24 
1.492  1.56782e+25 
1.493  2.02006e+26 
1.494  5.22068e+27 
1.495  4.58404e+29 
1.496  6.24705e+32 
1.497  7.44101e+41 
1.498  1.10868e+35 
1.499  5.92753e+30 
1.5  2.86592e+28 
1.501  7.28484e+26 
1.502  8.36897e+25 
1.503  5.5153e+26 
1.504  1.54675e+28 
1.505  1.61433e+30 
1.506  3.52132e+33 
1.507  2.67848e+45 
1.508  5.49234e+34 
1.509  6.34702e+30 
1.51  3.85077e+28 
1.511  1.08431e+27 
1.512  7.02471e+25 
1.513  1.22401e+25 
1.514  4.10767e+25 
1.515  5.23974e+26 
1.516  1.39257e+28 
1.517  1.2909e+30 
1.518  2.03349e+33 
1.519  1.2272e+43 
1.52  1.63407e+35 
1.521  1.13636e+31 
1.522  5.92393e+28 
1.523  1.5505e+27 
1.524  9.51934e+25 
1.525  1.00401e+25 
1.526  2.12751e+24 
1.527  4.20795e+24 
1.528  3.25355e+25 
1.529  4.23078e+26 
1.53  1.11346e+28 
1.531  1.01227e+30 
1.532  1.51333e+33 
1.533  4.94524e+42 
1.534  1.6108e+35 
1.535  1.02177e+31 
1.536  5.18681e+28 
1.537  1.34051e+27 
1.538  8.16657e+25 
1.539  8.45827e+24 
1.54  1.25707e+24 
1.541  2.42722e+23 
1.542  5.71555e+22 
1.543  1.57262e+22 
1.544  4.90516e+21 
1.545  1.69628e+21 
1.546  6.39537e+20 
1.547  2.59486e+20 
1.548  1.12147e+20 
1.549  5.12036e+19 
1.55  2.45323e+19 
1.551  1.22655e+19 
1.552  6.36992e+18 
1.553  3.42284e+18 
1.554  1.89677e+18 
1.555  1.08099e+18 
1.556  6.3217e+17 
1.557  3.7874e+17 
1.558  2.32278e+17 
1.559  1.45929e+17 
1.56  9.42379e+16 
1.561  6.30867e+16 
1.562  4.45328e+16 
1.563  3.41141e+16 
1.564  2.94275e+16 
1.565  2.9401e+16 
1.566  3.39759e+16 
1.567  4.40802e+16 
1.568  6.18806e+16 
1.569  9.14022e+16 
1.57  1.39745e+17 
1.571  2.19375e+17 
1.572  3.52447e+17 
1.573  5.79117e+17 
1.574  9.73925e+17 
1.575  1.679e+18 
1.576  2.97351e+18 
1.577  5.42396e+18 
1.578  1.02222e+19 
1.579  1.99778e+19 
1.58  4.06638e+19 
1.581  8.66503e+19 
1.582  1.94505e+20 
1.583  4.63413e+20 
1.584  1.18285e+21 
1.585  3.27259e+21 
1.586  9.96165e+21 
1.587  3.40188e+22 
1.588  1.3379e+23 
1.589  6.28379e+23 
1.59  3.71475e+24 
1.591  2.99463e+25 
1.592  3.75367e+26 
1.593  9.28006e+27 
1.594  7.49226e+29 
1.595  8.19718e+32 
1.596  1.22536e+41 
1.597  5.28295e+35 
1.598  1.79566e+31 
1.599  1.90097e+29 
1.6  3.61581e+31 
1.601  3.58389e+36 
1.602  1.39783e+39 
1.603  2.54911e+32 
1.604  3.65728e+29 
1.605  5.41903e+27 
1.606  2.4134e+26 
1.607  2.04496e+25 
1.608  2.65217e+24 
1.609  4.92287e+23 
1.61  2.24913e+23 
1.611  6.12732e+23 
1.612  3.48805e+24 
1.613  2.81751e+25 
1.614  3.55158e+26 
1.615  8.86005e+27 
1.616  7.27548e+29 
1.617  8.31719e+32 
1.618  1.8258e+41 
1.619  4.10369e+35 
1.62  1.53587e+31 
1.621  6.72662e+28 
1.622  1.62182e+27 
1.623  9.48942e+25 
1.624  9.57231e+24 
1.625  1.3964e+24 
1.626  2.65925e+23 
1.627  6.1954e+22 
1.628  1.69023e+22 
1.629  5.2357e+21 
1.63  1.80039e+21 
1.631  6.75845e+20 
1.632  2.73678e+20 
1.633  1.18895e+20 
1.634  5.59598e+19 
1.635  3.01084e+19 
1.636  2.13902e+19 
1.637  2.36072e+19 
1.638  3.83492e+19 
1.639  7.65229e+19 
1.64  1.69304e+20 
1.641  4.03144e+20 
1.642  1.03184e+21 
1.643  2.86399e+21 
1.644  8.74399e+21 
1.645  2.99385e+22 
1.646  1.18008e+23 
1.647  5.55359e+23 
1.648  3.28934e+24 
1.649  2.65723e+25 
1.65  3.33982e+26 
1.651  8.29163e+27 
1.652  6.74692e+29 
1.653  7.53273e+32 
1.654  1.34247e+41 
1.655  4.28947e+35 
1.656  1.52465e+31 
1.657  6.58468e+28 
1.658  1.57729e+27 
1.659  9.19409e+25 
1.66  9.25163e+24 
1.661  1.34729e+24 
1.662  2.56243e+23 
1.663  5.96392e+22 
1.664  1.62578e+22 
1.665  5.03268e+21 
1.666  1.72942e+21 
1.667  6.48547e+20 
1.668  2.61928e+20 
1.669  1.12745e+20 
1.67  5.12917e+19 
1.671  2.44948e+19 
1.672  1.22105e+19 
1.673  6.32403e+18 
1.674  3.38961e+18 
1.675  1.87407e+18 
1.676  1.06603e+18 
1.677  6.22746e+17 
1.678  3.73382e+17 
1.679  2.30171e+17 
1.68  1.46824e+17 
1.681  9.84472e+16 
1.682  7.15913e+16 
1.683  5.92642e+16 
1.684  5.85033e+16 
1.685  6.94255e+16 
1.686  9.53536e+16 
1.687  1.44111e+17 
1.688  2.31115e+17 
1.689  3.85853e+17 
1.69  6.65238e+17 
1.691  1.18175e+18 
1.692  2.16456e+18 
1.693  4.09721e+18 
1.694  8.04082e+18 
1.695  1.64286e+19 
1.696  3.51215e+19 
1.697  7.90437e+19 
1.698  1.88676e+20 
1.699  4.82079e+20 
1.7  1.3338e+21 
1.701  4.05553e+21 
1.702  1.38157e+22 
1.703  5.41161e+22 
1.704  2.52644e+23 
1.705  1.48066e+24 
1.706  1.17882e+25 
1.707  1.45029e+26 
1.708  3.47872e+27 
1.709  2.65343e+29 
1.71  2.50985e+32 
1.711  1.14854e+40 
1.712  4.0726e+35 
1.713  9.81166e+30 
1.714  3.82245e+28 
1.715  8.72995e+26 
1.716  4.95079e+25 
1.717  4.89352e+24 
1.718  7.03739e+23 
1.719  1.32605e+23 
1.72  3.0643e+22 
1.721  8.30631e+21 
1.722  2.56005e+21 
1.723  8.77523e+20 
1.724  3.30089e+20 
1.725  1.36768e+20 
1.726  6.6061e+19 
1.727  4.46706e+19 
1.728  5.21508e+19 
1.729  9.44538e+19 
1.73  2.10609e+20 
1.731  5.22763e+20 
1.732  1.41679e+21 
1.733  4.22206e+21 
1.734  1.407e+22 
1.735  5.37278e+22 
1.736  2.43215e+23 
1.737  1.37046e+24 
1.738  1.03474e+25 
1.739  1.17905e+26 
1.74  2.50366e+27 
1.741  1.5257e+29 
1.742  8.30953e+31 
1.743  1.0746e+38 
1.744  8.8947e+36 
1.745  3.631e+31 
1.746  1.09167e+29 
1.747  1.7918e+30 
1.748  4.49385e+33 
1.749  6.59211e+46 
1.75  3.63599e+34 
1.751  5.08165e+30 
1.752  3.27039e+28 
1.753  9.4843e+26 
1.754  6.70089e+25 
1.755  5.21614e+25 
1.756  6.32836e+26 
1.757  1.84719e+28 
1.758  2.05847e+30 
1.759  5.40273e+33 
1.76  2.43049e+47 
1.761  3.57204e+34 
1.762  5.28521e+30 
1.763  3.4629e+28 
1.764  1.0122e+27 
1.765  6.63047e+25 
1.766  7.21813e+24 
1.767  1.16367e+24 
1.768  4.60382e+23 
1.769  1.31351e+24 
1.77  8.60971e+24 
1.771  8.45375e+25 
1.772  1.4273e+27 
1.773  5.79697e+28 
1.774  1.26557e+31 
1.775  2.87162e+35 
1.776  4.14916e+41 
1.777  9.23363e+32 
1.778  7.47272e+29 
1.779  8.83286e+27 
1.78  3.48528e+26 
1.781  2.73784e+25 
1.782  3.35987e+24 
1.783  5.6372e+23 
1.784  1.19217e+23 
1.785  3.01328e+22 
1.786  8.77435e+21 
1.787  2.86672e+21 
1.788  1.03042e+21 
1.789  4.01405e+20 
1.79  1.67494e+20 
1.791  7.41664e+19 
1.792  3.45885e+19 
1.793  1.68843e+19 
1.794  8.58278e+18 
1.795  4.52366e+18 
1.796  2.46309e+18 
1.797  1.38115e+18 
1.798  7.95431e+17 
1.799  4.69403e+17 
1.8  2.83259e+17 
1.801  1.74478e+17 
1.802  1.09527e+17 
1.803  6.99717e+16 
1.804  4.54355e+16 
1.805  2.9954e+16 
1.806  2.00292e+16 
1.807  1.35716e+16 
1.808  9.31115e+15 
1.809  6.46356e+15 
1.81  4.53692e+15 
1.811  3.21837e+15 
1.812  2.30628e+15 
1.813  1.66904e+15 
1.814  1.21972e+15 
1.815  9.00282e+14 
1.816  6.71592e+14 
1.817  5.07007e+14 
1.818  3.8826e+14 
1.819  3.02759e+14 
1.82  2.4182e+14 
1.821  1.99495e+14 
1.822  1.71802e+14 
1.823  1.56229e+14 
1.824  1.51435e+14 
1.825  1.57097e+14 
1.826  1.73881e+14 
1.827  2.0354e+14 
1.828  2.49148e+14 
1.829  3.1552e+14 
1.83  4.09878e+14 
1.831  5.42893e+14 
1.832  7.30284e+14 
1.833  9.95299e+14 
1.834  1.37256e+15 
1.835  1.91412e+15 
1.836  2.69906e+15 
1.837  3.84898e+15 
1.838  5.55323e+15 
1.839  8.11072e+15 
1.84  1.20002e+16 
1.841  1.80008e+16 
1.842  2.74009e+16 
1.843  4.23705e+16 
1.844  6.66336e+16 
1.845  1.06714e+17 
1.846  1.74298e+17 
1.847  2.9082e+17 
1.848  4.96634e+17 
1.849  8.69885e+17 
1.85  1.56665e+18 
1.851  2.90939e+18 
1.852  5.58974e+18 
1.853  1.11539e+19 
1.854  2.32225e+19 
1.855  5.07251e+19 
1.856  1.1702e+20 
1.857  2.87451e+20 
1.858  7.59519e+20 
1.859  2.18655e+21 
1.86  6.97303e+21 
1.861  2.51793e+22 
1.862  1.06065e+23 
1.863  5.43593e+23 
1.864  3.60657e+24 
1.865  3.41369e+25 
1.866  5.43654e+26 
1.867  1.99777e+28 
1.868  3.53277e+30 
1.869  3.85534e+34 
1.87  6.53401e+43 
1.871  1.14659e+33 
1.872  6.1498e+29 
1.873  6.23554e+27 
1.874  2.27153e+26 
1.875  1.72539e+25 
1.876  3.45433e+24 
1.877  1.02651e+25 
1.878  9.95899e+25 
1.879  1.72837e+27 
1.88  7.36983e+28 
1.881  1.78615e+31 
1.882  5.95782e+35 
1.883  6.18216e+40 
1.884  6.56836e+32 
1.885  6.34277e+29 
1.886  8.02574e+27 
1.887  3.28323e+26 
1.888  2.63744e+25 
1.889  3.28629e+24 
1.89  5.57484e+23 
1.891  1.18887e+23 
1.892  3.02468e+22 
1.893  8.85415e+21 
1.894  2.90539e+21 
1.895  1.04815e+21 
1.896  4.09605e+20 
1.897  1.71417e+20 
1.898  7.61502e+19 
1.899  3.5696e+19 
1.9  1.76313e+19 
1.901  9.26134e+18 
1.902  5.3618e+18 
1.903  3.73172e+18 
1.904  3.51441e+18 
1.905  4.59482e+18 
1.906  7.5194e+18 
1.907  1.3866e+19 
1.908  2.73908e+19 
1.909  5.70507e+19 
1.91  1.25127e+20 
1.911  2.90307e+20 
1.912  7.17969e+20 
1.913  1.91211e+21 
1.914  5.55609e+21 
1.915  1.79169e+22 
1.916  6.55826e+22 
1.917  2.81009e+23 
1.918  1.47228e+24 
1.919  1.00617e+25 
1.92  9.93137e+25 
1.921  1.68611e+27 
1.922  6.91343e+28 
1.923  1.5402e+31 
1.924  3.76125e+35 
1.925  3.16074e+41 
1.926  9.81373e+32 
1.927  8.22937e+29 
1.928  9.86028e+27 
1.929  3.9187e+26 
1.93  3.09199e+25 
1.931  3.80594e+24 
1.932  6.39956e+23 
1.933  1.35563e+23 
1.934  3.43085e+22 
1.935  1.00006e+22 
1.936  3.27012e+21 
1.937  1.17624e+21 
1.938  4.58481e+20 
1.939  1.91416e+20 
1.94  8.48185e+19 
1.941  3.96102e+19 
1.942  1.94068e+19 
1.943  9.97458e+18 
1.944  5.43593e+18 
1.945  3.26117e+18 
1.946  2.35146e+18 
1.947  2.28818e+18 
1.948  3.07264e+18 
1.949  5.14353e+18 
1.95  9.69826e+18 
1.951  1.96227e+19 
1.952  4.19786e+19 
1.953  9.49046e+19 
1.954  2.27983e+20 
1.955  5.87046e+20 
1.956  1.63928e+21 
1.957  5.03983e+21 
1.958  1.74016e+22 
1.959  6.93121e+22 
1.96  3.3057e+23 
1.961  1.99274e+24 
1.962  1.64951e+25 
1.963  2.14902e+26 
1.964  5.6548e+27 
1.965  5.13865e+29 
1.966  7.67341e+32 
1.967  2.47442e+42 
1.968  8.21863e+34 
1.969  5.20263e+30 
1.97  2.63945e+28 
1.971  6.81963e+26 
1.972  4.15394e+25 
1.973  4.30185e+24 
1.974  6.3929e+23 
1.975  1.23431e+23 
1.976  2.90637e+22 
1.977  7.99652e+21 
1.978  2.49427e+21 
1.979  8.62863e+20 
1.98  3.25933e+20 
1.981  1.33405e+20 
1.982  5.98775e+19 
1.983  3.17391e+19 
1.984  2.43046e+19 
1.985  3.19199e+19 
1.986  6.20287e+19 
1.987  1.4481e+20 
1.988  3.74817e+20 
1.989  1.06265e+21 
1.99  3.33365e+21 
1.991  1.18025e+22 
1.992  4.85065e+22 
1.993  2.40825e+23 
1.994  1.53131e+24 
1.995  1.36533e+25 
1.996  1.98682e+26 
1.997  6.27225e+27 
1.998  8.13802e+29 
1.999  3.33333e+33 
2  1.38317e+178 
2.001  3.33333e+33 
2.002  8.13802e+29 
2.003  6.27225e+27 
2.004  1.98682e+26 
2.005  1.36533e+25 
2.006  1.53131e+24 
2.007  2.40825e+23 
2.008  4.85064e+22 
2.009  1.18024e+22 
2.01  3.33333e+21 
2.011  1.0621e+21 
2.012  3.73856e+20 
2.013  1.43073e+20 
2.014  5.87953e+19 
2.015  2.56912e+19 
2.016  1.18424e+19 
2.017  5.72129e+18 
2.018  2.88146e+18 
2.019  1.50605e+18 
2.02  8.13816e+17 
2.021  4.53166e+17 
2.022  2.59311e+17 
2.023  1.52112e+17 
2.024  9.12789e+16 
2.025  5.59286e+16 
2.026  3.49337e+16 
2.027  2.22112e+16 
2.028  1.43568e+16 
2.029  9.42317e+15 
2.03  6.27394e+15 
2.031  4.23333e+15 
2.032  2.89237e+15 
2.033  1.9995e+15 
2.034  1.3976e+15 
2.035  9.87095e+14 
2.036  7.04041e+14 
2.037  5.06835e+14 
2.038  3.68087e+14 
2.039  2.69557e+14 
2.04  1.9897e+14 
2.041  1.47976e+14 
2.042  1.10842e+14 
2.043  8.35952e+13 
2.044  6.34582e+13 
2.045  4.84726e+13 
2.046  3.72469e+13 
2.047  2.87844e+13 
2.048  2.23664e+13 
2.049  1.74706e+13 
2.05  1.37152e+13 
2.051  1.08192e+13 
2.052  8.57436e+12 
2.053  6.82574e+12 
2.054  5.45716e+12 
2.055  4.38111e+12 
2.056  3.53132e+12 
2.057  2.85737e+12 
2.058  2.32067e+12 
2.059  1.89158e+12 
2.06  1.5472e+12 
2.061  1.26978e+12 
2.062  1.04551e+12 
2.063  8.63568e+11 
2.064  7.15473e+11 
2.065  5.94534e+11 
2.066  4.9546e+11 
2.067  4.14049e+11 
2.068  3.46953e+11 
2.069  2.91495e+11 
2.07  2.45528e+11 
2.071  2.07324e+11 
2.072  1.75488e+11 
2.073  1.4889e+11 
2.074  1.26612e+11 
2.075  1.07907e+11 
2.076  9.21657e+10 
2.077  7.88867e+10 
2.078  6.766e+10 
2.079  5.81476e+10 
2.08  5.00703e+10 
2.081  4.31974e+10 
2.082  3.73374e+10 
2.083  3.2331e+10 
2.084  2.80456e+10 
2.085  2.43704e+10 
2.086  2.12127e+10 
2.087  1.84947e+10 
2.088  1.61511e+10 
2.089  1.41267e+10 
2.09  1.23752e+10 
2.091  1.08573e+10 
2.092  9.53961e+09 
2.093  8.39401e+09 
2.094  7.39645e+09 
2.095  6.52649e+09 
2.096  5.76668e+09 
2.097  5.10211e+09 
2.098  4.52002e+09 
2.099  4.00945e+09 
2.1  3.56101e+09 
2.101  3.1666e+09 
2.102  2.81927e+09 
2.103  2.513e+09 
2.104  2.24259e+09 
2.105  2.00356e+09 
2.106  1.79199e+09 
2.107  1.60452e+09 
2.108  1.4382e+09 
2.109  1.29048e+09 
2.11  1.15913e+09 
2.111  1.0422e+09 
2.112  9.38008e+08 
2.113  8.45057e+08 
2.114  7.62049e+08 
2.115  6.87844e+08 
2.116  6.21442e+08 
2.117  5.61963e+08 
2.118  5.08633e+08 
2.119  4.6077e+08 
2.12  4.17773e+08 
2.121  3.79112e+08 
2.122  3.44317e+08 
2.123  3.12974e+08 
2.124  2.84714e+08 
2.125  2.59214e+08 
2.126  2.36183e+08 
2.127  2.15364e+08 
2.128  1.9653e+08 
2.129  1.79478e+08 
2.13  1.64026e+08 
2.131  1.50014e+08 
2.132  1.37296e+08 
2.133  1.25745e+08 
2.134  1.15246e+08 
2.135  1.05696e+08 
2.136  9.70022e+07 
2.137  8.90826e+07 
2.138  8.18631e+07 
2.139  7.52772e+07 
2.14  6.9265e+07 
2.141  6.37728e+07 
2.142  5.87523e+07 
2.143  5.416e+07 
2.144  4.99565e+07 
2.145  4.61065e+07 
2.146  4.2578e+07 
2.147  3.93421e+07 
2.148  3.63728e+07 
2.149  3.36463e+07 
2.15  3.11414e+07 
2.151  2.88386e+07 
2.152  2.67204e+07 
2.153  2.47709e+07 
2.154  2.29757e+07 
2.155  2.13215e+07 
2.156  1.97965e+07 
2.157  1.83898e+07 
2.158  1.70915e+07 
2.159  1.58927e+07 
2.16  1.47851e+07 
2.161  1.37612e+07 
2.162  1.28142e+07 
2.163  1.1938e+07 
2.164  1.11268e+07 
2.165  1.03754e+07 
2.166  9.6791e+06 
2.167  9.0335e+06 
2.168  8.43466e+06 
2.169  7.8789e+06 
2.17  7.36291e+06 
2.171  6.8836e+06 
2.172  6.43817e+06 
2.173  6.02405e+06 
2.174  5.63885e+06 
2.175  5.2804e+06 
2.176  4.9467e+06 
2.177  4.6359e+06 
2.178  4.34631e+06 
2.179  4.07638e+06 
2.18  3.82466e+06 
2.181  3.58983e+06 
2.182  3.37066e+06 
2.183  3.16603e+06 
2.184  2.9749e+06 
2.185  2.79631e+06 
2.186  2.62937e+06 
2.187  2.47326e+06 
2.188  2.32723e+06 
2.189  2.19056e+06 
2.19  2.06263e+06 
2.191  1.94281e+06 
2.192  1.83056e+06 
2.193  1.72536e+06 
2.194  1.62673e+06 
2.195  1.53424e+06 
2.196  1.44746e+06 
2.197  1.36602e+06 
2.198  1.28956e+06 
2.199  1.21776e+06 
2.2  1.1503e+06 
2.201  1.08691e+06 
2.202  1.02732e+06 
2.203  971278 
2.204  918564 
2.205  868963 
2.206  822275 
2.207  778315 
2.208  736913 
2.209  697906 
2.21  661146 
2.211  626493 
2.212  593816 
2.213  562993 
2.214  533912 
2.215  506465 
2.216  480553 
2.217  456085 
2.218  432972 
2.219  411134 
2.22  390495 
2.221  370983 
2.222  352533 
2.223  335081 
2.224  318570 
2.225  302944 
2.226  288153 
2.227  274148 
2.228  260884 
2.229  248319 
2.23  236412 
2.231  225127 
2.232  214429 
2.233  204284 
2.234  194662 
2.235  185533 
2.236  176870 
2.237  168648 
2.238  160842 
2.239  153430 
2.24  146389 
2.241  139701 
2.242  133345 
2.243  127304 
2.244  121561 
2.245  116100 
2.246  110907 
2.247  105966 
2.248  101265 
2.249  96791.6 
2.25  92533.2 
2.251  88478.9 
2.252  84618.1 
2.253  80940.8 
2.254  77437.5 
2.255  74099.4 
2.256  70918.1 
2.257  67885.6 
2.258  64994.3 
2.259  62237.1 
2.26  59607.4 
2.261  57098.8 
2.262  54705.1 
2.263  52420.8 
2.264  50240.4 
2.265  48158.8 
2.266  46171.1 
2.267  44272.9 
2.268  42459.6 
2.269  40727.3 
2.27  39072 
2.271  37490 
2.272  35977.8 
2.273  34532 
2.274  33149.5 
2.275  31827.4 
2.276  30562.7 
2.277  29352.7 
2.278  28195 
2.279  27087 
2.28  26026.4 
2.281  25011.1 
2.282  24039 
2.283  23108 
2.284  22216.3 
2.285  21362.1 
2.286  20543.7 
2.287  19759.5 
2.288  19007.9 
2.289  18287.4 
2.29  17596.7 
2.291  16934.4 
2.292  16299.3 
2.293  15690.1 
2.294  15105.8 
2.295  14545.1 
2.296  14007.2 
2.297  13490.9 
2.298  12995.3 
2.299  12519.6 
2.3  12062.9 
2.301  11624.3 
2.302  11203.1 
2.303  10798.5 
2.304  10409.8 
2.305  10036.4 
2.306  9677.62 
2.307  9332.78 
2.308  9001.33 
2.309  8682.71 
2.31  8376.38 
2.311  8081.82 
2.312  7798.55 
2.313  7526.1 
2.314  7264.02 
2.315  7011.88 
2.316  6769.28 
2.317  6535.83 
2.318  6311.15 
2.319  6094.88 
2.32  5886.69 
2.321  5686.25 
2.322  5493.24 
2.323  5307.37 
2.324  5128.36 
2.325  4955.92 
2.326  4789.8 
2.327  4629.75 
2.328  4475.52 
2.329  4326.89 
2.33  4183.64 
2.331  4045.55 
2.332  3912.43 
2.333  3784.08 
2.334  3660.32 
2.335  3540.97 
2.336  3425.86 
2.337  3314.82 
2.338  3207.71 
2.339  3104.36 
2.34  3004.65 
2.341  2908.42 
2.342  2815.55 
2.343  2725.91 
2.344  2639.37 
2.345  2555.83 
2.346  2475.17 
2.347  2397.28 
2.348  2322.06 
2.349  2249.42 
2.35  2179.24 
2.351  2111.45 
2.352  2045.96 
2.353  1982.68 
2.354  1921.53 
2.355  1862.44 
2.356  1805.32 
2.357  1750.12 
2.358  1696.75 
2.359  1645.15 
2.36  1595.26 
2.361  1547.02 
2.362  1500.36 
2.363  1455.24 
2.364  1411.6 
2.365  1369.38 
2.366  1328.53 
2.367  1289.01 
2.368  1250.78 
2.369  1213.77 
2.37  1177.96 
2.371  1143.3 
2.372  1109.75 
2.373  1077.26 
2.374  1045.82 
2.375  1015.37 
2.376  985.891 
2.377  957.341 
2.378  929.69 
2.379  902.909 
2.38  876.967 
2.381  851.836 
2.382  827.489 
2.383  803.898 
2.384  781.04 
2.385  758.889 
2.386  737.421 
2.387  716.614 
2.388  696.445 
2.389  676.894 
2.39  657.94 
2.391  639.563 
2.392  621.744 
2.393  604.466 
2.394  587.709 
2.395  571.458 
2.396  555.695 
2.397  540.405 
2.398  525.573 
2.399  511.183 
2.4  497.222 
2.401  483.675 
2.402  470.529 
2.403  457.772 
2.404  445.39 
2.405  433.373 
2.406  421.708 
2.407  410.384 
2.408  399.391 
2.409  388.718 
2.41  378.354 
2.411  368.291 
2.412  358.519 
2.413  349.028 
2.414  339.81 
2.415  330.857 
2.416  322.16 
2.417  313.711 
2.418  305.503 
2.419  297.528 
2.42  289.78 
2.421  282.25 
2.422  274.933 
2.423  267.821 
2.424  260.91 
2.425  254.192 
2.426  247.661 
2.427  241.313 
2.428  235.142 
2.429  229.141 
2.43  223.307 
2.431  217.634 
2.432  212.118 
2.433  206.753 
2.434  201.535 
2.435  196.46 
2.436  191.524 
2.437  186.722 
2.438  182.051 
2.439  177.506 
2.44  173.085 
2.441  168.783 
2.442  164.596 
2.443  160.523 
2.444  156.558 
2.445  152.7 
2.446  148.945 
2.447  145.289 
2.448  141.731 
2.449  138.268 
2.45  134.896 
2.451  131.613 
2.452  128.416 
2.453  125.304 
2.454  122.273 
2.455  119.322 
2.456  116.448 
2.457  113.649 
2.458  110.922 
2.459  108.266 
2.46  105.68 
2.461  103.16 
2.462  100.705 
2.463  98.3127 
2.464  95.9823 
2.465  93.7116 
2.466  91.499 
2.467  89.3429 
2.468  87.2417 
2.469  85.194 
2.47  83.1981 
2.471  81.2528 
2.472  79.3566 
2.473  77.5082 
2.474  75.7063 
2.475  73.9496 
2.476  72.237 
2.477  70.5672 
2.478  68.939 
2.479  67.3514 
2.48  65.8032 
2.481  64.2934 
2.482  62.821 
2.483  61.385 
2.484  59.9843 
2.485  58.6181 
2.486  57.2855 
2.487  55.9855 
2.488  54.7173 
2.489  53.4801 
2.49  52.273 
2.491  51.0953 
2.492  49.9461 
2.493  48.8247 
2.494  47.7305 
2.495  46.6627 
2.496  45.6205 
2.497  44.6034 
2.498  43.6108 
2.499  42.6418 
2.5  41.696 
2.501  40.7728 
2.502  39.8716 
2.503  38.9917 
2.504  38.1327 
2.505  37.2941 
2.506  36.4753 
2.507  35.6757 
2.508  34.895 
2.509  34.1326 
2.51  33.3881 
2.511  32.6611 
2.512  31.951 
2.513  31.2574 
2.514  30.58 
2.515  29.9184 
2.516  29.2721 
2.517  28.6407 
2.518  28.0239 
2.519  27.4214 
2.52  26.8327 
2.521  26.2576 
2.522  25.6956 
2.523  25.1466 
2.524  24.61 
2.525  24.0857 
2.526  23.5734 
2.527  23.0727 
2.528  22.5834 
2.529  22.1051 
2.53  21.6377 
2.531  21.1808 
2.532  20.7342 
2.533  20.2977 
2.534  19.8709 
2.535  19.4538 
2.536  19.0459 
2.537  18.6472 
2.538  18.2574 
2.539  17.8762 
2.54  17.5036 
2.541  17.1392 
2.542  16.7829 
2.543  16.4344 
2.544  16.0937 
2.545  15.7604 
2.546  15.4345 
2.547  15.1158 
2.548  14.804 
2.549  14.4991 
2.55  14.2008 
2.551  13.9091 
2.552  13.6237 
2.553  13.3445 
2.554  13.0713 
2.555  12.8041 
2.556  12.5427 
2.557  12.287 
2.558  12.0367 
2.559  11.7919 
2.56  11.5523 
2.561  11.3178 
2.562  11.0884 
2.563  10.8639 
2.564  10.6442 
2.565  10.4292 
2.566  10.2187 
2.567  10.0128 
2.568  9.8112 
2.569  9.61389 
2.57  9.42077 
2.571  9.23172 
2.572  9.04667 
2.573  8.86551 
2.574  8.68817 
2.575  8.51456 
2.576  8.34459 
2.577  8.17818 
2.578  8.01526 
2.579  7.85574 
2.58  7.69954 
2.581  7.5466 
2.582  7.39684 
2.583  7.25019 
2.584  7.10658 
2.585  6.96595 
2.586  6.82822 
2.587  6.69334 
2.588  6.56124 
2.589  6.43186 
2.59  6.30514 
2.591  6.18102 
2.592  6.05944 
2.593  5.94036 
2.594  5.82371 
2.595  5.70944 
2.596  5.5975 
2.597  5.48784 
2.598  5.38041 
2.599  5.27516 
2.6  5.17205 
2.601  5.07102 
2.602  4.97203 
2.603  4.87505 
2.604  4.78002 
2.605  4.6869 
2.606  4.59566 
2.607  4.50625 
2.608  4.41864 
2.609  4.33277 
2.61  4.24863 
2.611  4.16617 
2.612  4.08535 
2.613  4.00615 
2.614  3.92852 
2.615  3.85244 
2.616  3.77786 
2.617  3.70477 
2.618  3.63312 
2.619  3.56289 
2.62  3.49404 
2.621  3.42656 
2.622  3.3604 
2.623  3.29555 
2.624  3.23197 
2.625  3.16964 
2.626  3.10854 
2.627  3.04863 
2.628  2.98989 
2.629  2.9323 
2.63  2.87583 
2.631  2.82047 
2.632  2.76618 
2.633  2.71295 
2.634  2.66075 
2.635  2.60957 
2.636  2.55938 
2.637  2.51016 
2.638  2.46189 
2.639  2.41455 
2.64  2.36813 
2.641  2.3226 
2.642  2.27795 
2.643  2.23416 
2.644  2.19121 
2.645  2.14909 
2.646  2.10777 
2.647  2.06724 
2.648  2.02749 
2.649  1.9885 
2.65  1.95025 
2.651  1.91273 
2.652  1.87593 
2.653  1.83983 
2.654  1.80441 
2.655  1.76967 
2.656  1.73559 
2.657  1.70215 
2.658  1.66935 
2.659  1.63716 
2.66  1.60559 
2.661  1.57461 
2.662  1.54422 
2.663  1.5144 
2.664  1.48514 
2.665  1.45643 
2.666  1.42826 
2.667  1.40062 
2.668  1.3735 
2.669  1.34689 
2.67  1.32077 
2.671  1.29515 
2.672  1.27 
2.673  1.24532 
2.674  1.22111 
2.675  1.19734 
2.676  1.17402 
2.677  1.15114 
2.678  1.12867 
2.679  1.10663 
2.68  1.085 
2.681  1.06377 
2.682  1.04293 
2.683  1.02247 
2.684  1.0024 
2.685  0.982699 
2.686  0.963362 
2.687  0.944381 
2.688  0.925752 
2.689  0.907466 
2.69  0.889517 
2.691  0.871899 
2.692  0.854606 
2.693  0.83763 
2.694  0.820967 
2.695  0.80461 
2.696  0.788554 
2.697  0.772792 
2.698  0.75732 
2.699  0.742131 
2.7  0.72722 
2.701  0.712583 
2.702  0.698213 
2.703  0.684106 
2.704  0.670257 
2.705  0.656661 
2.706  0.643313 
2.707  0.630209 
2.708  0.617344 
2.709  0.604714 
2.71  0.592313 
2.711  0.580139 
2.712  0.568186 
2.713  0.556451 
2.714  0.544929 
2.715  0.533617 
2.716  0.52251 
2.717  0.511605 
2.718  0.500898 
2.719  0.490385 
2.72  0.480063 
2.721  0.469929 
2.722  0.459978 
2.723  0.450208 
2.724  0.440614 
2.725  0.431194 
2.726  0.421945 
2.727  0.412864 
2.728  0.403947 
2.729  0.395191 
2.73  0.386593 
2.731  0.378151 
2.732  0.369862 
2.733  0.361722 
2.734  0.35373 
2.735  0.345882 
2.736  0.338176 
2.737  0.330609 
2.738  0.323179 
2.739  0.315883 
2.74  0.308719 
2.741  0.301684 
2.742  0.294776 
2.743  0.287993 
2.744  0.281332 
2.745  0.274792 
2.746  0.268369 
2.747  0.262063 
2.748  0.255871 
2.749  0.24979 
2.75  0.243819 
2.751  0.237956 
2.752  0.232199 
2.753  0.226545 
2.754  0.220994 
2.755  0.215544 
2.756  0.210191 
2.757  0.204936 
2.758  0.199775 
2.759  0.194708 
2.76  0.189732 
2.761  0.184846 
2.762  0.180049 
2.763  0.175339 
2.764  0.170713 
2.765  0.166172 
2.766  0.161713 
2.767  0.157334 
2.768  0.153036 
2.769  0.148814 
2.77  0.14467 
2.771  0.140601 
2.772  0.136605 
2.773  0.132683 
2.774  0.128831 
2.775  0.12505 
2.776  0.121337 
2.777  0.117692 
2.778  0.114114 
2.779  0.1106 
2.78  0.107151 
2.781  0.103765 
2.782  0.100441 
2.783  0.0971769 
2.784  0.0939729 
2.785  0.0908276 
2.786  0.0877399 
2.787  0.0847089 
2.788  0.0817335 
2.789  0.0788127 
2.79  0.0759456 
2.791  0.0731313 
2.792  0.0703688 
2.793  0.0676572 
2.794  0.0649957 
2.795  0.0623834 
2.796  0.0598194 
2.797  0.0573028 
2.798  0.0548329 
2.799  0.0524088 
2.8  0.0500298 
2.801  0.047695 
2.802  0.0454037 
2.803  0.0431551 
2.804  0.0409485 
2.805  0.0387832 
2.806  0.0366584 
2.807  0.0345735 
2.808  0.0325277 
2.809  0.0305203 
2.81  0.0285508 
2.811  0.0266184 
2.812  0.0247226 
2.813  0.0228626 
2.814  0.0210379 
2.815  0.0192478 
2.816  0.0174918 
2.817  0.0157692 
2.818  0.0140795 
2.819  0.0124222 
2.82  0.0107966 
2.821  0.00920218 
2.822  0.00763846 
2.823  0.00610489 
2.824  0.00460094 
2.825  0.00312611 
2.826  0.00167989 
2.827  0.000261801 
2.828  -0.00112865 
2.829  -0.00249195 
2.83  -0.00382855 
2.831  -0.00513891 
2.832  -0.00642348 
2.833  -0.00768272 
2.834  -0.00891704 
2.835  -0.0101269 
2.836  -0.0113127 
2.837  -0.0124748 
2.838  -0.0136137 
2.839  -0.0147298 
2.84  -0.0158234 
2.841  -0.016895 
2.842  -0.0179449 
2.843  -0.0189734 
2.844  -0.019981 
2.845  -0.0209681 
2.846  -0.0219349 
2.847  -0.0228818 
2.848  -0.0238092 
2.849  -0.0247173 
2.85  -0.0256066 
2.851  -0.0264773 
2.852  -0.0273298 
2.853  -0.0281644 
2.854  -0.0289813 
2.855  -0.029781 
2.856  -0.0305636 
2.857  -0.0313295 
2.858  -0.0320789 
2.859  -0.0328122 
2.86  -0.0335296 
2.861  -0.0342315 
2.862  -0.0349179 
2.863  -0.0355893 
2.864  -0.0362459 
2.865  -0.036888 
2.866  -0.0375157 
2.867  -0.0381293 
2.868  -0.0387292 
2.869  -0.0393154 
2.87  -0.0398883 
2.871  -0.0404481 
2.872  -0.040995 
2.873  -0.0415292 
2.874  -0.042051 
2.875  -0.0425605 
2.876  -0.043058 
2.877  -0.0435436 
2.878  -0.0440177 
2.879  -0.0444803 
2.88  -0.0449317 
2.881  -0.0453721 
2.882  -0.0458017 
2.883  -0.0462206 
2.884  -0.046629 
2.885  -0.0470272 
2.886  -0.0474152 
2.887  -0.0477934 
2.888  -0.0481617 
2.889  -0.0485205 
2.89  -0.0488699 
2.891  -0.04921 
2.892  -0.049541 
2.893  -0.049863 
2.894  -0.0501763 
2.895  -0.050481 
2.896  -0.0507771 
2.897  -0.051065 
2.898  -0.0513446 
2.899  -0.0516163 
2.9  -0.05188 
2.901  -0.0521359 
2.902  -0.0523842 
2.903  -0.0526251 
2.904  -0.0528585 
2.905  -0.0530847 
2.906  -0.0533039 
2.907  -0.053516 
2.908  -0.0537213 
2.909  -0.0539198 
2.91  -0.0541118 
2.911  -0.0542972 
2.912  -0.0544762 
2.913  -0.054649 
2.914  -0.0548156 
2.915  -0.0549761 
2.916  -0.0551308 
2.917  -0.0552795 
2.918  -0.0554226 
2.919  -0.05556 
2.92  -0.0556918 
2.921  -0.0558183 
2.922  -0.0559394 
2.923  -0.0560552 
2.924  -0.0561659 
2.925  -0.0562716 
2.926  -0.0563723 
2.927  -0.0564681 
2.928  -0.0565592 
2.929  -0.0566455 
2.93  -0.0567272 
2.931  -0.0568044 
2.932  -0.0568772 
2.933  -0.0569456 
2.934  -0.0570097 
2.935  -0.0570696 
2.936  -0.0571254 
2.937  -0.0571771 
2.938  -0.0572248 
2.939  -0.0572687 
2.94  -0.0573087 
2.941  -0.0573449 
2.942  -0.0573774 
2.943  -0.0574063 
2.944  -0.0574317 
2.945  -0.0574536 
2.946  -0.057472 
2.947  -0.0574871 
2.948  -0.0574989 
2.949  -0.0575074 
2.95  -0.0575128 
2.951  -0.0575151 
2.952  -0.0575143 
2.953  -0.0575105 
2.954  -0.0575038 
2.955  -0.0574942 
2.956  -0.0574817 
2.957  -0.0574665 
2.958  -0.0574486 
2.959  -0.057428 
2.96  -0.0574047 
2.961  -0.057379 
2.962  -0.0573507 
2.963  -0.0573199 
2.964  -0.0572867 
2.965  -0.0572512 
2.966  -0.0572133 
2.967  -0.0571731 
2.968  -0.0571308 
2.969  -0.0570862 
2.97  -0.0570395 
2.971  -0.0569907 
2.972  -0.0569398 
2.973  -0.0568869 
2.974  -0.0568321 
2.975  -0.0567753 
2.976  -0.0567166 
2.977  -0.0566561 
2.978  -0.0565937 
2.979  -0.0565296 
2.98  -0.0564637 
2.981  -0.0563962 
2.982  -0.0563269 
2.983  -0.056256 
2.984  -0.0561835 
2.985  -0.0561095 
2.986  -0.0560339 
2.987  -0.0559569 
2.988  -0.0558783 
2.989  -0.0557983 
2.99  -0.055717 
2.991  -0.0556342 
2.992  -0.0555501 
2.993  -0.0554647 
2.994  -0.055378 
2.995  -0.0552901 
2.996  -0.055201 
2.997  -0.0551106 
2.998  -0.0550191 
2.999  -0.0549264 
3  -0.0548326 
3.001  -0.0547378 
3.002  -0.0546418 
3.003  -0.0545449 
3.004  -0.0544469 
3.005  -0.0543479 
3.006  -0.054248 
3.007  -0.0541471 
3.008  -0.0540453 
3.009  -0.0539426 
3.01  -0.053839 
3.011  -0.0537346 
3.012  -0.0536294 
3.013  -0.0535233 
3.014  -0.0534165 
3.015  -0.0533089 
3.016  -0.0532005 
3.017  -0.0530915 
3.018  -0.0529817 
3.019  -0.0528712 
3.02  -0.0527601 
3.021  -0.0526483 
3.022  -0.0525359 
3.023  -0.0524229 
3.024  -0.0523092 
3.025  -0.052195 
3.026  -0.0520803 
3.027  -0.051965 
3.028  -0.0518491 
3.029  -0.0517328 
3.03  -0.051616 
3.031  -0.0514986 
3.032  -0.0513809 
3.033  -0.0512626 
3.034  -0.051144 
3.035  -0.0510249 
3.036  -0.0509054 
3.037  -0.0507855 
3.038  -0.0506653 
3.039  -0.0505446 
3.04  -0.0504237 
3.041  -0.0503024 
3.042  -0.0501807 
3.043  -0.0500588 
3.044  -0.0499366 
3.045  -0.049814 
3.046  -0.0496912 
3.047  -0.0495682 
3.048  -0.0494449 
3.049  -0.0493213 
3.05  -0.0491976 
3.051  -0.0490736 
3.052  -0.0489494 
3.053  -0.048825 
3.054  -0.0487004 
3.055  -0.0485756 
3.056  -0.0484507 
3.057  -0.0483256 
3.058  -0.0482004 
3.059  -0.0480751 
3.06  -0.0479496 
3.061  -0.047824 
3.062  -0.0476983 
3.063  -0.0475725 
3.064  -0.0474466 
3.065  -0.0473206 
3.066  -0.0471946 
3.067  -0.0470685 
3.068  -0.0469423 
3.069  -0.0468161 
3.07  -0.0466898 
3.071  -0.0465636 
3.072  -0.0464372 
3.073  -0.0463109 
3.074  -0.0461846 
3.075  -0.0460582 
3.076  -0.0459319 
3.077  -0.0458056 
3.078  -0.0456792 
3.079  -0.0455529 
3.08  -0.0454267 
3.081  -0.0453005 
3.082  -0.0451743 
3.083  -0.0450481 
3.084  -0.0449221 
3.085  -0.0447961 
3.086  -0.0446701 
3.087  -0.0445442 
3.088  -0.0444184 
3.089  -0.0442927 
3.09  -0.0441671 
3.091  -0.0440415 
3.092  -0.0439161 
3.093  -0.0437908 
3.094  -0.0436656 
3.095  -0.0435404 
3.096  -0.0434154 
3.097  -0.0432906 
3.098  -0.0431658 
3.099  -0.0430412 
3.1  -0.0429168 
3.101  -0.0427924 
3.102  -0.0426682 
3.103  -0.0425442 
3.104  -0.0424203 
3.105  -0.0422966 
3.106  -0.042173 
3.107  -0.0420496 
3.108  -0.0419264 
3.109  -0.0418033 
3.11  -0.0416804 
3.111  -0.0415577 
3.112  -0.0414352 
3.113  -0.0413129 
3.114  -0.0411907 
3.115  -0.0410688 
3.116  -0.040947 
3.117  -0.0408254 
3.118  -0.0407041 
3.119  -0.0405829 
3.12  -0.0404619 
3.121  -0.0403412 
3.122  -0.0402207 
3.123  -0.0401003 
3.124  -0.0399802 
3.125  -0.0398604 
3.126  -0.0397407 
3.127  -0.0396213 
3.128  -0.0395021 
3.129  -0.0393831 
3.13  -0.0392644 
3.131  -0.0391458 
3.132  -0.0390276 
3.133  -0.0389095 
3.134  -0.0387917 
3.135  -0.0386742 
3.136  -0.0385569 
3.137  -0.0384398 
3.138  -0.038323 
3.139  -0.0382064 
3.14  -0.0380901 
3.141  -0.0379741 
3.142  -0.0378583 
3.143  -0.0377427 
3.144  -0.0376274 
3.145  -0.0375124 
3.146  -0.0373976 
3.147  -0.0372831 
3.148  -0.0371689 
3.149  -0.0370549 
3.15  -0.0369412 
3.151  -0.0368277 
3.152  -0.0367145 
3.153  -0.0366016 
3.154  -0.036489 
3.155  -0.0363766 
3.156  -0.0362645 
3.157  -0.0361527 
3.158  -0.0360412 
3.159  -0.0359299 
3.16  -0.0358189 
3.161  -0.0357082 
3.162  -0.0355978 
3.163  -0.0354876 
3.164  -0.0353777 
3.165  -0.0352681 
3.166  -0.0351588 
3.167  -0.0350498 
3.168  -0.0349411 
3.169  -0.0348326 
3.17  -0.0347244 
3.171  -0.0346166 
3.172  -0.0345089 
3.173  -0.0344016 
3.174  -0.0342946 
3.175  -0.0341879 
3.176  -0.0340814 
3.177  -0.0339752 
3.178  -0.0338694 
3.179  -0.0337638 
3.18  -0.0336585 
3.181  -0.0335535 
3.182  -0.0334488 
3.183  -0.0333443 
3.184  -0.0332402 
3.185  -0.0331364 
3.186  -0.0330328 
3.187  -0.0329295 
3.188  -0.0328266 
3.189  -0.0327239 
3.19  -0.0326215 
3.191  -0.0325194 
3.192  -0.0324176 
3.193  -0.0323161 
3.194  -0.0322149 
3.195  -0.032114 
3.196  -0.0320133 
3.197  -0.031913 
3.198  -0.031813 
3.199  -0.0317132 
3.2  -0.0316137 
3.201  -0.0315146 
3.202  -0.0314157 
3.203  -0.0313171 
3.204  -0.0312188 
3.205  -0.0311208 
3.206  -0.0310231 
3.207  -0.0309257 
3.208  -0.0308286 
3.209  -0.0307318 
3.21  -0.0306352 
3.211  -0.030539 
3.212  -0.030443 
3.213  -0.0303474 
3.214  -0.030252 
3.215  -0.0301569 
3.216  -0.0300621 
3.217  -0.0299676 
3.218  -0.0298734 
3.219  -0.0297795 
3.22  -0.0296859 
3.221  -0.0295925 
3.222  -0.0294995 
3.223  -0.0294067 
3.224  -0.0293142 
3.225  -0.029222 
3.226  -0.0291301 
3.227  -0.0290385 
3.228  -0.0289472 
3.229  -0.0288562 
3.23  -0.0287654 
3.231  -0.0286749 
3.232  -0.0285847 
3.233  -0.0284948 
3.234  -0.0284052 
3.235  -0.0283159 
3.236  -0.0282268 
3.237  -0.0281381 
3.238  -0.0280496 
3.239  -0.0279614 
3.24  -0.0278734 
3.241  -0.0277858 
3.242  -0.0276984 
3.243  -0.0276114 
3.244  -0.0275246 
3.245  -0.027438 
3.246  -0.0273518 
3.247  -0.0272658 
3.248  -0.0271801 
3.249  -0.0270947 
3.25  -0.0270096 
3.251  -0.0269247 
3.252  -0.0268401 
3.253  -0.0267558 
3.254  -0.0266718 
3.255  -0.026588 
3.256  -0.0265045 
3.257  -0.0264213 
3.258  -0.0263384 
3.259  -0.0262557 
3.26  -0.0261733 
3.261  -0.0260911 
3.262  -0.0260093 
3.263  -0.0259277 
3.264  -0.0258463 
3.265  -0.0257653 
3.266  -0.0256845 
3.267  -0.025604 
3.268  -0.0255237 
3.269  -0.0254437 
3.27  -0.025364 
3.271  -0.0252845 
3.272  -0.0252053 
3.273  -0.0251263 
3.274  -0.0250477 
3.275  -0.0249692 
3.276  -0.0248911 
3.277  -0.0248132 
3.278  -0.0247355 
3.279  -0.0246581 
3.28  -0.024581 
3.281  -0.0245042 
3.282  -0.0244275 
3.283  -0.0243512 
3.284  -0.0242751 
3.285  -0.0241992 
3.286  -0.0241236 
3.287  -0.0240483 
3.288  -0.0239732 
3.289  -0.0238984 
3.29  -0.0238238 
3.291  -0.0237495 
3.292  -0.0236754 
3.293  -0.0236016 
3.294  -0.023528 
3.295  -0.0234546 
3.296  -0.0233815 
3.297  -0.0233087 
3.298  -0.0232361 
3.299  -0.0231637 
3.3  -0.0230916 
3.301  -0.0230198 
3.302  -0.0229481 
3.303  -0.0228768 
3.304  -0.0228056 
3.305  -0.0227347 
3.306  -0.0226641 
3.307  -0.0225937 
3.308  -0.0225235 
3.309  -0.0224535 
3.31  -0.0223838 
3.311  -0.0223144 
3.312  -0.0222451 
3.313  -0.0221761 
3.314  -0.0221074 
3.315  -0.0220388 
3.316  -0.0219705 
3.317  -0.0219025 
3.318  -0.0218346 
3.319  -0.021767 
3.32  -0.0216997 
3.321  -0.0216325 
3.322  -0.0215656 
3.323  -0.0214989 
3.324  -0.0214325 
3.325  -0.0213662 
3.326  -0.0213002 
3.327  -0.0212345 
3.328  -0.0211689 
3.329  -0.0211036 
3.33  -0.0210385 
3.331  -0.0209736 
3.332  -0.0209089 
3.333  -0.0208445 
3.334  -0.0207803 
3.335  -0.0207163 
3.336  -0.0206525 
3.337  -0.0205889 
3.338  -0.0205256 
3.339  -0.0204624 
3.34  -0.0203995 
3.341  -0.0203368 
3.342  -0.0202743 
3.343  -0.0202121 
3.344  -0.02015 
3.345  -0.0200882 
3.346  -0.0200265 
3.347  -0.0199651 
3.348  -0.0199039 
3.349  -0.0198429 
3.35  -0.0197821 
3.351  -0.0197215 
3.352  -0.0196612 
3.353  -0.019601 
3.354  -0.019541 
3.355  -0.0194813 
3.356  -0.0194217 
3.357  -0.0193624 
3.358  -0.0193032 
3.359  -0.0192443 
3.36  -0.0191856 
3.361  -0.019127 
3.362  -0.0190687 
3.363  -0.0190106 
3.364  -0.0189526 
3.365  -0.0188949 
3.366  -0.0188374 
3.367  -0.01878 
3.368  -0.0187229 
3.369  -0.0186659 
3.37  -0.0186092 
3.371  -0.0185526 
3.372  -0.0184963 
3.373  -0.0184401 
3.374  -0.0183841 
3.375  -0.0183283 
3.376  -0.0182727 
3.377  -0.0182174 
3.378  -0.0181621 
3.379  -0.0181071 
3.38  -0.0180523 
3.381  -0.0179977 
3.382  -0.0179432 
3.383  -0.0178889 
3.384  -0.0178348 
3.385  -0.017781 
3.386  -0.0177272 
3.387  -0.0176737 
3.388  -0.0176204 
3.389  -0.0175672 
3.39  -0.0175142 
3.391  -0.0174615 
3.392  -0.0174088 
3.393  -0.0173564 
3.394  -0.0173042 
3.395  -0.0172521 
3.396  -0.0172002 
3.397  -0.0171485 
3.398  -0.0170969 
3.399  -0.0170456 
3.4  -0.0169944 
3.401  -0.0169434 
3.402  -0.0168925 
3.403  -0.0168419 
3.404  -0.0167914 
3.405  -0.0167411 
3.406  -0.0166909 
3.407  -0.016641 
3.408  -0.0165912 
3.409  -0.0165416 
3.41  -0.0164921 
3.411  -0.0164428 
3.412  -0.0163937 
3.413  -0.0163447 
3.414  -0.016296 
3.415  -0.0162473 
3.416  -0.0161989 
3.417  -0.0161506 
3.418  -0.0161025 
3.419  -0.0160545 
3.42  -0.0160068 
3.421  -0.0159591 
3.422  -0.0159117 
3.423  -0.0158644 
3.424  -0.0158172 
3.425  -0.0157702 
3.426  -0.0157234 
3.427  -0.0156768 
3.428  -0.0156303 
3.429  -0.0155839 
3.43  -0.0155378 
3.431  -0.0154917 
3.432  -0.0154459 
3.433  -0.0154002 
3.434  -0.0153546 
3.435  -0.0153092 
3.436  -0.015264 
3.437  -0.0152189 
3.438  -0.015174 
3.439  -0.0151292 
3.44  -0.0150845 
3.441  -0.0150401 
3.442  -0.0149957 
3.443  -0.0149516 
3.444  -0.0149076 
3.445  -0.0148637 
3.446  -0.01482 
3.447  -0.0147764 
3.448  -0.014733 
3.449  -0.0146897 
3.45  -0.0146465 
3.451  -0.0146036 
3.452  -0.0145607 
3.453  -0.014518 
3.454  -0.0144755 
3.455  -0.0144331 
3.456  -0.0143908 
3.457  -0.0143487 
3.458  -0.0143067 
3.459  -0.0142649 
3.46  -0.0142232 
3.461  -0.0141817 
3.462  -0.0141403 
3.463  -0.014099 
3.464  -0.0140579 
3.465  -0.0140169 
3.466  -0.013976 
3.467  -0.0139353 
3.468  -0.0138948 
3.469  -0.0138543 
3.47  -0.013814 
3.471  -0.0137739 
3.472  -0.0137338 
3.473  -0.013694 
3.474  -0.0136542 
3.475  -0.0136146 
3.476  -0.0135751 
3.477  -0.0135357 
3.478  -0.0134965 
3.479  -0.0134574 
3.48  -0.0134185 
3.481  -0.0133797 
3.482  -0.013341 
3.483  -0.0133024 
3.484  -0.013264 
3.485  -0.0132257 
3.486  -0.0131875 
3.487  -0.0131494 
3.488  -0.0131115 
3.489  -0.0130737 
3.49  -0.0130361 
3.491  -0.0129985 
3.492  -0.0129611 
3.493  -0.0129238 
3.494  -0.0128867 
3.495  -0.0128496 
3.496  -0.0128127 
3.497  -0.0127759 
3.498  -0.0127393 
3.499  -0.0127027 
3.5  -0.0126663 
3.501  -0.01263 
3.502  -0.0125939 
3.503  -0.0125578 
3.504  -0.0125219 
3.505  -0.0124861 
3.506  -0.0124504 
3.507  -0.0124148 
3.508  -0.0123793 
3.509  -0.012344 
3.51  -0.0123088 
3.511  -0.0122737 
3.512  -0.0122387 
3.513  -0.0122038 
3.514  -0.0121691 
3.515  -0.0121345 
3.516  -0.0120999 
3.517  -0.0120655 
3.518  -0.0120313 
3.519  -0.0119971 
3.52  -0.011963 
3.521  -0.0119291 
3.522  -0.0118952 
3.523  -0.0118615 
3.524  -0.0118279 
3.525  -0.0117944 
3.526  -0.011761 
3.527  -0.0117278 
3.528  -0.0116946 
3.529  -0.0116615 
3.53  -0.0116286 
3.531  -0.0115958 
3.532  -0.011563 
3.533  -0.0115304 
3.534  -0.0114979 
3.535  -0.0114655 
3.536  -0.0114332 
3.537  -0.011401 
3.538  -0.0113689 
3.539  -0.011337 
3.54  -0.0113051 
3.541  -0.0112733 
3.542  -0.0112417 
3.543  -0.0112101 
3.544  -0.0111787 
3.545  -0.0111473 
3.546  -0.0111161 
3.547  -0.0110849 
3.548  -0.0110539 
3.549  -0.011023 
3.55  -0.0109921 
3.551  -0.0109614 
3.552  -0.0109308 
3.553  -0.0109002 
3.554  -0.0108698 
3.555  -0.0108395 
3.556  -0.0108093 
3.557  -0.0107791 
3.558  -0.0107491 
3.559  -0.0107192 
3.56  -0.0106893 
3.561  -0.0106596 
3.562  -0.01063 
3.563  -0.0106004 
3.564  -0.010571 
3.565  -0.0105416 
3.566  -0.0105124 
3.567  -0.0104832 
3.568  -0.0104541 
3.569  -0.0104252 
3.57  -0.0103963 
3.571  -0.0103675 
3.572  -0.0103388 
3.573  -0.0103103 
3.574  -0.0102818 
3.575  -0.0102534 
3.576  -0.010225 
3.577  -0.0101968 
3.578  -0.0101687 
3.579  -0.0101407 
3.58  -0.0101127 
3.581  -0.0100849 
3.582  -0.0100571 
3.583  -0.0100294 
3.584  -0.0100018 
3.585  -0.00997435 
3.586  -0.00994695 
3.587  -0.00991963 
3.588  -0.00989241 
3.589  -0.00986527 
3.59  -0.00983822 
3.591  -0.00981126 
3.592  -0.00978438 
3.593  -0.00975759 
3.594  -0.00973089 
3.595  -0.00970428 
3.596  -0.00967775 
3.597  -0.0096513 
3.598  -0.00962495 
3.599  -0.00959867 
3.6  -0.00957249 
3.601  -0.00954638 
3.602  -0.00952036 
3.603  -0.00949443 
3.604  -0.00946858 
3.605  -0.00944281 
3.606  -0.00941712 
3.607  -0.00939152 
3.608  -0.009366 
3.609  -0.00934056 
3.61  -0.00931521 
3.611  -0.00928993 
3.612  -0.00926474 
3.613  -0.00923962 
3.614  -0.00921459 
3.615  -0.00918964 
3.616  -0.00916477 
3.617  -0.00913998 
3.618  -0.00911526 
3.619  -0.00909063 
3.62  -0.00906607 
3.621  -0.0090416 
3.622  -0.0090172 
3.623  -0.00899288 
3.624  -0.00896864 
3.625  -0.00894447 
3.626  -0.00892039 
3.627  -0.00889637 
3.628  -0.00887244 
3.629  -0.00884858 
3.63  -0.0088248 
3.631  -0.00880109 
3.632  -0.00877746 
3.633  -0.00875391 
3.634  -0.00873043 
3.635  -0.00870702 
3.636  -0.00868369 
3.637  -0.00866043 
3.638  -0.00863725 
3.639  -0.00861414 
3.64  -0.0085911 
3.641  -0.00856814 
3.642  -0.00854525 
3.643  -0.00852243 
3.644  -0.00849968 
3.645  -0.00847701 
3.646  -0.00845441 
3.647  -0.00843188 
3.648  -0.00840942 
3.649  -0.00838703 
3.65  -0.00836471 
3.651  -0.00834246 
3.652  -0.00832029 
3.653  -0.00829818 
3.654  -0.00827614 
3.655  -0.00825418 
3.656  -0.00823228 
3.657  -0.00821045 
3.658  -0.00818869 
3.659  -0.00816699 
3.66  -0.00814537 
3.661  -0.00812381 
3.662  -0.00810233 
3.663  -0.0080809 
3.664  -0.00805955 
3.665  -0.00803826 
3.666  -0.00801704 
3.667  -0.00799589 
3.668  -0.0079748 
3.669  -0.00795378 
3.67  -0.00793283 
3.671  -0.00791194 
3.672  -0.00789111 
3.673  -0.00787035 
3.674  -0.00784966 
3.675  -0.00782903 
3.676  -0.00780847 
3.677  -0.00778797 
3.678  -0.00776753 
3.679  -0.00774715 
3.68  -0.00772685 
3.681  -0.0077066 
3.682  -0.00768642 
3.683  -0.00766629 
3.684  -0.00764624 
3.685  -0.00762624 
3.686  -0.00760631 
3.687  -0.00758644 
3.688  -0.00756663 
3.689  -0.00754688 
3.69  -0.00752719 
3.691  -0.00750757 
3.692  -0.007488 
3.693  -0.0074685 
3.694  -0.00744905 
3.695  -0.00742967 
3.696  -0.00741035 
3.697  -0.00739108 
3.698  -0.00737188 
3.699  -0.00735273 
3.7  -0.00733365 
3.701  -0.00731462 
3.702  -0.00729565 
3.703  -0.00727674 
3.704  -0.00725789 
3.705  -0.0072391 
3.706  -0.00722036 
3.707  -0.00720168 
3.708  -0.00718306 
3.709  -0.0071645 
3.71  -0.00714599 
3.711  -0.00712755 
3.712  -0.00710915 
3.713  -0.00709082 
3.714  -0.00707254 
3.715  -0.00705431 
3.716  -0.00703615 
3.717  -0.00701804 
3.718  -0.00699998 
3.719  -0.00698198 
3.72  -0.00696403 
3.721  -0.00694614 
3.722  -0.00692831 
3.723  -0.00691052 
3.724  -0.0068928 
3.725  -0.00687512 
3.726  -0.0068575 
3.727  -0.00683994 
3.728  -0.00682243 
3.729  -0.00680497 
3.73  -0.00678756 
3.731  -0.00677021 
3.732  -0.00675291 
3.733  -0.00673566 
3.734  -0.00671847 
3.735  -0.00670133 
3.736  -0.00668424 
3.737  -0.0066672 
3.738  -0.00665021 
3.739  -0.00663328 
3.74  -0.00661639 
3.741  -0.00659956 
3.742  -0.00658278 
3.743  -0.00656605 
3.744  -0.00654937 
3.745  -0.00653274 
3.746  -0.00651616 
3.747  -0.00649963 
3.748  -0.00648316 
3.749  -0.00646673 
3.75  -0.00645035 
3.751  -0.00643402 
3.752  -0.00641774 
3.753  -0.00640151 
3.754  -0.00638532 
3.755  -0.00636919 
3.756  -0.0063531 
3.757  -0.00633707 
3.758  -0.00632108 
3.759  -0.00630514 
3.76  -0.00628924 
3.761  -0.0062734 
3.762  -0.0062576 
3.763  -0.00624185 
3.764  -0.00622615 
3.765  -0.00621049 
3.766  -0.00619489 
3.767  -0.00617932 
3.768  -0.00616381 
3.769  -0.00614834 
3.77  -0.00613292 
3.771  -0.00611754 
3.772  -0.00610221 
3.773  -0.00608693 
3.774  -0.00607169 
3.775  -0.00605649 
3.776  -0.00604135 
3.777  -0.00602624 
3.778  -0.00601118 
3.779  -0.00599617 
3.78  -0.0059812 
3.781  -0.00596628 
3.782  -0.0059514 
3.783  -0.00593657 
3.784  -0.00592177 
3.785  -0.00590703 
3.786  -0.00589232 
3.787  -0.00587766 
3.788  -0.00586305 
3.789  -0.00584848 
3.79  -0.00583395 
3.791  -0.00581946 
3.792  -0.00580502 
3.793  -0.00579062 
3.794  -0.00577626 
3.795  -0.00576194 
3.796  -0.00574767 
3.797  -0.00573344 
3.798  -0.00571925 
3.799  -0.0057051 
3.8  -0.005691 
3.801  -0.00567693 
3.802  -0.00566291 
3.803  -0.00564893 
3.804  -0.00563499 
3.805  -0.00562109 
3.806  -0.00560723 
3.807  -0.00559341 
3.808  -0.00557964 
3.809  -0.0055659 
3.81  -0.00555221 
3.811  -0.00553855 
3.812  -0.00552493 
3.813  -0.00551136 
3.814  -0.00549782 
3.815  -0.00548433 
3.816  -0.00547087 
3.817  -0.00545745 
3.818  -0.00544408 
3.819  -0.00543074 
3.82  -0.00541744 
3.821  -0.00540418 
3.822  -0.00539096 
3.823  -0.00537777 
3.824  -0.00536463 
3.825  -0.00535152 
3.826  -0.00533845 
3.827  -0.00532542 
3.828  -0.00531243 
3.829  -0.00529947 
3.83  -0.00528656 
3.831  -0.00527368 
3.832  -0.00526084 
3.833  -0.00524803 
3.834  -0.00523527 
3.835  -0.00522254 
3.836  -0.00520984 
3.837  -0.00519719 
3.838  -0.00518457 
3.839  -0.00517198 
3.84  -0.00515944 
3.841  -0.00514693 
3.842  -0.00513445 
3.843  -0.00512201 
3.844  -0.00510961 
3.845  -0.00509725 
3.846  -0.00508492 
3.847  -0.00507262 
3.848  -0.00506036 
3.849  -0.00504814 
3.85  -0.00503595 
3.851  -0.0050238 
3.852  -0.00501168 
3.853  -0.00499959 
3.854  -0.00498755 
3.855  -0.00497553 
3.856  -0.00496355 
3.857  -0.00495161 
3.858  -0.0049397 
3.859  -0.00492782 
3.86  -0.00491598 
3.861  -0.00490417 
3.862  -0.00489239 
3.863  -0.00488065 
3.864  -0.00486895 
3.865  -0.00485727 
3.866  -0.00484563 
3.867  -0.00483403 
3.868  -0.00482245 
3.869  -0.00481091 
3.87  -0.0047994 
3.871  -0.00478793 
3.872  -0.00477649 
3.873  -0.00476508 
3.874  -0.0047537 
3.875  -0.00474236 
3.876  -0.00473104 
3.877  -0.00471977 
3.878  -0.00470852 
3.879  -0.0046973 
3.88  -0.00468612 
3.881  -0.00467497 
3.882  -0.00466385 
3.883  -0.00465276 
3.884  -0.0046417 
3.885  -0.00463067 
3.886  -0.00461968 
3.887  -0.00460872 
3.888  -0.00459778 
3.889  -0.00458688 
3.89  -0.00457601 
3.891  -0.00456517 
3.892  -0.00455436 
3.893  -0.00454359 
3.894  -0.00453284 
3.895  -0.00452212 
3.896  -0.00451143 
3.897  -0.00450078 
3.898  -0.00449015 
3.899  -0.00447955 
3.9  -0.00446899 
3.901  -0.00445845 
3.902  -0.00444794 
3.903  -0.00443746 
3.904  -0.00442701 
3.905  -0.0044166 
3.906  -0.00440621 
3.907  -0.00439584 
3.908  -0.00438551 
3.909  -0.00437521 
3.91  -0.00436494 
3.911  -0.00435469 
3.912  -0.00434448 
3.913  -0.00433429 
3.914  -0.00432413 
3.915  -0.004314 
3.916  -0.0043039 
3.917  -0.00429382 
3.918  -0.00428378 
3.919  -0.00427376 
3.92  -0.00426377 
3.921  -0.00425381 
3.922  -0.00424387 
3.923  -0.00423397 
3.924  -0.00422409 
3.925  -0.00421424 
3.926  -0.00420442 
3.927  -0.00419462 
3.928  -0.00418485 
3.929  -0.00417511 
3.93  -0.00416539 
3.931  -0.00415571 
3.932  -0.00414605 
3.933  -0.00413641 
3.934  -0.0041268 
3.935  -0.00411722 
3.936  -0.00410767 
3.937  -0.00409814 
3.938  -0.00408864 
3.939  -0.00407917 
3.94  -0.00406972 
3.941  -0.0040603 
3.942  -0.0040509 
3.943  -0.00404153 
3.944  -0.00403219 
3.945  -0.00402287 
3.946  -0.00401357 
3.947  -0.00400431 
3.948  -0.00399507 
3.949  -0.00398585 
3.95  -0.00397666 
3.951  -0.00396749 
3.952  -0.00395835 
3.953  -0.00394924 
3.954  -0.00394015 
3.955  -0.00393108 
3.956  -0.00392204 
3.957  -0.00391303 
3.958  -0.00390404 
3.959  -0.00389507 
3.96  -0.00388613 
3.961  -0.00387722 
3.962  -0.00386832 
3.963  -0.00385946 
3.964  -0.00385061 
3.965  -0.00384179 
3.966  -0.003833 
3.967  -0.00382423 
3.968  -0.00381548 
3.969  -0.00380676 
3.97  -0.00379806 
3.971  -0.00378938 
3.972  -0.00378073 
3.973  -0.0037721 
3.974  -0.0037635 
3.975  -0.00375492 
3.976  -0.00374636 
3.977  -0.00373782 
3.978  -0.00372931 
3.979  -0.00372082 
3.98  -0.00371236 
3.981  -0.00370392 
3.982  -0.0036955 
3.983  -0.0036871 
3.984  -0.00367873 
3.985  -0.00367038 
3.986  -0.00366205 
3.987  -0.00365374 
3.988  -0.00364546 
3.989  -0.0036372 
3.99  -0.00362896 
3.991  -0.00362075 
3.992  -0.00361255 
3.993  -0.00360438 
3.994  -0.00359623 
3.995  -0.0035881 
3.996  -0.00358 
3.997  -0.00357192 
3.998  -0.00356385 
3.999  -0.00355581 
4  -0.0035478 
4.001  -0.0035398 
4.002  -0.00353182 
4.003  -0.00352387 
4.004  -0.00351594 
4.005  -0.00350803 
4.006  -0.00350014 
4.007  -0.00349227 
4.008  -0.00348442 
4.009  -0.0034766 
4.01  -0.00346879 
4.011  -0.00346101 
4.012  -0.00345324 
4.013  -0.0034455 
4.014  -0.00343778 
4.015  -0.00343008 
4.016  -0.0034224 
4.017  -0.00341474 
4.018  -0.0034071 
4.019  -0.00339948 
4.02  -0.00339188 
4.021  -0.0033843 
4.022  -0.00337674 
4.023  -0.0033692 
4.024  -0.00336169 
4.025  -0.00335419 
4.026  -0.00334671 
4.027  -0.00333925 
4.028  -0.00333181 
4.029  -0.0033244 
4.03  -0.003317 
4.031  -0.00330962 
4.032  -0.00330226 
4.033  -0.00329492 
4.034  -0.0032876 
4.035  -0.0032803 
4.036  -0.00327302 
4.037  -0.00326576 
4.038  -0.00325851 
4.039  -0.00325129 
4.04  -0.00324408 
4.041  -0.0032369 
4.042  -0.00322973 
4.043  -0.00322259 
4.044  -0.00321546 
4.045  -0.00320835 
4.046  -0.00320126 
4.047  -0.00319418 
4.048  -0.00318713 
4.049  -0.0031801 
4.05  -0.00317308 
4.051  -0.00316608 
4.052  -0.0031591 
4.053  -0.00315214 
4.054  -0.0031452 
4.055  -0.00313827 
4.056  -0.00313137 
4.057  -0.00312448 
4.058  -0.00311761 
4.059  -0.00311076 
4.06  -0.00310392 
4.061  -0.00309711 
4.062  -0.00309031 
4.063  -0.00308353 
4.064  -0.00307677 
4.065  -0.00307002 
4.066  -0.0030633 
4.067  -0.00305659 
4.068  -0.00304989 
4.069  -0.00304322 
4.07  -0.00303656 
4.071  -0.00302992 
4.072  -0.0030233 
4.073  -0.0030167 
4.074  -0.00301011 
4.075  -0.00300354 
4.076  -0.00299699 
4.077  -0.00299045 
4.078  -0.00298393 
4.079  -0.00297743 
4.08  -0.00297094 
4.081  -0.00296447 
4.082  -0.00295802 
4.083  -0.00295159 
4.084  -0.00294517 
4.085  -0.00293877 
4.086  -0.00293238 
4.087  -0.00292602 
4.088  -0.00291966 
4.089  -0.00291333 
4.09  -0.00290701 
4.091  -0.00290071 
4.092  -0.00289442 
4.093  -0.00288815 
4.094  -0.0028819 
4.095  -0.00287566 
4.096  -0.00286944 
4.097  -0.00286323 
4.098  -0.00285705 
4.099  -0.00285087 
4.1  -0.00284472 
4.101  -0.00283857 
4.102  -0.00283245 
4.103  -0.00282634 
4.104  -0.00282025 
4.105  -0.00281417 
4.106  -0.0028081 
4.107  -0.00280206 
4.108  -0.00279603 
4.109  -0.00279001 
4.11  -0.00278401 
4.111  -0.00277802 
4.112  -0.00277205 
4.113  -0.0027661 
4.114  -0.00276016 
4.115  -0.00275424 
4.116  -0.00274833 
4.117  -0.00274244 
4.118  -0.00273656 
4.119  -0.00273069 
4.12  -0.00272485 
4.121  -0.00271901 
4.122  -0.00271319 
4.123  -0.00270739 
4.124  -0.0027016 
4.125  -0.00269583 
4.126  -0.00269007 
4.127  -0.00268432 
4.128  -0.00267859 
4.129  -0.00267288 
4.13  -0.00266718 
4.131  -0.00266149 
4.132  -0.00265582 
4.133  -0.00265016 
4.134  -0.00264452 
4.135  -0.00263889 
4.136  -0.00263328 
4.137  -0.00262768 
4.138  -0.00262209 
4.139  -0.00261652 
4.14  -0.00261096 
4.141  -0.00260542 
4.142  -0.00259989 
4.143  -0.00259438 
4.144  -0.00258888 
4.145  -0.00258339 
4.146  -0.00257791 
4.147  -0.00257246 
4.148  -0.00256701 
4.149  -0.00256158 
4.15  -0.00255616 
4.151  -0.00255076 
4.152  -0.00254536 
4.153  -0.00253999 
4.154  -0.00253462 
4.155  -0.00252927 
4.156  -0.00252394 
4.157  -0.00251861 
4.158  -0.0025133 
4.159  -0.00250801 
4.16  -0.00250272 
4.161  -0.00249745 
4.162  -0.0024922 
4.163  -0.00248695 
4.164  -0.00248172 
4.165  -0.00247651 
4.166  -0.0024713 
4.167  -0.00246611 
4.168  -0.00246094 
4.169  -0.00245577 
4.17  -0.00245062 
4.171  -0.00244548 
4.172  -0.00244035 
4.173  -0.00243524 
4.174  -0.00243014 
4.175  -0.00242505 
4.176  -0.00241998 
4.177  -0.00241491 
4.178  -0.00240987 
4.179  -0.00240483 
4.18  -0.0023998 
4.181  -0.00239479 
4.182  -0.00238979 
4.183  -0.00238481 
4.184  -0.00237983 
4.185  -0.00237487 
4.186  -0.00236992 
4.187  -0.00236498 
4.188  -0.00236006 
4.189  -0.00235514 
4.19  -0.00235024 
4.191  -0.00234535 
4.192  -0.00234048 
4.193  -0.00233561 
4.194  -0.00233076 
4.195  -0.00232592 
4.196  -0.00232109 
4.197  -0.00231628 
4.198  -0.00231147 
4.199  -0.00230668 
4.2  -0.0023019 
4.201  -0.00229713 
4.202  -0.00229237 
4.203  -0.00228763 
4.204  -0.0022829 
4.205  -0.00227817 
4.206  -0.00227346 
4.207  -0.00226877 
4.208  -0.00226408 
4.209  -0.0022594 
4.21  -0.00225474 
4.211  -0.00225009 
4.212  -0.00224545 
4.213  -0.00224082 
4.214  -0.0022362 
4.215  -0.00223159 
4.216  -0.002227 
4.217  -0.00222241 
4.218  -0.00221784 
4.219  -0.00221328 
4.22  -0.00220873 
4.221  -0.00220419 
4.222  -0.00219966 
4.223  -0.00219515 
4.224  -0.00219064 
4.225  -0.00218615 
4.226  -0.00218166 
4.227  -0.00217719 
4.228  -0.00217273 
4.229  -0.00216828 
4.23  -0.00216384 
4.231  -0.00215941 
4.232  -0.00215499 
4.233  -0.00215058 
4.234  -0.00214619 
4.235  -0.0021418 
4.236  -0.00213742 
4.237  -0.00213306 
4.238  -0.00212871 
4.239  -0.00212436 
4.24  -0.00212003 
4.241  -0.00211571 
4.242  -0.0021114 
4.243  -0.0021071 
4.244  -0.0021028 
4.245  -0.00209852 
4.246  -0.00209425 
4.247  -0.00208999 
4.248  -0.00208575 
4.249  -0.00208151 
4.25  -0.00207728 
4.251  -0.00207306 
4.252  -0.00206885 
4.253  -0.00206465 
4.254  -0.00206047 
4.255  -0.00205629 
4.256  -0.00205212 
4.257  -0.00204796 
4.258  -0.00204382 
4.259  -0.00203968 
4.26  -0.00203555 
4.261  -0.00203143 
4.262  -0.00202733 
4.263  -0.00202323 
4.264  -0.00201914 
4.265  -0.00201506 
4.266  -0.002011 
4.267  -0.00200694 
4.268  -0.00200289 
4.269  -0.00199885 
4.27  -0.00199482 
4.271  -0.0019908 
4.272  -0.00198679 
4.273  -0.00198279 
4.274  -0.0019788 
4.275  -0.00197482 
4.276  -0.00197085 
4.277  -0.00196689 
4.278  -0.00196294 
4.279  -0.001959 
4.28  -0.00195506 
4.281  -0.00195114 
4.282  -0.00194722 
4.283  -0.00194332 
4.284  -0.00193942 
4.285  -0.00193554 
4.286  -0.00193166 
4.287  -0.00192779 
4.288  -0.00192393 
4.289  -0.00192008 
4.29  -0.00191624 
4.291  -0.00191241 
4.292  -0.00190859 
4.293  -0.00190478 
4.294  -0.00190098 
4.295  -0.00189718 
4.296  -0.0018934 
4.297  -0.00188962 
4.298  -0.00188585 
4.299  -0.00188209 
4.3  -0.00187834 
4.301  -0.0018746 
4.302  -0.00187087 
4.303  -0.00186715 
4.304  -0.00186343 
4.305  -0.00185973 
4.306  -0.00185603 
4.307  -0.00185235 
4.308  -0.00184867 
4.309  -0.001845 
4.31  -0.00184133 
4.311  -0.00183768 
4.312  -0.00183404 
4.313  -0.0018304 
4.314  -0.00182678 
4.315  -0.00182316 
4.316  -0.00181955 
4.317  -0.00181595 
4.318  -0.00181235 
4.319  -0.00180877 
4.32  -0.00180519 
4.321  -0.00180163 
4.322  -0.00179807 
4.323  -0.00179452 
4.324  -0.00179097 
4.325  -0.00178744 
4.326  -0.00178391 
4.327  -0.0017804 
4.328  -0.00177689 
4.329  -0.00177339 
4.33  -0.00176989 
4.331  -0.00176641 
4.332  -0.00176293 
4.333  -0.00175947 
4.334  -0.00175601 
4.335  -0.00175255 
4.336  -0.00174911 
4.337  -0.00174567 
4.338  -0.00174225 
4.339  -0.00173883 
4.34  -0.00173542 
4.341  -0.00173201 
4.342  -0.00172862 
4.343  -0.00172523 
4.344  -0.00172185 
4.345  -0.00171848 
4.346  -0.00171511 
4.347  -0.00171176 
4.348  -0.00170841 
4.349  -0.00170507 
4.35  -0.00170174 
4.351  -0.00169841 
4.352  -0.0016951 
4.353  -0.00169179 
4.354  -0.00168848 
4.355  -0.00168519 
4.356  -0.0016819 
4.357  -0.00167863 
4.358  -0.00167535 
4.359  -0.00167209 
4.36  -0.00166884 
4.361  -0.00166559 
4.362  -0.00166235 
4.363  -0.00165911 
4.364  -0.00165589 
4.365  -0.00165267 
4.366  -0.00164946 
4.367  -0.00164625 
4.368  -0.00164306 
4.369  -0.00163987 
4.37  -0.00163669 
4.371  -0.00163352 
4.372  -0.00163035 
4.373  -0.00162719 
4.374  -0.00162404 
4.375  -0.00162089 
4.376  -0.00161776 
4.377  -0.00161463 
4.378  -0.0016115 
4.379  -0.00160839 
4.38  -0.00160528 
4.381  -0.00160218 
4.382  -0.00159908 
4.383  -0.001596 
4.384  -0.00159292 
4.385  -0.00158984 
4.386  -0.00158678 
4.387  -0.00158372 
4.388  -0.00158067 
4.389  -0.00157762 
4.39  -0.00157459 
4.391  -0.00157156 
4.392  -0.00156853 
4.393  -0.00156552 
4.394  -0.00156251 
4.395  -0.0015595 
4.396  -0.00155651 
4.397  -0.00155352 
4.398  -0.00155054 
4.399  -0.00154756 
4.4  -0.00154459 
4.401  -0.00154163 
4.402  -0.00153867 
4.403  -0.00153573 
4.404  -0.00153278 
4.405  -0.00152985 
4.406  -0.00152692 
4.407  -0.001524 
4.408  -0.00152108 
4.409  -0.00151818 
4.41  -0.00151527 
4.411  -0.00151238 
4.412  -0.00150949 
4.413  -0.00150661 
4.414  -0.00150373 
4.415  -0.00150087 
4.416  -0.001498 
4.417  -0.00149515 
4.418  -0.0014923 
4.419  -0.00148946 
4.42  -0.00148662 
4.421  -0.00148379 
4.422  -0.00148097 
4.423  -0.00147815 
4.424  -0.00147534 
4.425  -0.00147253 
4.426  -0.00146974 
4.427  -0.00146694 
4.428  -0.00146416 
4.429  -0.00146138 
4.43  -0.00145861 
4.431  -0.00145584 
4.432  -0.00145308 
4.433  -0.00145033 
4.434  -0.00144758 
4.435  -0.00144484 
4.436  -0.0014421 
4.437  -0.00143937 
4.438  -0.00143665 
4.439  -0.00143393 
4.44  -0.00143122 
4.441  -0.00142852 
4.442  -0.00142582 
4.443  -0.00142313 
4.444  -0.00142044 
4.445  -0.00141776 
4.446  -0.00141509 
4.447  -0.00141242 
4.448  -0.00140976 
4.449  -0.0014071 
4.45  -0.00140445 
4.451  -0.00140181 
4.452  -0.00139917 
4.453  -0.00139654 
4.454  -0.00139391 
4.455  -0.00139129 
4.456  -0.00138867 
4.457  -0.00138606 
4.458  -0.00138346 
4.459  -0.00138086 
4.46  -0.00137827 
4.461  -0.00137569 
4.462  -0.00137311 
4.463  -0.00137053 
4.464  -0.00136796 
4.465  -0.0013654 
4.466  -0.00136284 
4.467  -0.00136029 
4.468  -0.00135775 
4.469  -0.00135521 
4.47  -0.00135267 
4.471  -0.00135015 
4.472  -0.00134762 
4.473  -0.00134511 
4.474  -0.00134259 
4.475  -0.00134009 
4.476  -0.00133759 
4.477  -0.00133509 
4.478  -0.0013326 
4.479  -0.00133012 
4.48  -0.00132764 
4.481  -0.00132517 
4.482  -0.0013227 
4.483  -0.00132024 
4.484  -0.00131778 
4.485  -0.00131533 
4.486  -0.00131289 
4.487  -0.00131044 
4.488  -0.00130801 
4.489  -0.00130558 
4.49  -0.00130316 
4.491  -0.00130074 
4.492  -0.00129832 
4.493  -0.00129592 
4.494  -0.00129351 
4.495  -0.00129112 
4.496  -0.00128873 
4.497  -0.00128634 
4.498  -0.00128396 
4.499  -0.00128158 
4.5  -0.00127921 
4.501  -0.00127684 
4.502  -0.00127448 
4.503  -0.00127213 
4.504  -0.00126978 
4.505  -0.00126743 
4.506  -0.00126509 
4.507  -0.00126276 
4.508  -0.00126043 
4.509  -0.0012581 
4.51  -0.00125579 
4.511  -0.00125347 
4.512  -0.00125116 
4.513  -0.00124886 
4.514  -0.00124656 
4.515  -0.00124426 
4.516  -0.00124198 
4.517  -0.00123969 
4.518  -0.00123741 
4.519  -0.00123514 
4.52  -0.00123287 
4.521  -0.00123061 
4.522  -0.00122835 
4.523  -0.00122609 
4.524  -0.00122384 
4.525  -0.0012216 
4.526  -0.00121936 
4.527  -0.00121713 
4.528  -0.0012149 
4.529  -0.00121267 
4.53  -0.00121045 
4.531  -0.00120824 
4.532  -0.00120603 
4.533  -0.00120382 
4.534  -0.00120162 
4.535  -0.00119942 
4.536  -0.00119723 
4.537  -0.00119505 
4.538  -0.00119287 
4.539  -0.00119069 
4.54  -0.00118852 
4.541  -0.00118635 
4.542  -0.00118419 
4.543  -0.00118203 
4.544  -0.00117988 
4.545  -0.00117773 
4.546  -0.00117558 
4.547  -0.00117344 
4.548  -0.00117131 
4.549  -0.00116918 
4.55  -0.00116705 
4.551  -0.00116493 
4.552  -0.00116282 
4.553  -0.00116071 
4.554  -0.0011586 
4.555  -0.0011565 
4.556  -0.0011544 
4.557  -0.00115231 
4.558  -0.00115022 
4.559  -0.00114813 
4.56  -0.00114605 
4.561  -0.00114398 
4.562  -0.00114191 
4.563  -0.00113984 
4.564  -0.00113778 
4.565  -0.00113572 
4.566  -0.00113367 
4.567  -0.00113162 
4.568  -0.00112957 
4.569  -0.00112753 
4.57  -0.0011255 
4.571  -0.00112347 
4.572  -0.00112144 
4.573  -0.00111942 
4.574  -0.0011174 
4.575  -0.00111539 
4.576  -0.00111338 
4.577  -0.00111137 
4.578  -0.00110937 
4.579  -0.00110738 
4.58  -0.00110538 
4.581  -0.00110339 
4.582  -0.00110141 
4.583  -0.00109943 
4.584  -0.00109746 
4.585  -0.00109549 
4.586  -0.00109352 
4.587  -0.00109156 
4.588  -0.0010896 
4.589  -0.00108764 
4.59  -0.00108569 
4.591  -0.00108375 
4.592  -0.00108181 
4.593  -0.00107987 
4.594  -0.00107794 
4.595  -0.00107601 
4.596  -0.00107408 
4.597  -0.00107216 
4.598  -0.00107024 
4.599  -0.00106833 
4.6  -0.00106642 
4.601  -0.00106452 
4.602  -0.00106262 
4.603  -0.00106072 
4.604  -0.00105883 
4.605  -0.00105694 
4.606  -0.00105505 
4.607  -0.00105317 
4.608  -0.0010513 
4.609  -0.00104942 
4.61  -0.00104755 
4.611  -0.00104569 
4.612  -0.00104383 
4.613  -0.00104197 
4.614  -0.00104012 
4.615  -0.00103827 
4.616  -0.00103642 
4.617  -0.00103458 
4.618  -0.00103275 
4.619  -0.00103091 
4.62  -0.00102908 
4.621  -0.00102726 
4.622  -0.00102544 
4.623  -0.00102362 
4.624  -0.0010218 
4.625  -0.00101999 
4.626  -0.00101819 
4.627  -0.00101638 
4.628  -0.00101458 
4.629  -0.00101279 
4.63  -0.001011 
4.631  -0.00100921 
4.632  -0.00100743 
4.633  -0.00100565 
4.634  -0.00100387 
4.635  -0.0010021 
4.636  -0.00100033 
4.637  -0.000998564 
4.638  -0.000996803 
4.639  -0.000995045 
4.64  -0.000993291 
4.641  -0.000991541 
4.642  -0.000989794 
4.643  -0.000988051 
4.644  -0.000986312 
4.645  -0.000984576 
4.646  -0.000982844 
4.647  -0.000981115 
4.648  -0.000979391 
4.649  -0.000977669 
4.65  -0.000975952 
4.651  -0.000974238 
4.652  -0.000972527 
4.653  -0.00097082 
4.654  -0.000969117 
4.655  -0.000967417 
4.656  -0.000965721 
4.657  -0.000964028 
4.658  -0.000962339 
4.659  -0.000960654 
4.66  -0.000958972 
4.661  -0.000957293 
4.662  -0.000955618 
4.663  -0.000953946 
4.664  -0.000952278 
4.665  -0.000950613 
4.666  -0.000948952 
4.667  -0.000947294 
4.668  -0.00094564 
4.669  -0.000943989 
4.67  -0.000942342 
4.671  -0.000940698 
4.672  -0.000939057 
4.673  -0.00093742 
4.674  -0.000935786 
4.675  -0.000934156 
4.676  -0.000932529 
4.677  -0.000930905 
4.678  -0.000929285 
4.679  -0.000927668 
4.68  -0.000926054 
4.681  -0.000924444 
4.682  -0.000922837 
4.683  -0.000921233 
4.684  -0.000919633 
4.685  -0.000918036 
4.686  -0.000916442 
4.687  -0.000914852 
4.688  -0.000913265 
4.689  -0.000911681 
4.69  -0.0009101 
4.691  -0.000908523 
4.692  -0.000906949 
4.693  -0.000905378 
4.694  -0.000903811 
4.695  -0.000902246 
4.696  -0.000900685 
4.697  -0.000899127 
4.698  -0.000897573 
4.699  -0.000896021 
4.7  -0.000894473 
4.701  -0.000892928 
4.702  -0.000891386 
4.703  -0.000889847 
4.704  -0.000888311 
4.705  -0.000886779 
4.706  -0.000885249 
4.707  -0.000883723 
4.708  -0.0008822 
4.709  -0.00088068 
4.71  -0.000879163 
4.711  -0.000877649 
4.712  -0.000876139 
4.713  -0.000874631 
4.714  -0.000873127 
4.715  -0.000871625 
4.716  -0.000870127 
4.717  -0.000868632 
4.718  -0.00086714 
4.719  -0.00086565 
4.72  -0.000864164 
4.721  -0.000862681 
4.722  -0.000861201 
4.723  -0.000859724 
4.724  -0.00085825 
4.725  -0.000856779 
4.726  -0.000855311 
4.727  -0.000853846 
4.728  -0.000852384 
4.729  -0.000850925 
4.73  -0.000849469 
4.731  -0.000848016 
4.732  -0.000846566 
4.733  -0.000845119 
4.734  -0.000843674 
4.735  -0.000842233 
4.736  -0.000840794 
4.737  -0.000839359 
4.738  -0.000837926 
4.739  -0.000836497 
4.74  -0.00083507 
4.741  -0.000833646 
4.742  -0.000832225 
4.743  -0.000830807 
4.744  -0.000829392 
4.745  -0.000827979 
4.746  -0.00082657 
4.747  -0.000825163 
4.748  -0.000823759 
4.749  -0.000822358 
4.75  -0.00082096 
4.751  -0.000819565 
4.752  -0.000818173 
4.753  -0.000816783 
4.754  -0.000815396 
4.755  -0.000814012 
4.756  -0.000812631 
4.757  -0.000811252 
4.758  -0.000809876 
4.759  -0.000808503 
4.76  -0.000807133 
4.761  -0.000805766 
4.762  -0.000804401 
4.763  -0.000803039 
4.764  -0.00080168 
4.765  -0.000800324 
4.766  -0.00079897 
4.767  -0.000797619 
4.768  -0.000796271 
4.769  -0.000794925 
4.77  -0.000793582 
4.771  -0.000792242 
4.772  -0.000790905 
4.773  -0.00078957 
4.774  -0.000788238 
4.775  -0.000786908 
4.776  -0.000785582 
4.777  -0.000784257 
4.778  -0.000782936 
4.779  -0.000781617 
4.78  -0.000780301 
4.781  -0.000778987 
4.782  -0.000777677 
4.783  -0.000776368 
4.784  -0.000775063 
4.785  -0.00077376 
4.786  -0.000772459 
4.787  -0.000771161 
4.788  -0.000769866 
4.789  -0.000768573 
4.79  -0.000767283 
4.791  -0.000765996 
4.792  -0.000764711 
4.793  -0.000763428 
4.794  -0.000762148 
4.795  -0.000760871 
4.796  -0.000759596 
4.797  -0.000758324 
4.798  -0.000757055 
4.799  -0.000755787 
4.8  -0.000754523 
4.801  -0.000753261 
4.802  -0.000752001 
4.803  -0.000750744 
4.804  -0.000749489 
4.805  -0.000748237 
4.806  -0.000746988 
4.807  -0.00074574 
4.808  -0.000744496 
4.809  -0.000743254 
4.81  -0.000742014 
4.811  -0.000740777 
4.812  -0.000739542 
4.813  -0.000738309 
4.814  -0.000737079 
4.815  -0.000735852 
4.816  -0.000734627 
4.817  -0.000733404 
4.818  -0.000732184 
4.819  -0.000730966 
4.82  -0.000729751 
4.821  -0.000728538 
4.822  -0.000727327 
4.823  -0.000726119 
4.824  -0.000724913 
4.825  -0.000723709 
4.826  -0.000722508 
4.827  -0.00072131 
4.828  -0.000720113 
4.829  -0.000718919 
4.83  -0.000717728 
4.831  -0.000716538 
4.832  -0.000715351 
4.833  -0.000714167 
4.834  -0.000712984 
4.835  -0.000711804 
4.836  -0.000710627 
4.837  -0.000709451 
4.838  -0.000708278 
4.839  -0.000707108 
4.84  -0.000705939 
4.841  -0.000704773 
4.842  -0.000703609 
4.843  -0.000702448 
4.844  -0.000701289 
4.845  -0.000700132 
4.846  -0.000698977 
4.847  -0.000697824 
4.848  -0.000696674 
4.849  -0.000695526 
4.85  -0.00069438 
4.851  -0.000693237 
4.852  -0.000692096 
4.853  -0.000690957 
4.854  -0.00068982 
4.855  -0.000688685 
4.856  -0.000687553 
4.857  -0.000686423 
4.858  -0.000685295 
4.859  -0.000684169 
4.86  -0.000683046 
4.861  -0.000681924 
4.862  -0.000680805 
4.863  -0.000679688 
4.864  -0.000678573 
4.865  -0.000677461 
4.866  -0.00067635 
4.867  -0.000675242 
4.868  -0.000674136 
4.869  -0.000673032 
4.87  -0.00067193 
4.871  -0.00067083 
4.872  -0.000669733 
4.873  -0.000668637 
4.874  -0.000667544 
4.875  -0.000666453 
4.876  -0.000665364 
4.877  -0.000664277 
4.878  -0.000663192 
4.879  -0.00066211 
4.88  -0.000661029 
4.881  -0.00065995 
4.882  -0.000658874 
4.883  -0.0006578 
4.884  -0.000656727 
4.885  -0.000655657 
4.886  -0.000654589 
4.887  -0.000653523 
4.888  -0.000652459 
4.889  -0.000651397 
4.89  -0.000650337 
4.891  -0.000649279 
4.892  -0.000648223 
4.893  -0.00064717 
4.894  -0.000646118 
4.895  -0.000645068 
4.896  -0.000644021 
4.897  -0.000642975 
4.898  -0.000641931 
4.899  -0.00064089 
4.9  -0.00063985 
4.901  -0.000638813 
4.902  -0.000637777 
4.903  -0.000636743 
4.904  -0.000635712 
4.905  -0.000634682 
4.906  -0.000633654 
4.907  -0.000632629 
4.908  -0.000631605 
4.909  -0.000630583 
4.91  -0.000629563 
4.911  -0.000628546 
4.912  -0.00062753 
4.913  -0.000626516 
4.914  -0.000625504 
4.915  -0.000624494 
4.916  -0.000623486 
4.917  -0.00062248 
4.918  -0.000621475 
4.919  -0.000620473 
4.92  -0.000619473 
4.921  -0.000618474 
4.922  -0.000617478 
4.923  -0.000616483 
4.924  -0.00061549 
4.925  -0.000614499 
4.926  -0.00061351 
4.927  -0.000612523 
4.928  -0.000611538 
4.929  -0.000610555 
4.93  -0.000609573 
4.931  -0.000608594 
4.932  -0.000607616 
4.933  -0.00060664 
4.934  -0.000605666 
4.935  -0.000604694 
4.936  -0.000603724 
4.937  -0.000602755 
4.938  -0.000601789 
4.939  -0.000600824 
4.94  -0.000599861 
4.941  -0.0005989 
4.942  -0.000597941 
4.943  -0.000596984 
4.944  -0.000596028 
4.945  -0.000595074 
4.946  -0.000594122 
4.947  -0.000593172 
4.948  -0.000592224 
4.949  -0.000591277 
4.95  -0.000590332 
4.951  -0.000589389 
4.952  -0.000588448 
4.953  -0.000587509 
4.954  -0.000586571 
4.955  -0.000585635 
4.956  -0.000584701 
4.957  -0.000583769 
4.958  -0.000582839 
4.959  -0.00058191 
4.96  -0.000580983 
4.961  -0.000580058 
4.962  -0.000579134 
4.963  -0.000578212 
4.964  -0.000577292 
4.965  -0.000576374 
4.966  -0.000575457 
4.967  -0.000574543 
4.968  -0.00057363 
4.969  -0.000572718 
4.97  -0.000571809 
4.971  -0.000570901 
4.972  -0.000569994 
4.973  -0.00056909 
4.974  -0.000568187 
4.975  -0.000567286 
4.976  -0.000566386 
4.977  -0.000565489 
4.978  -0.000564593 
4.979  -0.000563698 
4.98  -0.000562806 
4.981  -0.000561915 
4.982  -0.000561025 
4.983  -0.000560138 
4.984  -0.000559252 
4.985  -0.000558367 
4.986  -0.000557485 
4.987  -0.000556604 
4.988  -0.000555724 
4.989  -0.000554847 
4.99  -0.000553971 
4.991  -0.000553096 
4.992  -0.000552223 
4.993  -0.000551352 
4.994  -0.000550483 
4.995  -0.000549615 
4.996  -0.000548749 
4.997  -0.000547884 
4.998  -0.000547021 
4.999  -0.00054616 
5  -0.0005453 
