0.001  2.10938e+34 
0.002  5.14984e+30 
0.003  3.9692e+28 
0.004  1.25923e+27 
0.005  9.85588e+25 
0.006  1.15679e+26 
0.007  1.4926e+27 
0.008  4.45038e+28 
0.009  5.1652e+30 
0.01  1.52363e+34 
0.011  2.49444e+49 
0.012  6.00011e+34 
0.013  1.02444e+31 
0.014  7.02473e+28 
0.015  2.09976e+27 
0.016  1.39395e+26 
0.017  1.53339e+25 
0.018  2.56605e+24 
0.019  1.28732e+24 
0.02  4.06732e+24 
0.021  2.43281e+25 
0.022  2.0654e+26 
0.023  2.79873e+27 
0.024  7.85342e+28 
0.025  8.07798e+30 
0.026  1.69167e+34 
0.027  6.18886e+45 
0.028  3.20907e+35 
0.029  3.49898e+31 
0.03  2.08541e+29 
0.031  5.82082e+27 
0.032  3.71001e+26 
0.033  3.95862e+25 
0.034  6.01414e+24 
0.035  1.19691e+24 
0.036  3.43166e+23 
0.037  3.18766e+23 
0.038  1.13254e+24 
0.039  6.39942e+24 
0.04  4.9894e+25 
0.041  5.97412e+26 
0.042  1.37358e+28 
0.043  9.68806e+29 
0.044  7.52917e+32 
0.045  8.38275e+39 
0.046  4.71507e+36 
0.047  6.67787e+31 
0.048  2.43329e+31 
0.049  1.98464e+35 
0.05  2.26934e+46 
0.051  1.50746e+34 
0.052  6.66833e+30 
0.053  6.308e+28 
0.054  2.21672e+27 
0.055  1.62217e+26 
0.056  1.89815e+25 
0.057  3.0786e+24 
0.058  6.34984e+23 
0.059  1.57496e+23 
0.06  4.5206e+22 
0.061  1.46079e+22 
0.062  5.20696e+21 
0.063  2.01573e+21 
0.064  8.37298e+20 
0.065  3.69646e+20 
0.066  1.72155e+20 
0.067  8.41332e+19 
0.068  4.30518e+19 
0.069  2.31717e+19 
0.07  1.33899e+19 
0.071  8.77171e+18 
0.072  7.17367e+18 
0.073  7.90519e+18 
0.074  1.13303e+19 
0.075  1.91106e+19 
0.076  3.53009e+19 
0.077  6.92485e+19 
0.078  1.43065e+20 
0.079  3.11702e+20 
0.08  7.20328e+20 
0.081  1.78074e+21 
0.082  4.76163e+21 
0.083  1.39688e+22 
0.084  4.57931e+22 
0.085  1.71905e+23 
0.086  7.64111e+23 
0.087  4.21799e+24 
0.088  3.1059e+25 
0.089  3.42144e+26 
0.09  6.90038e+27 
0.091  3.83481e+29 
0.092  1.68238e+32 
0.093  7.12065e+37 
0.094  1.42858e+38 
0.095  2.12495e+32 
0.096  7.50005e+31 
0.097  2.13324e+36 
0.098  5.96067e+41 
0.099  3.5758e+33 
0.1  3.22749e+30 
0.101  4.1477e+28 
0.102  4.29085e+28 
0.103  3.29985e+30 
0.104  3.5864e+33 
0.105  5.19689e+41 
0.106  2.19274e+38 
0.107  8.63658e+37 
0.108  2.19528e+32 
0.109  5.15077e+29 
0.11  9.64822e+27 
0.111  5.035e+26 
0.112  4.8298e+25 
0.113  6.91999e+24 
0.114  1.31623e+24 
0.115  3.08982e+23 
0.116  8.53197e+22 
0.117  2.68073e+22 
0.118  9.35831e+21 
0.119  3.56722e+21 
0.12  1.467e+21 
0.121  6.479e+20 
0.122  3.11549e+20 
0.123  1.74192e+20 
0.124  1.33123e+20 
0.125  1.60803e+20 
0.126  2.79344e+20 
0.127  5.83629e+20 
0.128  1.34444e+21 
0.129  3.34127e+21 
0.13  8.97999e+21 
0.131  2.63993e+22 
0.132  8.63523e+22 
0.133  3.21685e+23 
0.134  1.40922e+24 
0.135  7.59874e+24 
0.136  5.39885e+25 
0.137  5.63263e+26 
0.138  1.04157e+28 
0.139  4.95607e+29 
0.14  1.52753e+32 
0.141  1.31815e+37 
0.142  9.42405e+39 
0.143  1.30254e+33 
0.144  1.78924e+30 
0.145  2.60459e+28 
0.146  1.14881e+27 
0.147  9.67237e+25 
0.148  1.24452e+25 
0.149  2.16106e+24 
0.15  4.69102e+23 
0.151  1.21021e+23 
0.152  3.58272e+22 
0.153  1.18672e+22 
0.154  4.31767e+21 
0.155  1.70417e+21 
0.156  7.27609e+20 
0.157  3.44137e+20 
0.158  1.99197e+20 
0.159  1.73182e+20 
0.16  2.46392e+20 
0.161  4.78679e+20 
0.162  1.07573e+21 
0.163  2.63963e+21 
0.164  7.01615e+21 
0.165  2.03747e+22 
0.166  6.56805e+22 
0.167  2.40335e+23 
0.168  1.02938e+24 
0.169  5.39036e+24 
0.17  3.68124e+25 
0.171  3.62996e+26 
0.172  6.15343e+27 
0.173  2.51643e+29 
0.174  5.57479e+31 
0.175  1.33387e+36 
0.176  1.30036e+42 
0.177  3.68751e+33 
0.178  3.06209e+30 
0.179  3.65522e+28 
0.18  1.4498e+27 
0.181  1.14254e+26 
0.182  1.40519e+25 
0.183  2.3614e+24 
0.184  5.00069e+23 
0.185  1.26671e+23 
0.186  3.72412e+22 
0.187  1.29e+22 
0.188  6.34407e+21 
0.189  6.77786e+21 
0.19  1.46436e+22 
0.191  4.22281e+22 
0.192  1.41173e+23 
0.193  5.44542e+23 
0.194  2.49778e+24 
0.195  1.43163e+25 
0.196  1.10623e+26 
0.197  1.30366e+27 
0.198  2.92136e+28 
0.199  1.96775e+30 
0.2  1.37846e+33 
0.201  1.09322e+40 
0.202  2.50884e+37 
0.203  2.1071e+32 
0.204  3.68624e+30 
0.205  4.4185e+33 
0.206  1.03474e+43 
0.207  5.52802e+35 
0.208  3.32384e+31 
0.209  1.66158e+29 
0.21  4.26347e+27 
0.211  2.58716e+26 
0.212  2.6743e+25 
0.213  3.97441e+24 
0.214  7.72166e+23 
0.215  1.92957e+23 
0.216  8.50113e+22 
0.217  1.32371e+23 
0.218  4.51353e+23 
0.219  2.01967e+24 
0.22  1.13497e+25 
0.221  8.54068e+25 
0.222  9.67986e+26 
0.223  2.03755e+28 
0.224  1.22192e+30 
0.225  6.40633e+32 
0.226  6.74281e+38 
0.227  9.65731e+37 
0.228  3.35603e+32 
0.229  8.29088e+29 
0.23  1.54453e+28 
0.231  7.8036e+26 
0.232  7.16029e+25 
0.233  9.77624e+24 
0.234  1.77293e+24 
0.235  3.97818e+23 
0.236  1.05348e+23 
0.237  3.18522e+22 
0.238  1.07343e+22 
0.239  3.95995e+21 
0.24  1.57707e+21 
0.241  6.70688e+20 
0.242  3.01928e+20 
0.243  1.42865e+20 
0.244  7.06425e+19 
0.245  3.63299e+19 
0.246  1.93587e+19 
0.247  1.06596e+19 
0.248  6.05963e+18 
0.249  3.56488e+18 
0.25  2.19145e+18 
0.251  1.44244e+18 
0.252  1.06661e+18 
0.253  9.45876e+17 
0.254  1.04578e+18 
0.255  1.40235e+18 
0.256  2.13872e+18 
0.257  3.52103e+18 
0.258  6.08657e+18 
0.259  1.09239e+19 
0.26  2.02964e+19 
0.261  3.90773e+19 
0.262  7.81986e+19 
0.263  1.63346e+20 
0.264  3.58108e+20 
0.265  8.2952e+20 
0.266  2.04708e+21 
0.267  5.43765e+21 
0.268  1.57517e+22 
0.269  5.06065e+22 
0.27  1.84398e+23 
0.271  7.85608e+23 
0.272  4.08567e+24 
0.273  2.76451e+25 
0.274  2.69043e+26 
0.275  4.47003e+27 
0.276  1.76587e+29 
0.277  3.63459e+31 
0.278  6.68146e+35 
0.279  5.19096e+42 
0.28  3.96213e+33 
0.281  2.88102e+30 
0.282  3.26989e+28 
0.283  1.26299e+27 
0.284  9.80345e+25 
0.285  1.24238e+25 
0.286  4.58025e+24 
0.287  1.72358e+25 
0.288  1.54109e+26 
0.289  2.33281e+27 
0.29  7.87598e+28 
0.291  1.17011e+31 
0.292  7.26366e+34 
0.293  4.80941e+48 
0.294  1.49152e+34 
0.295  5.30684e+30 
0.296  4.6497e+28 
0.297  1.57141e+27 
0.298  1.1325e+26 
0.299  1.82335e+25 
0.3  3.94341e+25 
0.301  3.8478e+26 
0.302  6.95408e+27 
0.303  3.18453e+29 
0.304  9.0174e+31 
0.305  5.50505e+36 
0.306  2.00139e+40 
0.307  1.26602e+33 
0.308  1.5477e+30 
0.309  2.14953e+28 
0.31  9.24316e+26 
0.311  7.65949e+25 
0.312  9.74856e+24 
0.313  1.67954e+24 
0.314  3.62641e+23 
0.315  9.37167e+22 
0.316  2.91833e+22 
0.317  1.39555e+22 
0.318  1.84348e+22 
0.319  5.40099e+22 
0.32  2.12597e+23 
0.321  1.02438e+24 
0.322  6.27745e+24 
0.323  5.3176e+25 
0.324  7.16905e+26 
0.325  1.99481e+28 
0.326  2.01859e+30 
0.327  4.03984e+33 
0.328  6.89385e+44 
0.329  9.55741e+34 
0.33  9.75137e+30 
0.331  5.69574e+28 
0.332  1.57451e+27 
0.333  1.00412e+26 
0.334  1.36944e+25 
0.335  2.04382e+25 
0.336  1.59171e+26 
0.337  2.14178e+27 
0.338  6.03257e+28 
0.339  6.41372e+30 
0.34  1.56482e+34 
0.341  1.83164e+47 
0.342  3.45444e+39 
0.343  4.19376e+32 
0.344  6.5322e+29 
0.345  1.11005e+28 
0.346  5.58411e+26 
0.347  5.21793e+25 
0.348  7.28954e+24 
0.349  1.35228e+24 
0.35  3.10781e+23 
0.351  8.66917e+22 
0.352  3.47026e+22 
0.353  3.67256e+22 
0.354  1.00197e+23 
0.355  3.89196e+23 
0.356  1.86163e+24 
0.357  1.13088e+25 
0.358  9.46456e+25 
0.359  1.25334e+27 
0.36  3.38681e+28 
0.361  3.23868e+30 
0.362  5.54968e+33 
0.363  9.7128e+43 
0.364  2.86811e+35 
0.365  2.29765e+31 
0.366  1.24844e+29 
0.367  3.33288e+27 
0.368  2.06936e+26 
0.369  2.1706e+25 
0.37  3.26728e+24 
0.371  6.75022e+23 
0.372  3.01547e+23 
0.373  6.70314e+23 
0.374  3.16634e+24 
0.375  2.03191e+25 
0.376  1.84474e+26 
0.377  2.75926e+27 
0.378  9.1206e+28 
0.379  1.29801e+31 
0.38  7.04717e+34 
0.381  5.31811e+50 
0.382  2.37064e+34 
0.383  7.53056e+30 
0.384  6.34459e+28 
0.385  2.10176e+27 
0.386  1.48376e+26 
0.387  1.69435e+25 
0.388  2.69918e+24 
0.389  5.4894e+23 
0.39  1.34574e+23 
0.391  3.82372e+22 
0.392  1.22438e+22 
0.393  4.32753e+21 
0.394  1.66192e+21 
0.395  6.8501e+20 
0.396  3.00104e+20 
0.397  1.38652e+20 
0.398  6.71224e+19 
0.399  3.38676e+19 
0.4  1.77313e+19 
0.401  9.59615e+18 
0.402  5.35129e+18 
0.403  3.06641e+18 
0.404  1.80131e+18 
0.405  1.08259e+18 
0.406  6.64578e+17 
0.407  4.162e+17 
0.408  2.65741e+17 
0.409  1.73041e+17 
0.41  1.15139e+17 
0.411  7.86654e+16 
0.412  5.57275e+16 
0.413  4.16375e+16 
0.414  3.36457e+16 
0.415  3.02351e+16 
0.416  3.07465e+16 
0.417  3.52149e+16 
0.418  4.43686e+16 
0.419  5.9787e+16 
0.42  8.42616e+16 
0.421  1.22465e+17 
0.422  1.82139e+17 
0.423  2.76181e+17 
0.424  4.26368e+17 
0.425  6.70099e+17 
0.426  1.07288e+18 
0.427  1.75191e+18 
0.428  2.92197e+18 
0.429  4.98676e+18 
0.43  8.72669e+18 
0.431  1.56973e+19 
0.432  2.91048e+19 
0.433  5.5808e+19 
0.434  1.11095e+20 
0.435  2.3064e+20 
0.436  5.02096e+20 
0.437  1.15375e+21 
0.438  2.82108e+21 
0.439  7.414e+21 
0.44  2.12095e+22 
0.441  6.71355e+22 
0.442  2.40275e+23 
0.443  1.00132e+24 
0.444  5.06471e+24 
0.445  3.3056e+25 
0.446  3.06456e+26 
0.447  4.75379e+27 
0.448  1.69303e+29 
0.449  2.93741e+31 
0.45  3.91073e+35 
0.451  1.74289e+49 
0.452  7.21273e+34 
0.453  1.38873e+31 
0.454  1.04564e+29 
0.455  3.32917e+27 
0.456  2.31399e+26 
0.457  2.85163e+25 
0.458  1.9383e+25 
0.459  1.38011e+26 
0.46  2.02482e+27 
0.461  6.54471e+28 
0.462  8.90459e+30 
0.463  4.21071e+34 
0.464  1.10641e+54 
0.465  2.39436e+34 
0.466  6.71503e+30 
0.467  5.42228e+28 
0.468  1.75831e+27 
0.469  1.23132e+26 
0.47  1.69277e+25 
0.471  2.21164e+25 
0.472  1.84348e+26 
0.473  2.82029e+27 
0.474  9.72098e+28 
0.475  1.50658e+31 
0.476  1.0691e+35 
0.477  2.32804e+47 
0.478  1.36041e+34 
0.479  5.38446e+30 
0.48  4.89691e+28 
0.481  1.69267e+27 
0.482  1.67841e+26 
0.483  5.13101e+26 
0.484  9.81896e+27 
0.485  5.21335e+29 
0.486  2.05904e+32 
0.487  5.28191e+37 
0.488  5.4444e+38 
0.489  4.47138e+32 
0.49  8.30113e+29 
0.491  1.36854e+28 
0.492  6.46094e+26 
0.493  5.67942e+25 
0.494  7.5743e+24 
0.495  1.52442e+24 
0.496  1.14091e+24 
0.497  4.75882e+24 
0.498  3.44641e+25 
0.499  3.77739e+26 
0.5  7.55055e+27 
0.501  4.12539e+29 
0.502  1.73937e+32 
0.503  6.07361e+37 
0.504  2.24384e+38 
0.505  2.68786e+32 
0.506  5.35632e+29 
0.507  9.09867e+27 
0.508  4.36699e+26 
0.509  3.87812e+25 
0.51  5.17643e+24 
0.511  9.23287e+23 
0.512  2.04557e+23 
0.513  5.36291e+22 
0.514  1.60839e+22 
0.515  5.38422e+21 
0.516  1.97518e+21 
0.517  7.82925e+20 
0.518  3.3165e+20 
0.519  1.48849e+20 
0.52  7.03282e+19 
0.521  3.4858e+19 
0.522  1.81653e+19 
0.523  1.01188e+19 
0.524  6.33163e+18 
0.525  4.91887e+18 
0.526  5.23271e+18 
0.527  7.46367e+18 
0.528  1.27848e+19 
0.529  2.41751e+19 
0.53  4.86769e+19 
0.531  1.03345e+20 
0.532  2.3159e+20 
0.533  5.50944e+20 
0.534  1.40341e+21 
0.535  3.87127e+21 
0.536  1.17339e+22 
0.537  3.98335e+22 
0.538  1.55388e+23 
0.539  7.21774e+23 
0.54  4.20237e+24 
0.541  3.31577e+25 
0.542  4.02615e+26 
0.543  9.45613e+27 
0.544  6.93506e+29 
0.545  5.94053e+32 
0.546  1.30086e+40 
0.547  1.87506e+36 
0.548  3.48906e+31 
0.549  1.27227e+29 
0.55  2.83195e+27 
0.551  2.69388e+26 
0.552  1.58547e+27 
0.553  4.67468e+28 
0.554  5.42812e+30 
0.555  1.60822e+34 
0.556  3.10073e+49 
0.557  6.27353e+34 
0.558  2.81908e+39 
0.559  1.15551e+37 
0.56  1.04322e+32 
0.561  3.19125e+29 
0.562  6.5439e+27 
0.563  3.50207e+26 
0.564  3.34996e+25 
0.565  4.73285e+24 
0.566  8.84693e+23 
0.567  2.04139e+23 
0.568  5.55e+22 
0.569  1.72051e+22 
0.57  5.93773e+21 
0.571  2.24064e+21 
0.572  9.11798e+20 
0.573  3.95797e+20 
0.574  1.81684e+20 
0.575  8.75719e+19 
0.576  4.40656e+19 
0.577  2.30369e+19 
0.578  1.24617e+19 
0.579  6.95128e+18 
0.58  3.98668e+18 
0.581  2.34487e+18 
0.582  1.41138e+18 
0.583  8.67697e+17 
0.584  5.4401e+17 
0.585  3.47378e+17 
0.586  2.25717e+17 
0.587  1.4919e+17 
0.588  1.00366e+17 
0.589  6.88739e+16 
0.59  4.84579e+16 
0.591  3.53063e+16 
0.592  2.71034e+16 
0.593  2.24845e+16 
0.594  2.07339e+16 
0.595  2.16359e+16 
0.596  2.54416e+16 
0.597  3.29443e+16 
0.598  4.56896e+16 
0.599  6.63902e+16 
0.6  9.96887e+16 
0.601  1.53542e+17 
0.602  2.41762e+17 
0.603  3.88764e+17 
0.604  6.38649e+17 
0.605  1.07301e+18 
0.606  1.84685e+18 
0.607  3.26331e+18 
0.608  5.93433e+18 
0.609  1.11392e+19 
0.61  2.16575e+19 
0.611  4.37938e+19 
0.612  9.25505e+19 
0.613  2.0561e+20 
0.614  4.83604e+20 
0.615  1.21481e+21 
0.616  3.29496e+21 
0.617  9.78474e+21 
0.618  3.23939e+22 
0.619  1.22481e+23 
0.62  5.46732e+23 
0.621  3.02117e+24 
0.622  2.21915e+25 
0.623  2.42862e+26 
0.624  4.83831e+27 
0.625  2.62761e+29 
0.626  1.09256e+32 
0.627  3.56973e+37 
0.628  1.63683e+38 
0.629  1.81401e+32 
0.63  3.56176e+29 
0.631  6.01249e+27 
0.632  2.87778e+26 
0.633  2.64116e+25 
0.634  8.66471e+24 
0.635  4.0723e+25 
0.636  4.63216e+26 
0.637  1.00414e+28 
0.638  6.35864e+29 
0.639  3.79694e+32 
0.64  8.22141e+38 
0.641  1.83901e+37 
0.642  1.0813e+32 
0.643  3.17968e+31 
0.644  7.20937e+35 
0.645  9.75839e+41 
0.646  2.26124e+33 
0.647  1.83781e+30 
0.648  2.17591e+28 
0.649  8.59462e+26 
0.65  6.76399e+25 
0.651  8.54575e+24 
0.652  2.55454e+24 
0.653  7.34286e+24 
0.654  5.91979e+25 
0.655  7.86444e+26 
0.656  2.14159e+28 
0.657  2.07908e+30 
0.658  3.71256e+33 
0.659  1.13883e+44 
0.66  1.5529e+35 
0.661  1.33959e+31 
0.662  2.0226e+31 
0.663  3.48237e+35 
0.664  4.62636e+42 
0.665  2.48184e+33 
0.666  1.74599e+30 
0.667  1.95721e+28 
0.668  7.51112e+26 
0.669  5.8026e+25 
0.67  7.07982e+24 
0.671  1.31488e+24 
0.672  8.68187e+23 
0.673  3.40843e+24 
0.674  2.37567e+25 
0.675  2.47138e+26 
0.676  4.5547e+27 
0.677  2.15457e+29 
0.678  6.55468e+31 
0.679  5.35876e+36 
0.68  4.88398e+39 
0.681  6.02794e+32 
0.682  8.13727e+29 
0.683  1.1762e+28 
0.684  5.16802e+26 
0.685  4.34078e+25 
0.686  5.57601e+24 
0.687  9.67118e+23 
0.688  2.09796e+23 
0.689  5.41979e+22 
0.69  1.62811e+22 
0.691  5.96041e+21 
0.692  3.58706e+21 
0.693  5.24431e+21 
0.694  1.35747e+22 
0.695  4.37721e+22 
0.696  1.63912e+23 
0.697  7.25404e+23 
0.698  3.96655e+24 
0.699  2.87289e+25 
0.7  3.08147e+26 
0.701  5.94931e+27 
0.702  3.05523e+29 
0.703  1.11776e+32 
0.704  2.02178e+37 
0.705  7.22388e+38 
0.706  3.65299e+32 
0.707  6.21957e+29 
0.708  1.90234e+28 
0.709  5.69565e+29 
0.71  3.25976e+32 
0.711  5.57208e+38 
0.712  2.24734e+37 
0.713  1.12422e+32 
0.714  3.00546e+29 
0.715  5.79557e+27 
0.716  2.98542e+26 
0.717  2.77358e+25 
0.718  3.82009e+24 
0.719  6.97353e+23 
0.72  1.57307e+23 
0.721  4.18462e+22 
0.722  1.27048e+22 
0.723  4.29908e+21 
0.724  1.59335e+21 
0.725  6.39192e+20 
0.726  2.76647e+20 
0.727  1.31718e+20 
0.728  7.49283e+19 
0.729  6.0937e+19 
0.73  7.90362e+19 
0.731  1.4212e+20 
0.732  2.9914e+20 
0.733  6.87037e+20 
0.734  1.69594e+21 
0.735  4.518e+21 
0.736  1.31409e+22 
0.737  4.24315e+22 
0.738  1.55571e+23 
0.739  6.6798e+23 
0.74  3.50917e+24 
0.741  2.40692e+25 
0.742  2.38806e+26 
0.743  4.08658e+27 
0.744  1.69866e+29 
0.745  3.89679e+31 
0.746  1.05936e+36 
0.747  4.18368e+41 
0.748  2.04597e+33 
0.749  1.80407e+30 
0.75  2.20376e+28 
0.751  8.84823e+26 
0.752  7.0259e+25 
0.753  8.68573e+24 
0.754  1.4656e+24 
0.755  3.12608e+23 
0.756  8.31181e+22 
0.757  3.58496e+22 
0.758  5.08606e+22 
0.759  1.70633e+23 
0.76  7.74576e+23 
0.761  4.45462e+24 
0.762  3.46136e+25 
0.763  4.11037e+26 
0.764  9.31644e+27 
0.765  6.39663e+29 
0.766  4.6506e+32 
0.767  3.33679e+39 
0.768  4.75214e+36 
0.769  5.48471e+31 
0.77  1.77778e+29 
0.771  3.73457e+27 
0.772  2.01909e+26 
0.773  1.93501e+25 
0.774  2.72393e+24 
0.775  5.07034e+23 
0.776  1.20954e+23 
0.777  4.82009e+22 
0.778  6.80978e+22 
0.779  2.32111e+23 
0.78  1.06508e+24 
0.781  6.19924e+24 
0.782  4.89567e+25 
0.783  5.95265e+26 
0.784  1.40114e+28 
0.785  1.03177e+30 
0.786  8.92884e+32 
0.787  2.10455e+40 
0.788  2.62778e+36 
0.789  5.02644e+31 
0.79  1.84568e+29 
0.791  4.10255e+27 
0.792  2.29068e+26 
0.793  2.24146e+25 
0.794  3.20079e+24 
0.795  6.00047e+23 
0.796  1.38252e+23 
0.797  3.76946e+22 
0.798  1.24119e+22 
0.799  6.41243e+21 
0.8  8.63448e+21 
0.801  2.34156e+22 
0.802  8.24682e+22 
0.803  3.453e+23 
0.804  1.7616e+24 
0.805  1.16202e+25 
0.806  1.09097e+26 
0.807  1.71614e+27 
0.808  6.17554e+28 
0.809  1.04564e+31 
0.81  9.88111e+34 
0.811  1.21242e+45 
0.812  4.71405e+33 
0.813  2.29784e+30 
0.814  2.25056e+28 
0.815  8.05099e+26 
0.816  5.95501e+25 
0.817  7.01647e+24 
0.818  1.14315e+24 
0.819  2.36452e+23 
0.82  5.87371e+22 
0.821  1.6868e+22 
0.822  5.45039e+21 
0.823  1.94416e+21 
0.824  7.57926e+20 
0.825  3.26474e+20 
0.826  1.67552e+20 
0.827  1.25534e+20 
0.828  1.61349e+20 
0.829  3.03726e+20 
0.83  6.81042e+20 
0.831  1.68152e+21 
0.832  4.5133e+21 
0.833  1.32793e+22 
0.834  4.35674e+22 
0.835  1.63336e+23 
0.836  7.2425e+23 
0.837  3.9938e+24 
0.838  2.95915e+25 
0.839  3.34989e+26 
0.84  7.34364e+27 
0.841  5.18984e+29 
0.842  4.91547e+32 
0.843  3.78619e+40 
0.844  6.8147e+67 
0.845  1.96873e+34 
0.846  4.90998e+30 
0.847  3.88874e+28 
0.848  1.26912e+27 
0.849  8.97782e+25 
0.85  1.05204e+25 
0.851  2.56446e+24 
0.852  5.54341e+24 
0.853  4.04822e+25 
0.854  4.79242e+26 
0.855  1.08434e+28 
0.856  7.42184e+29 
0.857  5.35464e+32 
0.858  3.65639e+39 
0.859  5.79594e+36 
0.86  6.52991e+31 
0.861  2.10434e+29 
0.862  4.40906e+27 
0.863  2.38022e+26 
0.864  2.27889e+25 
0.865  3.20498e+24 
0.866  5.9404e+23 
0.867  1.35543e+23 
0.868  3.63721e+22 
0.869  1.11161e+22 
0.87  3.77973e+21 
0.871  1.4049e+21 
0.872  5.63134e+20 
0.873  2.40842e+20 
0.874  1.08974e+20 
0.875  5.18157e+19 
0.876  2.57592e+19 
0.877  1.3349e+19 
0.878  7.21784e+18 
0.879  4.11096e+18 
0.88  2.53762e+18 
0.881  1.80465e+18 
0.882  1.60732e+18 
0.883  1.86145e+18 
0.884  2.65716e+18 
0.885  4.30194e+18 
0.886  7.47996e+18 
0.887  1.36353e+19 
0.888  2.58608e+19 
0.889  5.10143e+19 
0.89  1.04984e+20 
0.891  2.26494e+20 
0.892  5.15554e+20 
0.893  1.24816e+21 
0.894  3.2466e+21 
0.895  9.19062e+21 
0.896  2.87922e+22 
0.897  1.02068e+23 
0.898  4.22132e+23 
0.899  2.12739e+24 
0.9  1.39399e+25 
0.901  1.3161e+26 
0.902  2.13548e+27 
0.903  8.37258e+28 
0.904  1.77269e+31 
0.905  3.78894e+35 
0.906  8.45387e+41 
0.907  1.58222e+46 
0.908  5.7287e+33 
0.909  2.47191e+30 
0.91  2.35292e+28 
0.911  8.4473e+26 
0.912  6.36063e+25 
0.913  7.67516e+24 
0.914  1.28305e+24 
0.915  2.72389e+23 
0.916  6.96884e+22 
0.917  2.1318e+22 
0.918  9.1414e+21 
0.919  9.01273e+21 
0.92  2.04705e+22 
0.921  6.50842e+22 
0.922  2.45957e+23 
0.923  1.10957e+24 
0.924  6.26678e+24 
0.925  4.79491e+25 
0.926  5.66094e+26 
0.927  1.30464e+28 
0.928  9.60457e+29 
0.929  8.75478e+32 
0.93  3.26647e+40 
0.931  7.90078e+39 
0.932  3.21743e+36 
0.933  4.87864e+31 
0.934  1.71698e+29 
0.935  3.85919e+27 
0.936  6.14333e+26 
0.937  1.15113e+28 
0.938  1.264e+30 
0.939  3.19817e+33 
0.94  5.66967e+46 
0.941  2.49677e+34 
0.942  3.52506e+30 
0.943  2.27618e+28 
0.944  6.84896e+26 
0.945  3.03804e+26 
0.946  5.03786e+27 
0.947  2.60629e+29 
0.948  9.77512e+31 
0.949  1.984e+37 
0.95  4.65613e+38 
0.951  2.47685e+36 
0.952  1.2369e+40 
0.953  6.67387e+32 
0.954  7.97935e+29 
0.955  1.1009e+28 
0.956  4.73926e+26 
0.957  3.9548e+25 
0.958  5.09198e+24 
0.959  8.90563e+23 
0.96  1.95943e+23 
0.961  5.24353e+22 
0.962  1.89691e+22 
0.963  1.59276e+22 
0.964  3.77846e+22 
0.965  1.3792e+23 
0.966  6.22544e+23 
0.967  3.51855e+24 
0.968  2.67112e+25 
0.969  3.06975e+26 
0.97  6.60997e+27 
0.971  4.13246e+29 
0.972  2.39284e+32 
0.973  4.34813e+38 
0.974  1.50322e+37 
0.975  7.85205e+31 
0.976  1.05031e+31 
0.977  9.06376e+34 
0.978  3.31399e+45 
0.979  5.47537e+33 
0.98  2.54159e+30 
0.981  2.446e+28 
0.982  8.67235e+26 
0.983  6.3815e+25 
0.984  7.49668e+24 
0.985  1.21972e+24 
0.986  2.52281e+23 
0.987  6.27404e+22 
0.988  1.80562e+22 
0.989  5.85058e+21 
0.99  2.09129e+21 
0.991  8.11932e+20 
0.992  3.3826e+20 
0.993  1.49773e+20 
0.994  6.99417e+19 
0.995  3.42423e+19 
0.996  1.75038e+19 
0.997  9.33186e+18 
0.998  5.21604e+18 
0.999  3.11721e+18 
1  2.08972e+18 
1.001  1.70436e+18 
1.002  1.80737e+18 
1.003  2.43851e+18 
1.004  3.85143e+18 
1.005  6.64993e+18 
1.006  1.21356e+19 
1.007  2.313e+19 
1.008  4.59577e+19 
1.009  9.54479e+19 
1.01  2.08253e+20 
1.011  4.80612e+20 
1.012  1.18342e+21 
1.013  3.14327e+21 
1.014  9.13269e+21 
1.015  2.95605e+22 
1.016  1.09218e+23 
1.017  4.76297e+23 
1.018  2.57146e+24 
1.019  1.84573e+25 
1.02  1.97315e+26 
1.021  3.82898e+27 
1.022  2.00337e+29 
1.023  7.70061e+31 
1.024  1.74929e+37 
1.025  2.7495e+38 
1.026  7.12487e+36 
1.027  9.25508e+38 
1.028  2.73745e+32 
1.029  4.25178e+29 
1.03  6.52555e+27 
1.031  2.97758e+26 
1.032  2.5781e+25 
1.033  3.4051e+24 
1.034  6.06598e+23 
1.035  1.35035e+23 
1.036  3.57083e+22 
1.037  1.08278e+22 
1.038  3.67015e+21 
1.039  1.36451e+21 
1.04  5.48664e+20 
1.041  2.36357e+20 
1.042  1.0887e+20 
1.043  5.45628e+19 
1.044  3.1903e+19 
1.045  2.54189e+19 
1.046  3.11727e+19 
1.047  5.34545e+19 
1.048  1.08958e+20 
1.049  2.43711e+20 
1.05  5.85595e+20 
1.051  1.51339e+21 
1.052  4.24792e+21 
1.053  1.31437e+22 
1.054  4.574e+22 
1.055  1.83975e+23 
1.056  8.88476e+23 
1.057  5.44537e+24 
1.058  4.61225e+25 
1.059  6.21694e+26 
1.06  1.72934e+28 
1.061  1.7489e+30 
1.062  3.49422e+33 
1.063  5.80321e+44 
1.064  8.33499e+34 
1.065  8.48294e+30 
1.066  4.95111e+28 
1.067  1.36803e+27 
1.068  8.66749e+25 
1.069  9.21147e+24 
1.07  1.39421e+24 
1.071  2.72907e+23 
1.072  6.49877e+22 
1.073  1.81272e+22 
1.074  5.90413e+21 
1.075  2.54941e+21 
1.076  2.2168e+21 
1.077  4.33282e+21 
1.078  1.22519e+22 
1.079  4.08809e+22 
1.08  1.57924e+23 
1.081  7.26518e+23 
1.082  4.18259e+24 
1.083  3.25282e+25 
1.084  3.87015e+26 
1.085  8.80297e+27 
1.086  6.08491e+29 
1.087  4.49833e+32 
1.088  3.59619e+39 
1.089  4.06033e+36 
1.09  4.93946e+31 
1.091  7.02823e+30 
1.092  5.11823e+34 
1.093  3.88429e+46 
1.094  5.48005e+33 
1.095  2.25217e+30 
1.096  2.07562e+28 
1.097  7.20758e+26 
1.098  5.81778e+25 
1.099  5.376e+25 
1.1  5.97155e+26 
1.101  1.46795e+28 
1.102  1.17604e+30 
1.103  1.26134e+33 
1.104  1.59116e+41 
1.105  9.19075e+35 
1.106  2.98672e+31 
1.107  1.25915e+29 
1.108  2.98251e+27 
1.109  1.72729e+26 
1.11  1.73079e+25 
1.111  2.51312e+24 
1.112  4.77106e+23 
1.113  1.11276e+23 
1.114  3.13415e+22 
1.115  1.25438e+22 
1.116  1.28705e+22 
1.117  3.37116e+22 
1.118  1.25862e+23 
1.119  5.74228e+23 
1.12  3.27964e+24 
1.121  2.52156e+25 
1.122  2.94848e+26 
1.123  6.5209e+27 
1.124  4.27959e+29 
1.125  2.78595e+32 
1.126  1.00304e+39 
1.127  6.67142e+36 
1.128  5.35206e+31 
1.129  1.59233e+29 
1.13  3.48986e+27 
1.131  5.29854e+27 
1.132  2.53627e+29 
1.133  8.52154e+31 
1.134  1.06006e+37 
1.135  1.60694e+39 
1.136  4.44805e+32 
1.137  9.43089e+30 
1.138  6.67387e+34 
1.139  3.1739e+46 
1.14  6.59171e+33 
1.141  2.75739e+30 
1.142  4.31167e+28 
1.143  1.55302e+30 
1.144  2.15493e+33 
1.145  3.12078e+42 
1.146  3.4461e+35 
1.147  1.90851e+31 
1.148  9.31975e+28 
1.149  2.36489e+27 
1.15  1.42747e+26 
1.151  1.56878e+25 
1.152  8.63921e+24 
1.153  5.74163e+25 
1.154  8.14741e+26 
1.155  2.49599e+28 
1.156  3.05111e+30 
1.157  1.04699e+34 
1.158  2.6377e+52 
1.159  2.16019e+34 
1.16  4.38227e+30 
1.161  3.20552e+28 
1.162  6.35018e+27 
1.163  2.78622e+29 
1.164  1.08483e+32 
1.165  2.73488e+37 
1.166  3.00504e+38 
1.167  8.98562e+39 
1.168  5.9375e+32 
1.169  7.37093e+29 
1.17  1.05049e+28 
1.171  4.67725e+26 
1.172  4.02876e+25 
1.173  5.33076e+24 
1.174  9.53027e+23 
1.175  2.12829e+23 
1.176  5.63988e+22 
1.177  1.71207e+22 
1.178  5.80968e+21 
1.179  2.17244e+21 
1.18  9.01268e+20 
1.181  4.47609e+20 
1.182  3.35602e+20 
1.183  4.62268e+20 
1.184  9.6497e+20 
1.185  2.42227e+21 
1.186  6.78126e+21 
1.187  2.10569e+22 
1.188  7.36949e+22 
1.189  2.98593e+23 
1.19  1.45566e+24 
1.191  9.0339e+24 
1.192  7.78617e+25 
1.193  1.07704e+27 
1.194  3.1262e+28 
1.195  3.43485e+30 
1.196  8.65904e+33 
1.197  1.40395e+47 
1.198  6.87419e+34 
1.199  9.65933e+30 
1.2  6.22692e+28 
1.201  1.80571e+27 
1.202  1.17719e+26 
1.203  1.27489e+25 
1.204  1.95561e+24 
1.205  3.86611e+23 
1.206  9.27175e+22 
1.207  2.58899e+22 
1.208  8.18137e+21 
1.209  2.87564e+21 
1.21  1.12941e+21 
1.211  5.35937e+20 
1.212  3.94247e+20 
1.213  5.51084e+20 
1.214  1.17355e+21 
1.215  2.99553e+21 
1.216  8.53182e+21 
1.217  2.70381e+22 
1.218  9.70453e+22 
1.219  4.0595e+23 
1.22  2.06249e+24 
1.221  1.35275e+25 
1.222  1.25992e+26 
1.223  1.95812e+27 
1.224  6.90381e+28 
1.225  1.12073e+31 
1.226  9.23012e+34 
1.227  1.04891e+46 
1.228  7.00244e+33 
1.229  3.09837e+30 
1.23  2.93454e+28 
1.231  1.32192e+27 
1.232  4.15488e+27 
1.233  1.20481e+29 
1.234  1.36935e+31 
1.235  3.80345e+34 
1.236  8.52032e+48 
1.237  1.95177e+35 
1.238  3.13036e+31 
1.239  1.31747e+32 
1.24  4.49949e+37 
1.241  1.77691e+38 
1.242  2.07824e+32 
1.243  4.12268e+29 
1.244  6.99082e+27 
1.245  3.35471e+26 
1.246  2.9982e+25 
1.247  4.67983e+24 
1.248  4.53286e+24 
1.249  2.85949e+25 
1.25  3.17938e+26 
1.251  6.55064e+27 
1.252  3.78064e+29 
1.253  1.81087e+32 
1.254  1.18849e+38 
1.255  6.37872e+37 
1.256  1.47201e+32 
1.257  6.36032e+30 
1.258  9.0903e+34 
1.259  4.25648e+42 
1.26  9.76899e+32 
1.261  6.3739e+29 
1.262  6.94697e+27 
1.263  2.62794e+26 
1.264  2.01358e+25 
1.265  2.43463e+24 
1.266  4.0574e+23 
1.267  8.68088e+22 
1.268  2.51632e+22 
1.269  1.64759e+22 
1.27  3.45439e+22 
1.271  1.1871e+23 
1.272  5.01839e+23 
1.273  2.60487e+24 
1.274  1.7609e+25 
1.275  1.71281e+26 
1.276  2.84487e+27 
1.277  1.12355e+29 
1.278  2.31144e+31 
1.279  4.24205e+35 
1.28  3.34278e+42 
1.281  2.52798e+33 
1.282  2.52034e+30 
1.283  5.70431e+32 
1.284  1.0346e+40 
1.285  2.16224e+36 
1.286  3.74157e+31 
1.287  1.33962e+29 
1.288  2.94384e+27 
1.289  1.63344e+26 
1.29  1.59283e+25 
1.291  2.27131e+24 
1.292  4.25899e+23 
1.293  9.82172e+22 
1.294  2.66314e+22 
1.295  8.22564e+21 
1.296  2.82799e+21 
1.297  1.06391e+21 
1.298  4.32879e+20 
1.299  1.89788e+20 
1.3  9.11964e+19 
1.301  5.16919e+19 
1.302  4.07887e+19 
1.303  5.0563e+19 
1.304  8.78255e+19 
1.305  1.80567e+20 
1.306  4.06787e+20 
1.307  9.85527e+20 
1.308  2.57451e+21 
1.309  7.33073e+21 
1.31  2.31185e+22 
1.311  8.25094e+22 
1.312  3.43195e+23 
1.313  1.73386e+24 
1.314  1.13056e+25 
1.315  1.04589e+26 
1.316  1.61084e+27 
1.317  5.59733e+28 
1.318  8.82206e+30 
1.319  6.60694e+34 
1.32  4.5564e+46 
1.321  6.95962e+33 
1.322  3.16933e+31 
1.323  1.42753e+36 
1.324  1.52117e+40 
1.325  5.56792e+32 
1.326  6.30496e+29 
1.327  8.49456e+27 
1.328  3.59534e+26 
1.329  2.95367e+25 
1.33  3.75728e+24 
1.331  6.94469e+23 
1.332  3.36834e+23 
1.333  9.65645e+23 
1.334  5.53828e+24 
1.335  4.50514e+25 
1.336  5.75286e+26 
1.337  1.46867e+28 
1.338  1.26143e+30 
1.339  1.62252e+33 
1.34  1.07602e+42 
1.341  3.99863e+35 
1.342  8.3945e+31 
1.343  6.79625e+36 
1.344  2.08982e+39 
1.345  4.24009e+32 
1.346  6.18816e+29 
1.347  9.23657e+27 
1.348  4.25794e+26 
1.349  1.70468e+26 
1.35  2.59341e+27 
1.351  1.30782e+29 
1.352  4.60976e+31 
1.353  7.06546e+36 
1.354  4.70939e+38 
1.355  1.8457e+32 
1.356  3.00454e+29 
1.357  4.68898e+27 
1.358  2.14806e+26 
1.359  1.85276e+25 
1.36  2.4415e+24 
1.361  4.94928e+23 
1.362  3.88625e+23 
1.363  1.5642e+24 
1.364  1.04631e+25 
1.365  1.02259e+26 
1.366  1.71171e+27 
1.367  6.84962e+28 
1.368  1.44883e+31 
1.369  2.9345e+35 
1.37  1.0242e+42 
1.371  1.30944e+33 
1.372  1.00126e+30 
1.373  1.15829e+28 
1.374  4.55488e+26 
1.375  6.25282e+25 
1.376  3.11016e+26 
1.377  6.37453e+27 
1.378  3.73465e+29 
1.379  1.85348e+32 
1.38  1.4606e+38 
1.381  4.64782e+37 
1.382  1.26572e+32 
1.383  2.97075e+29 
1.384  5.41267e+27 
1.385  2.70096e+26 
1.386  2.45873e+25 
1.387  3.33862e+24 
1.388  6.03026e+23 
1.389  1.34896e+23 
1.39  3.56367e+22 
1.391  1.07545e+22 
1.392  3.61908e+21 
1.393  1.33393e+21 
1.394  5.31469e+20 
1.395  2.27089e+20 
1.396  1.04316e+20 
1.397  5.31739e+19 
1.398  3.33863e+19 
1.399  3.08251e+19 
1.4  4.38137e+19 
1.401  8.16494e+19 
1.402  1.73616e+20 
1.403  4.0007e+20 
1.404  9.89895e+20 
1.405  2.64511e+21 
1.406  7.72636e+21 
1.407  2.50951e+22 
1.408  9.27392e+22 
1.409  4.02423e+23 
1.41  2.14432e+24 
1.411  1.49981e+25 
1.412  1.53044e+26 
1.413  2.73503e+27 
1.414  1.22587e+29 
1.415  3.31135e+31 
1.416  1.6764e+36 
1.417  1.58982e+40 
1.418  6.18203e+32 
1.419  7.10877e+29 
1.42  3.37462e+29 
1.421  2.09351e+32 
1.422  6.70469e+38 
1.423  5.85934e+36 
1.424  4.39063e+31 
1.425  1.28567e+29 
1.426  2.58099e+27 
1.427  1.36007e+26 
1.428  1.28228e+25 
1.429  1.7847e+24 
1.43  3.28435e+23 
1.431  7.45836e+22 
1.432  1.99571e+22 
1.433  6.09176e+21 
1.434  2.07167e+21 
1.435  7.71113e+20 
1.436  3.09872e+20 
1.437  1.32995e+20 
1.438  6.04457e+19 
1.439  2.8897e+19 
1.44  1.44612e+19 
1.441  7.56032e+18 
1.442  4.14387e+18 
1.443  2.42004e+18 
1.444  1.57032e+18 
1.445  1.22167e+18 
1.446  1.22629e+18 
1.447  1.57865e+18 
1.448  2.40935e+18 
1.449  4.04986e+18 
1.45  7.21017e+18 
1.451  1.33932e+19 
1.452  2.58644e+19 
1.453  5.2001e+19 
1.454  1.09264e+20 
1.455  2.41238e+20 
1.456  5.63492e+20 
1.457  1.40443e+21 
1.458  3.77496e+21 
1.459  1.10919e+22 
1.46  3.62588e+22 
1.461  1.34984e+23 
1.462  5.90904e+23 
1.463  3.18351e+24 
1.464  2.25937e+25 
1.465  2.35357e+26 
1.466  4.34183e+27 
1.467  2.05735e+29 
1.468  6.28243e+31 
1.469  5.21652e+36 
1.47  4.43244e+39 
1.471  5.65307e+32 
1.472  7.66993e+29 
1.473  1.13418e+28 
1.474  5.70595e+27 
1.475  3.50175e+29 
1.476  2.40687e+32 
1.477  1.21027e+39 
1.478  3.76337e+36 
1.479  3.62864e+31 
1.48  1.12684e+29 
1.481  2.3221e+27 
1.482  1.24184e+26 
1.483  1.18183e+25 
1.484  1.65554e+24 
1.485  3.06647e+23 
1.486  7.16904e+22 
1.487  2.48789e+22 
1.488  2.70715e+22 
1.489  8.67613e+22 
1.49  4.03571e+23 
1.491  2.41552e+24 
1.492  1.98427e+25 
1.493  2.55664e+26 
1.494  6.60743e+27 
1.495  5.80168e+29 
1.496  7.90642e+32 
1.497  9.41753e+41 
1.498  1.40317e+35 
1.499  7.50203e+30 
1.5  3.62717e+28 
1.501  9.21656e+26 
1.502  1.03098e+26 
1.503  6.59636e+26 
1.504  1.84911e+28 
1.505  1.93003e+30 
1.506  4.21076e+33 
1.507  3.21435e+45 
1.508  6.56178e+34 
1.509  7.58489e+30 
1.51  4.60217e+28 
1.511  1.29595e+27 
1.512  8.40154e+25 
1.513  1.49673e+25 
1.514  5.19013e+25 
1.515  6.63029e+26 
1.516  1.76209e+28 
1.517  1.63327e+30 
1.518  2.57213e+33 
1.519  1.54726e+43 
1.52  2.06987e+35 
1.521  1.43876e+31 
1.522  7.49932e+28 
1.523  1.96271e+27 
1.524  1.20482e+26 
1.525  1.2651e+25 
1.526  2.41836e+24 
1.527  3.67111e+24 
1.528  2.74803e+25 
1.529  3.5698e+26 
1.53  9.39486e+27 
1.531  8.54099e+29 
1.532  1.27687e+33 
1.533  4.17255e+42 
1.534  1.35912e+35 
1.535  8.6212e+30 
1.536  4.37637e+28 
1.537  1.13105e+27 
1.538  6.89055e+25 
1.539  7.13667e+24 
1.54  1.06065e+24 
1.541  2.04798e+23 
1.542  4.82253e+22 
1.543  1.32691e+22 
1.544  4.13884e+21 
1.545  1.43131e+21 
1.546  5.39656e+20 
1.547  2.18971e+20 
1.548  9.46432e+19 
1.549  4.3216e+19 
1.55  2.07079e+19 
1.551  1.03551e+19 
1.552  5.37887e+18 
1.553  2.89108e+18 
1.554  1.60268e+18 
1.555  9.1387e+17 
1.556  5.34887e+17 
1.557  3.20928e+17 
1.558  1.97368e+17 
1.559  1.24673e+17 
1.56  8.13879e+16 
1.561  5.56474e+16 
1.562  4.08303e+16 
1.563  3.33013e+16 
1.564  3.12381e+16 
1.565  3.4062e+16 
1.566  4.22445e+16 
1.567  5.74116e+16 
1.568  8.27772e+16 
1.569  1.24053e+17 
1.57  1.9117e+17 
1.571  3.01483e+17 
1.572  4.85807e+17 
1.573  8.00018e+17 
1.574  1.34792e+18 
1.575  2.32764e+18 
1.576  4.12872e+18 
1.577  7.54249e+18 
1.578  1.42354e+19 
1.579  2.78591e+19 
1.58  5.67798e+19 
1.581  1.21139e+20 
1.582  2.72227e+20 
1.583  6.49245e+20 
1.584  1.65867e+21 
1.585  4.59255e+21 
1.586  1.39884e+22 
1.587  4.77939e+22 
1.588  1.88035e+23 
1.589  8.83379e+23 
1.59  5.22302e+24 
1.591  4.21086e+25 
1.592  5.27832e+26 
1.593  1.30494e+28 
1.594  1.05352e+30 
1.595  1.15257e+33 
1.596  1.72202e+41 
1.597  7.43092e+35 
1.598  2.52532e+31 
1.599  2.2744e+29 
1.6  3.81402e+31 
1.601  3.78093e+36 
1.602  1.47361e+39 
1.603  2.68818e+32 
1.604  3.85701e+29 
1.605  5.71512e+27 
1.606  2.54535e+26 
1.607  2.15705e+25 
1.608  2.80172e+24 
1.609  5.32778e+23 
1.61  2.89864e+23 
1.611  8.93865e+23 
1.612  5.14742e+24 
1.613  4.16045e+25 
1.614  5.24462e+26 
1.615  1.3084e+28 
1.616  1.07446e+30 
1.617  1.22848e+33 
1.618  2.70023e+41 
1.619  6.05609e+35 
1.62  2.26729e+31 
1.621  9.93081e+28 
1.622  2.39447e+27 
1.623  1.40105e+26 
1.624  1.41331e+25 
1.625  2.06176e+24 
1.626  3.92634e+23 
1.627  9.14747e+22 
1.628  2.49561e+22 
1.629  7.73045e+21 
1.63  2.65816e+21 
1.631  9.97684e+20 
1.632  4.03744e+20 
1.633  1.74957e+20 
1.634  8.15735e+19 
1.635  4.25281e+19 
1.636  2.79311e+19 
1.637  2.76795e+19 
1.638  4.19351e+19 
1.639  8.15257e+19 
1.64  1.79015e+20 
1.641  4.25423e+20 
1.642  1.08832e+21 
1.643  3.02037e+21 
1.644  9.22108e+21 
1.645  3.15714e+22 
1.646  1.24442e+23 
1.647  5.85627e+23 
1.648  3.46851e+24 
1.649  2.80187e+25 
1.65  3.52141e+26 
1.651  8.74164e+27 
1.652  7.11185e+29 
1.653  7.93659e+32 
1.654  1.40887e+41 
1.655  4.53186e+35 
1.656  1.60921e+31 
1.657  6.94802e+28 
1.658  1.66411e+27 
1.659  9.69951e+25 
1.66  9.75976e+24 
1.661  1.42124e+24 
1.662  2.70301e+23 
1.663  6.291e+22 
1.664  1.71491e+22 
1.665  5.30853e+21 
1.666  1.8242e+21 
1.667  6.84083e+20 
1.668  2.76278e+20 
1.669  1.18921e+20 
1.67  5.41011e+19 
1.671  2.58363e+19 
1.672  1.28792e+19 
1.673  6.67022e+18 
1.674  3.57505e+18 
1.675  1.97645e+18 
1.676  1.12407e+18 
1.677  6.56384e+17 
1.678  3.93171e+17 
1.679  2.4183e+17 
1.68  1.53486e+17 
1.681  1.01804e+17 
1.682  7.2469e+16 
1.683  5.78934e+16 
1.684  5.4598e+16 
1.685  6.21011e+16 
1.686  8.28572e+16 
1.687  1.23253e+17 
1.688  1.96165e+17 
1.689  3.26387e+17 
1.69  5.61887e+17 
1.691  9.97537e+17 
1.692  1.82667e+18 
1.693  3.45727e+18 
1.694  6.78464e+18 
1.695  1.38618e+19 
1.696  2.96339e+19 
1.697  6.66932e+19 
1.698  1.59195e+20 
1.699  4.06755e+20 
1.7  1.12539e+21 
1.701  3.42185e+21 
1.702  1.1657e+22 
1.703  4.56605e+22 
1.704  2.13168e+23 
1.705  1.2493e+24 
1.706  9.94629e+24 
1.707  1.22368e+26 
1.708  2.93517e+27 
1.709  2.23883e+29 
1.71  2.11768e+32 
1.711  9.69081e+39 
1.712  3.43626e+35 
1.713  8.27859e+30 
1.714  3.22519e+28 
1.715  7.36589e+26 
1.716  4.17723e+25 
1.717  4.1289e+24 
1.718  5.9378e+23 
1.719  1.11886e+23 
1.72  2.58552e+22 
1.721  7.00886e+21 
1.722  2.16076e+21 
1.723  7.41673e+20 
1.724  2.80806e+20 
1.725  1.19698e+20 
1.726  6.40902e+19 
1.727  5.45715e+19 
1.728  7.96866e+19 
1.729  1.59058e+20 
1.73  3.64748e+20 
1.731  9.12458e+20 
1.732  2.47988e+21 
1.733  7.40106e+21 
1.734  2.46889e+22 
1.735  9.43447e+22 
1.736  4.27287e+23 
1.737  2.4084e+24 
1.738  1.81871e+25 
1.739  2.0725e+26 
1.74  4.40094e+27 
1.741  2.68189e+29 
1.742  1.46066e+32 
1.743  1.88894e+38 
1.744  1.56352e+37 
1.745  6.38259e+31 
1.746  1.83868e+29 
1.747  2.26901e+30 
1.748  5.68949e+33 
1.749  8.38024e+46 
1.75  4.59993e+34 
1.751  6.43022e+30 
1.752  4.13856e+28 
1.753  1.20037e+27 
1.754  8.55443e+25 
1.755  7.24157e+25 
1.756  8.8985e+26 
1.757  2.59787e+28 
1.758  2.89516e+30 
1.759  7.5998e+33 
1.76  3.43139e+47 
1.761  5.02148e+34 
1.762  7.43111e+30 
1.763  4.86918e+28 
1.764  1.42329e+27 
1.765  9.32327e+25 
1.766  1.01424e+25 
1.767  1.6086e+24 
1.768  5.28721e+23 
1.769  1.22648e+24 
1.77  7.87661e+24 
1.771  7.72696e+25 
1.772  1.30453e+27 
1.773  5.29817e+28 
1.774  1.1566e+31 
1.775  2.62372e+35 
1.776  3.79785e+41 
1.777  8.44234e+32 
1.778  6.83153e+29 
1.779  8.07459e+27 
1.78  3.18601e+26 
1.781  2.50271e+25 
1.782  3.07129e+24 
1.783  5.15298e+23 
1.784  1.08976e+23 
1.785  2.75443e+22 
1.786  8.02063e+21 
1.787  2.62048e+21 
1.788  9.41924e+20 
1.789  3.66938e+20 
1.79  1.53116e+20 
1.791  6.7803e+19 
1.792  3.16228e+19 
1.793  1.54378e+19 
1.794  7.84826e+18 
1.795  4.13705e+18 
1.796  2.25294e+18 
1.797  1.26355e+18 
1.798  7.2786e+17 
1.799  4.29639e+17 
1.8  2.59342e+17 
1.801  1.598e+17 
1.802  1.00352e+17 
1.803  6.41379e+16 
1.804  4.16674e+16 
1.805  2.74843e+16 
1.806  1.83884e+16 
1.807  1.24676e+16 
1.808  8.55956e+15 
1.809  5.94615e+15 
1.81  4.17697e+15 
1.811  2.96546e+15 
1.812  2.12687e+15 
1.813  1.54056e+15 
1.814  1.12684e+15 
1.815  8.32459e+14 
1.816  6.21498e+14 
1.817  4.69491e+14 
1.818  3.59651e+14 
1.819  2.80395e+14 
1.82  2.23723e+14 
1.821  1.84138e+14 
1.822  1.57943e+14 
1.823  1.42784e+14 
1.824  1.37363e+14 
1.825  1.41297e+14 
1.826  1.5508e+14 
1.827  1.80157e+14 
1.828  2.19121e+14 
1.829  2.76061e+14 
1.83  3.57133e+14 
1.831  4.71437e+14 
1.832  6.32382e+14 
1.833  8.59786e+14 
1.834  1.18314e+15 
1.835  1.64676e+15 
1.836  2.31789e+15 
1.837  3.29987e+15 
1.838  4.75347e+15 
1.839  6.93231e+15 
1.84  1.02424e+16 
1.841  1.53437e+16 
1.842  2.33274e+16 
1.843  3.60301e+16 
1.844  5.66022e+16 
1.845  9.05605e+16 
1.846  1.47782e+17 
1.847  2.46379e+17 
1.848  4.2044e+17 
1.849  7.35961e+17 
1.85  1.32472e+18 
1.851  2.45895e+18 
1.852  4.72245e+18 
1.853  9.42021e+18 
1.854  1.96077e+19 
1.855  4.28202e+19 
1.856  9.87683e+19 
1.857  2.42588e+20 
1.858  6.40927e+20 
1.859  1.84503e+21 
1.86  5.88372e+21 
1.861  2.12454e+22 
1.862  8.94931e+22 
1.863  4.58658e+23 
1.864  3.04304e+24 
1.865  2.8803e+25 
1.866  4.58708e+26 
1.867  1.68562e+28 
1.868  2.98077e+30 
1.869  3.25294e+34 
1.87  5.51307e+43 
1.871  9.67439e+32 
1.872  5.18889e+29 
1.873  5.26124e+27 
1.874  1.91683e+26 
1.875  1.46538e+25 
1.876  3.4205e+24 
1.877  1.21548e+25 
1.878  1.19027e+26 
1.879  2.06616e+27 
1.88  8.81057e+28 
1.881  2.13551e+31 
1.882  7.1255e+35 
1.883  7.37874e+40 
1.884  7.84873e+32 
1.885  7.58023e+29 
1.886  9.59207e+27 
1.887  3.9241e+26 
1.888  3.15233e+25 
1.889  3.92788e+24 
1.89  6.6633e+23 
1.891  1.421e+23 
1.892  3.61527e+22 
1.893  1.0583e+22 
1.894  3.47269e+21 
1.895  1.25281e+21 
1.896  4.89603e+20 
1.897  2.04927e+20 
1.898  9.10891e+19 
1.899  4.27824e+19 
1.9  2.12654e+19 
1.901  1.13866e+19 
1.902  6.94193e+18 
1.903  5.37622e+18 
1.904  5.81254e+18 
1.905  8.40801e+18 
1.906  1.44268e+19 
1.907  2.70706e+19 
1.908  5.37846e+19 
1.909  1.12229e+20 
1.91  2.46283e+20 
1.911  5.71495e+20 
1.912  1.41345e+21 
1.913  3.76437e+21 
1.914  1.09383e+22 
1.915  3.5273e+22 
1.916  1.29112e+23 
1.917  5.53218e+23 
1.918  2.89844e+24 
1.919  1.9808e+25 
1.92  1.95514e+26 
1.921  3.31931e+27 
1.922  1.36096e+29 
1.923  3.03183e+31 
1.924  7.4025e+35 
1.925  6.22917e+41 
1.926  1.93247e+33 
1.927  1.62034e+30 
1.928  1.94139e+28 
1.929  7.71539e+26 
1.93  6.08765e+25 
1.931  7.49325e+24 
1.932  1.25996e+24 
1.933  2.66897e+23 
1.934  6.75468e+22 
1.935  1.96892e+22 
1.936  6.43818e+21 
1.937  2.31576e+21 
1.938  9.02647e+20 
1.939  3.76851e+20 
1.94  1.66978e+20 
1.941  7.79668e+19 
1.942  3.81805e+19 
1.943  1.95934e+19 
1.944  1.06286e+19 
1.945  6.29569e+18 
1.946  4.41243e+18 
1.947  4.11723e+18 
1.948  5.33622e+18 
1.949  8.77116e+18 
1.95  1.64227e+19 
1.951  3.31503e+19 
1.952  7.08658e+19 
1.953  1.60177e+20 
1.954  3.84758e+20 
1.955  9.90722e+20 
1.956  2.76653e+21 
1.957  8.5055e+21 
1.958  2.93683e+22 
1.959  1.16978e+23 
1.96  5.57911e+23 
1.961  3.36327e+24 
1.962  2.78406e+25 
1.963  3.62729e+26 
1.964  9.5453e+27 
1.965  8.6752e+29 
1.966  1.29591e+33 
1.967  4.19623e+42 
1.968  1.38528e+35 
1.969  8.77488e+30 
1.97  4.45258e+28 
1.971  1.15053e+27 
1.972  7.0084e+25 
1.973  7.2582e+24 
1.974  1.07865e+24 
1.975  2.08265e+23 
1.976  4.90399e+22 
1.977  1.34929e+22 
1.978  4.20887e+21 
1.979  1.45622e+21 
1.98  5.5043e+20 
1.981  2.25952e+20 
1.982  1.02658e+20 
1.983  5.67754e+19 
1.984  4.76742e+19 
1.985  6.83156e+19 
1.986  1.37746e+20 
1.987  3.24845e+20 
1.988  8.42798e+20 
1.989  2.39065e+21 
1.99  7.50054e+21 
1.991  2.65556e+22 
1.992  1.0914e+23 
1.993  5.41857e+23 
1.994  3.44545e+24 
1.995  3.072e+25 
1.996  4.47035e+26 
1.997  1.41126e+28 
1.998  1.83105e+30 
1.999  7.5e+33 
2  3.11214e+178 
2.001  7.5e+33 
2.002  1.83105e+30 
2.003  1.41126e+28 
2.004  4.47035e+26 
2.005  3.072e+25 
2.006  3.44545e+24 
2.007  5.41857e+23 
2.008  1.09139e+23 
2.009  2.65553e+22 
2.01  7.5e+21 
2.011  2.38973e+21 
2.012  8.41175e+20 
2.013  3.21915e+20 
2.014  1.32289e+20 
2.015  5.78052e+19 
2.016  2.66454e+19 
2.017  1.28729e+19 
2.018  6.48326e+18 
2.019  3.38861e+18 
2.02  1.83108e+18 
2.021  1.01962e+18 
2.022  5.83445e+17 
2.023  3.42249e+17 
2.024  2.05374e+17 
2.025  1.25837e+17 
2.026  7.85988e+16 
2.027  4.99736e+16 
2.028  3.23014e+16 
2.029  2.1201e+16 
2.03  1.41154e+16 
2.031  9.5242e+15 
2.032  6.50717e+15 
2.033  4.49833e+15 
2.034  3.14414e+15 
2.035  2.22059e+15 
2.036  1.58378e+15 
2.037  1.14011e+15 
2.038  8.2797e+14 
2.039  6.06314e+14 
2.04  4.47521e+14 
2.041  3.32809e+14 
2.042  2.49278e+14 
2.043  1.8799e+14 
2.044  1.42696e+14 
2.045  1.08991e+14 
2.046  8.37429e+13 
2.047  6.47111e+13 
2.048  5.0278e+13 
2.049  3.92688e+13 
2.05  3.08246e+13 
2.051  2.43132e+13 
2.052  1.92663e+13 
2.053  1.53353e+13 
2.054  1.22589e+13 
2.055  9.84034e+12 
2.056  7.9305e+12 
2.057  6.41598e+12 
2.058  5.21004e+12 
2.059  4.24598e+12 
2.06  3.47235e+12 
2.061  2.84923e+12 
2.062  2.34554e+12 
2.063  1.93698e+12 
2.064  1.60447e+12 
2.065  1.33298e+12 
2.066  1.1106e+12 
2.067  9.27898e+11 
2.068  7.77348e+11 
2.069  6.52934e+11 
2.07  5.49831e+11 
2.071  4.64156e+11 
2.072  3.92776e+11 
2.073  3.33151e+11 
2.074  2.83223e+11 
2.075  2.41311e+11 
2.076  2.06046e+11 
2.077  1.76306e+11 
2.078  1.51167e+11 
2.079  1.29873e+11 
2.08  1.11795e+11 
2.081  9.64172e+10 
2.082  8.33089e+10 
2.083  7.21131e+10 
2.084  6.25323e+10 
2.085  5.43181e+10 
2.086  4.72625e+10 
2.087  4.11912e+10 
2.088  3.59577e+10 
2.089  3.14385e+10 
2.09  2.75297e+10 
2.091  2.41432e+10 
2.092  2.12044e+10 
2.093  1.86503e+10 
2.094  1.64269e+10 
2.095  1.44887e+10 
2.096  1.27964e+10 
2.097  1.13167e+10 
2.098  1.00212e+10 
2.099  8.88524e+09 
2.1  7.88789e+09 
2.101  7.01105e+09 
2.102  6.23915e+09 
2.103  5.55876e+09 
2.104  4.95827e+09 
2.105  4.42766e+09 
2.106  3.95822e+09 
2.107  3.5424e+09 
2.108  3.17365e+09 
2.109  2.84628e+09 
2.11  2.5553e+09 
2.111  2.29639e+09 
2.112  2.06576e+09 
2.113  1.86011e+09 
2.114  1.67653e+09 
2.115  1.5125e+09 
2.116  1.36578e+09 
2.117  1.23441e+09 
2.118  1.11668e+09 
2.119  1.01107e+09 
2.12  9.16231e+08 
2.121  8.30997e+08 
2.122  7.54323e+08 
2.123  6.85286e+08 
2.124  6.23072e+08 
2.125  5.66957e+08 
2.126  5.163e+08 
2.127  4.70532e+08 
2.128  4.29147e+08 
2.129  3.91694e+08 
2.13  3.57773e+08 
2.131  3.27026e+08 
2.132  2.99135e+08 
2.133  2.73815e+08 
2.134  2.50811e+08 
2.135  2.29897e+08 
2.136  2.10868e+08 
2.137  1.93542e+08 
2.138  1.77756e+08 
2.139  1.63362e+08 
2.14  1.50229e+08 
2.141  1.38238e+08 
2.142  1.27282e+08 
2.143  1.17265e+08 
2.144  1.08102e+08 
2.145  9.97133e+07 
2.146  9.2029e+07 
2.147  8.49857e+07 
2.148  7.85258e+07 
2.149  7.25974e+07 
2.15  6.71536e+07 
2.151  6.21517e+07 
2.152  5.75532e+07 
2.153  5.33231e+07 
2.154  4.94297e+07 
2.155  4.58442e+07 
2.156  4.25403e+07 
2.157  3.94944e+07 
2.158  3.66847e+07 
2.159  3.40916e+07 
2.16  3.16971e+07 
2.161  2.94848e+07 
2.162  2.74398e+07 
2.163  2.55485e+07 
2.164  2.37985e+07 
2.165  2.21784e+07 
2.166  2.06778e+07 
2.167  1.92873e+07 
2.168  1.79982e+07 
2.169  1.68025e+07 
2.17  1.56929e+07 
2.171  1.46627e+07 
2.172  1.37059e+07 
2.173  1.28168e+07 
2.174  1.19902e+07 
2.175  1.12215e+07 
2.176  1.05062e+07 
2.177  9.84037e+06 
2.178  9.22031e+06 
2.179  8.64263e+06 
2.18  8.10422e+06 
2.181  7.6022e+06 
2.182  7.13392e+06 
2.183  6.69694e+06 
2.184  6.28901e+06 
2.185  5.90804e+06 
2.186  5.55211e+06 
2.187  5.21946e+06 
2.188  4.90844e+06 
2.189  4.61753e+06 
2.19  4.34534e+06 
2.191  4.09057e+06 
2.192  3.85201e+06 
2.193  3.62856e+06 
2.194  3.41918e+06 
2.195  3.22292e+06 
2.196  3.03889e+06 
2.197  2.86627e+06 
2.198  2.7043e+06 
2.199  2.55226e+06 
2.2  2.40951e+06 
2.201  2.27543e+06 
2.202  2.14946e+06 
2.203  2.03106e+06 
2.204  1.91974e+06 
2.205  1.81505e+06 
2.206  1.71656e+06 
2.207  1.62388e+06 
2.208  1.53663e+06 
2.209  1.45448e+06 
2.21  1.37709e+06 
2.211  1.30418e+06 
2.212  1.23547e+06 
2.213  1.17069e+06 
2.214  1.1096e+06 
2.215  1.05197e+06 
2.216  997596 
2.217  946276 
2.218  897825 
2.219  852070 
2.22  808849 
2.221  768011 
2.222  729414 
2.223  692926 
2.224  658421 
2.225  625784 
2.226  594905 
2.227  565683 
2.228  538021 
2.229  511830 
2.23  487025 
2.231  463526 
2.232  441261 
2.233  420158 
2.234  400152 
2.235  381182 
2.236  363190 
2.237  346121 
2.238  329925 
2.239  314553 
2.24  299959 
2.241  286102 
2.242  272941 
2.243  260438 
2.244  248558 
2.245  237267 
2.246  226535 
2.247  216330 
2.248  206625 
2.249  197394 
2.25  188611 
2.251  180253 
2.252  172298 
2.253  164725 
2.254  157514 
2.255  150646 
2.256  144104 
2.257  137871 
2.258  131931 
2.259  126270 
2.26  120873 
2.261  115727 
2.262  110819 
2.263  106137 
2.264  101671 
2.265  97409.4 
2.266  93341.9 
2.267  89459.2 
2.268  85752.1 
2.269  82212.2 
2.27  78831.3 
2.271  75601.6 
2.272  72515.9 
2.273  69567.2 
2.274  66749 
2.275  64054.9 
2.276  61479.2 
2.277  59016.2 
2.278  56660.5 
2.279  54407.1 
2.28  52251.2 
2.281  50188.3 
2.282  48213.9 
2.283  46324.1 
2.284  44514.9 
2.285  42782.5 
2.286  41123.5 
2.287  39534.5 
2.288  38012.3 
2.289  36553.9 
2.29  35156.4 
2.291  33817 
2.292  32533.1 
2.293  31302.2 
2.294  30122.1 
2.295  28990.3 
2.296  27904.8 
2.297  26863.5 
2.298  25864.5 
2.299  24905.9 
2.3  23986 
2.301  23103.1 
2.302  22255.5 
2.303  21441.7 
2.304  20660.4 
2.305  19910 
2.306  19189.2 
2.307  18496.9 
2.308  17831.7 
2.309  17192.6 
2.31  16578.3 
2.311  15988 
2.312  15420.5 
2.313  14875 
2.314  14350.4 
2.315  13846 
2.316  13360.8 
2.317  12894.2 
2.318  12445.3 
2.319  12013.4 
2.32  11597.8 
2.321  11197.8 
2.322  10812.9 
2.323  10442.3 
2.324  10085.6 
2.325  9742.09 
2.326  9411.34 
2.327  9092.81 
2.328  8786 
2.329  8490.46 
2.33  8205.73 
2.331  7931.39 
2.332  7667.02 
2.333  7412.24 
2.334  7166.68 
2.335  6929.96 
2.336  6701.75 
2.337  6481.71 
2.338  6269.53 
2.339  6064.91 
2.34  5867.55 
2.341  5677.18 
2.342  5493.53 
2.343  5316.34 
2.344  5145.36 
2.345  4980.37 
2.346  4821.13 
2.347  4667.43 
2.348  4519.05 
2.349  4375.81 
2.35  4237.51 
2.351  4103.96 
2.352  3974.99 
2.353  3850.42 
2.354  3730.1 
2.355  3613.87 
2.356  3501.58 
2.357  3393.08 
2.358  3288.24 
2.359  3186.92 
2.36  3089 
2.361  2994.34 
2.362  2902.84 
2.363  2814.39 
2.364  2728.86 
2.365  2646.16 
2.366  2566.18 
2.367  2488.83 
2.368  2414.02 
2.369  2341.65 
2.37  2271.64 
2.371  2203.9 
2.372  2138.36 
2.373  2074.94 
2.374  2013.56 
2.375  1954.16 
2.376  1896.66 
2.377  1841 
2.378  1787.12 
2.379  1734.95 
2.38  1684.44 
2.381  1635.52 
2.382  1588.15 
2.383  1542.27 
2.384  1497.83 
2.385  1454.78 
2.386  1413.07 
2.387  1372.67 
2.388  1333.52 
2.389  1295.58 
2.39  1258.81 
2.391  1223.18 
2.392  1188.65 
2.393  1155.17 
2.394  1122.72 
2.395  1091.26 
2.396  1060.75 
2.397  1031.18 
2.398  1002.49 
2.399  974.678 
2.4  947.701 
2.401  921.534 
2.402  896.152 
2.403  871.53 
2.404  847.641 
2.405  824.464 
2.406  801.975 
2.407  780.152 
2.408  758.974 
2.409  738.419 
2.41  718.47 
2.411  699.105 
2.412  680.306 
2.413  662.057 
2.414  644.338 
2.415  627.134 
2.416  610.429 
2.417  594.207 
2.418  578.452 
2.419  563.151 
2.42  548.289 
2.421  533.852 
2.422  519.828 
2.423  506.204 
2.424  492.966 
2.425  480.105 
2.426  467.607 
2.427  455.462 
2.428  443.659 
2.429  432.188 
2.43  421.038 
2.431  410.201 
2.432  399.665 
2.433  389.424 
2.434  379.466 
2.435  369.785 
2.436  360.371 
2.437  351.217 
2.438  342.315 
2.439  333.658 
2.44  325.238 
2.441  317.048 
2.442  309.082 
2.443  301.332 
2.444  293.793 
2.445  286.458 
2.446  279.322 
2.447  272.378 
2.448  265.621 
2.449  259.046 
2.45  252.646 
2.451  246.418 
2.452  240.357 
2.453  234.456 
2.454  228.713 
2.455  223.121 
2.456  217.678 
2.457  212.378 
2.458  207.218 
2.459  202.194 
2.46  197.301 
2.461  192.536 
2.462  187.896 
2.463  183.377 
2.464  178.976 
2.465  174.688 
2.466  170.512 
2.467  166.443 
2.468  162.48 
2.469  158.619 
2.47  154.856 
2.471  151.19 
2.472  147.618 
2.473  144.137 
2.474  140.745 
2.475  137.439 
2.476  134.217 
2.477  131.077 
2.478  128.015 
2.479  125.031 
2.48  122.122 
2.481  119.287 
2.482  116.522 
2.483  113.826 
2.484  111.198 
2.485  108.635 
2.486  106.136 
2.487  103.699 
2.488  101.322 
2.489  99.0038 
2.49  96.7429 
2.491  94.5377 
2.492  92.3866 
2.493  90.2884 
2.494  88.2414 
2.495  86.2445 
2.496  84.2962 
2.497  82.3954 
2.498  80.5407 
2.499  78.731 
2.5  76.965 
2.501  75.2417 
2.502  73.5599 
2.503  71.9186 
2.504  70.3167 
2.505  68.7531 
2.506  67.227 
2.507  65.7373 
2.508  64.283 
2.509  62.8634 
2.51  61.4775 
2.511  60.1244 
2.512  58.8033 
2.513  57.5134 
2.514  56.2538 
2.515  55.0239 
2.516  53.8229 
2.517  52.65 
2.518  51.5046 
2.519  50.3859 
2.52  49.2932 
2.521  48.226 
2.522  47.1836 
2.523  46.1653 
2.524  45.1706 
2.525  44.1989 
2.526  43.2495 
2.527  42.322 
2.528  41.4158 
2.529  40.5304 
2.53  39.6653 
2.531  38.8199 
2.532  37.9939 
2.533  37.1866 
2.534  36.3977 
2.535  35.6266 
2.536  34.8731 
2.537  34.1366 
2.538  33.4167 
2.539  32.713 
2.54  32.0251 
2.541  31.3528 
2.542  30.6954 
2.543  30.0528 
2.544  29.4246 
2.545  28.8103 
2.546  28.2098 
2.547  27.6226 
2.548  27.0484 
2.549  26.4869 
2.55  25.9379 
2.551  25.401 
2.552  24.8759 
2.553  24.3624 
2.554  23.8601 
2.555  23.3689 
2.556  22.8885 
2.557  22.4185 
2.558  21.9588 
2.559  21.5091 
2.56  21.0692 
2.561  20.6389 
2.562  20.2179 
2.563  19.806 
2.564  19.403 
2.565  19.0087 
2.566  18.6229 
2.567  18.2454 
2.568  17.876 
2.569  17.5146 
2.57  17.1609 
2.571  16.8147 
2.572  16.476 
2.573  16.1444 
2.574  15.8199 
2.575  15.5023 
2.576  15.1915 
2.577  14.8872 
2.578  14.5894 
2.579  14.2978 
2.58  14.0124 
2.581  13.7331 
2.582  13.4595 
2.583  13.1918 
2.584  12.9296 
2.585  12.673 
2.586  12.4216 
2.587  12.1756 
2.588  11.9347 
2.589  11.6987 
2.59  11.4677 
2.591  11.2415 
2.592  11.0199 
2.593  10.803 
2.594  10.5905 
2.595  10.3824 
2.596  10.1786 
2.597  9.979 
2.598  9.78348 
2.599  9.59198 
2.6  9.4044 
2.601  9.22065 
2.602  9.04065 
2.603  8.86433 
2.604  8.6916 
2.605  8.52238 
2.606  8.3566 
2.607  8.19418 
2.608  8.03505 
2.609  7.87913 
2.61  7.72637 
2.611  7.57669 
2.612  7.43002 
2.613  7.28631 
2.614  7.14548 
2.615  7.00748 
2.616  6.87224 
2.617  6.73971 
2.618  6.60983 
2.619  6.48254 
2.62  6.35778 
2.621  6.23552 
2.622  6.11568 
2.623  5.99822 
2.624  5.88309 
2.625  5.77024 
2.626  5.65962 
2.627  5.55119 
2.628  5.4449 
2.629  5.3407 
2.63  5.23855 
2.631  5.13841 
2.632  5.04024 
2.633  4.94399 
2.634  4.84963 
2.635  4.75711 
2.636  4.6664 
2.637  4.57746 
2.638  4.49026 
2.639  4.40475 
2.64  4.3209 
2.641  4.23868 
2.642  4.15806 
2.643  4.079 
2.644  4.00147 
2.645  3.92544 
2.646  3.85088 
2.647  3.77775 
2.648  3.70604 
2.649  3.6357 
2.65  3.56671 
2.651  3.49905 
2.652  3.43269 
2.653  3.3676 
2.654  3.30376 
2.655  3.24113 
2.656  3.1797 
2.657  3.11945 
2.658  3.06034 
2.659  3.00235 
2.66  2.94547 
2.661  2.88967 
2.662  2.83493 
2.663  2.78123 
2.664  2.72854 
2.665  2.67685 
2.666  2.62614 
2.667  2.57638 
2.668  2.52756 
2.669  2.47966 
2.67  2.43267 
2.671  2.38655 
2.672  2.34131 
2.673  2.29691 
2.674  2.25334 
2.675  2.21059 
2.676  2.16864 
2.677  2.12748 
2.678  2.08708 
2.679  2.04744 
2.68  2.00854 
2.681  1.97036 
2.682  1.93289 
2.683  1.89612 
2.684  1.86003 
2.685  1.82461 
2.686  1.78985 
2.687  1.75573 
2.688  1.72225 
2.689  1.68938 
2.69  1.65712 
2.691  1.62546 
2.692  1.59438 
2.693  1.56388 
2.694  1.53393 
2.695  1.50454 
2.696  1.47569 
2.697  1.44737 
2.698  1.41956 
2.699  1.39227 
2.7  1.36548 
2.701  1.33918 
2.702  1.31336 
2.703  1.28802 
2.704  1.26313 
2.705  1.2387 
2.706  1.21472 
2.707  1.19118 
2.708  1.16806 
2.709  1.14537 
2.71  1.12309 
2.711  1.10121 
2.712  1.07973 
2.713  1.05864 
2.714  1.03794 
2.715  1.01761 
2.716  0.997649 
2.717  0.978051 
2.718  0.958807 
2.719  0.939912 
2.72  0.921359 
2.721  0.903141 
2.722  0.885253 
2.723  0.867688 
2.724  0.85044 
2.725  0.833503 
2.726  0.816872 
2.727  0.80054 
2.728  0.784503 
2.729  0.768755 
2.73  0.75329 
2.731  0.738103 
2.732  0.72319 
2.733  0.708544 
2.734  0.694162 
2.735  0.680038 
2.736  0.666168 
2.737  0.652547 
2.738  0.63917 
2.739  0.626033 
2.74  0.613131 
2.741  0.600461 
2.742  0.588018 
2.743  0.575797 
2.744  0.563796 
2.745  0.552009 
2.746  0.540433 
2.747  0.529064 
2.748  0.517899 
2.749  0.506933 
2.75  0.496163 
2.751  0.485585 
2.752  0.475197 
2.753  0.464994 
2.754  0.454974 
2.755  0.445132 
2.756  0.435466 
2.757  0.425973 
2.758  0.416649 
2.759  0.407492 
2.76  0.398498 
2.761  0.389664 
2.762  0.380988 
2.763  0.372467 
2.764  0.364098 
2.765  0.355878 
2.766  0.347805 
2.767  0.339876 
2.768  0.332088 
2.769  0.324439 
2.77  0.316927 
2.771  0.309549 
2.772  0.302302 
2.773  0.295185 
2.774  0.288195 
2.775  0.281329 
2.776  0.274586 
2.777  0.267964 
2.778  0.26146 
2.779  0.255072 
2.78  0.248798 
2.781  0.242636 
2.782  0.236584 
2.783  0.230641 
2.784  0.224804 
2.785  0.219071 
2.786  0.213441 
2.787  0.207911 
2.788  0.202481 
2.789  0.197148 
2.79  0.19191 
2.791  0.186767 
2.792  0.181715 
2.793  0.176755 
2.794  0.171883 
2.795  0.167099 
2.796  0.1624 
2.797  0.157787 
2.798  0.153256 
2.799  0.148807 
2.8  0.144438 
2.801  0.140147 
2.802  0.135934 
2.803  0.131797 
2.804  0.127735 
2.805  0.123746 
2.806  0.11983 
2.807  0.115984 
2.808  0.112208 
2.809  0.1085 
2.81  0.10486 
2.811  0.101285 
2.812  0.0977761 
2.813  0.0943306 
2.814  0.0909478 
2.815  0.0876266 
2.816  0.0843661 
2.817  0.0811651 
2.818  0.0780226 
2.819  0.0749376 
2.82  0.0719091 
2.821  0.0689362 
2.822  0.0660179 
2.823  0.0631532 
2.824  0.0603413 
2.825  0.0575812 
2.826  0.054872 
2.827  0.0522129 
2.828  0.0496029 
2.829  0.0470414 
2.83  0.0445273 
2.831  0.04206 
2.832  0.0396386 
2.833  0.0372623 
2.834  0.0349304 
2.835  0.0326421 
2.836  0.0303966 
2.837  0.0281933 
2.838  0.0260313 
2.839  0.0239101 
2.84  0.0218288 
2.841  0.0197869 
2.842  0.0177836 
2.843  0.0158183 
2.844  0.0138903 
2.845  0.011999 
2.846  0.0101438 
2.847  0.00832411 
2.848  0.00653922 
2.849  0.0047886 
2.85  0.00307166 
2.851  0.00138782 
2.852  -0.000263475 
2.853  -0.00188278 
2.854  -0.00347065 
2.855  -0.00502761 
2.856  -0.00655418 
2.857  -0.00805089 
2.858  -0.00951824 
2.859  -0.0109567 
2.86  -0.0123669 
2.861  -0.0137491 
2.862  -0.0151039 
2.863  -0.0164318 
2.864  -0.0177332 
2.865  -0.0190085 
2.866  -0.0202583 
2.867  -0.0214829 
2.868  -0.0226828 
2.869  -0.0238583 
2.87  -0.02501 
2.871  -0.0261381 
2.872  -0.0272432 
2.873  -0.0283256 
2.874  -0.0293856 
2.875  -0.0304237 
2.876  -0.0314403 
2.877  -0.0324356 
2.878  -0.0334101 
2.879  -0.0343641 
2.88  -0.035298 
2.881  -0.0362121 
2.882  -0.0371068 
2.883  -0.0379823 
2.884  -0.038839 
2.885  -0.0396772 
2.886  -0.0404973 
2.887  -0.0412995 
2.888  -0.0420842 
2.889  -0.0428516 
2.89  -0.043602 
2.891  -0.0443358 
2.892  -0.0450532 
2.893  -0.0457545 
2.894  -0.0464399 
2.895  -0.0471098 
2.896  -0.0477644 
2.897  -0.0484039 
2.898  -0.0490287 
2.899  -0.049639 
2.9  -0.0502349 
2.901  -0.0508169 
2.902  -0.051385 
2.903  -0.0519396 
2.904  -0.0524808 
2.905  -0.053009 
2.906  -0.0535243 
2.907  -0.0540269 
2.908  -0.0545171 
2.909  -0.054995 
2.91  -0.055461 
2.911  -0.0559151 
2.912  -0.0563577 
2.913  -0.0567888 
2.914  -0.0572088 
2.915  -0.0576177 
2.916  -0.0580158 
2.917  -0.0584032 
2.918  -0.0587802 
2.919  -0.059147 
2.92  -0.0595036 
2.921  -0.0598503 
2.922  -0.0601873 
2.923  -0.0605147 
2.924  -0.0608326 
2.925  -0.0611414 
2.926  -0.061441 
2.927  -0.0617317 
2.928  -0.0620136 
2.929  -0.0622869 
2.93  -0.0625517 
2.931  -0.0628082 
2.932  -0.0630565 
2.933  -0.0632968 
2.934  -0.0635292 
2.935  -0.0637539 
2.936  -0.0639709 
2.937  -0.0641804 
2.938  -0.0643826 
2.939  -0.0645775 
2.94  -0.0647654 
2.941  -0.0649462 
2.942  -0.0651202 
2.943  -0.0652875 
2.944  -0.0654482 
2.945  -0.0656024 
2.946  -0.0657503 
2.947  -0.0658918 
2.948  -0.0660272 
2.949  -0.0661566 
2.95  -0.06628 
2.951  -0.0663976 
2.952  -0.0665095 
2.953  -0.0666158 
2.954  -0.0667165 
2.955  -0.0668119 
2.956  -0.0669019 
2.957  -0.0669867 
2.958  -0.0670663 
2.959  -0.0671409 
2.96  -0.0672106 
2.961  -0.0672754 
2.962  -0.0673355 
2.963  -0.0673909 
2.964  -0.0674417 
2.965  -0.067488 
2.966  -0.0675298 
2.967  -0.0675673 
2.968  -0.0676006 
2.969  -0.0676296 
2.97  -0.0676546 
2.971  -0.0676755 
2.972  -0.0676925 
2.973  -0.0677056 
2.974  -0.0677149 
2.975  -0.0677204 
2.976  -0.0677223 
2.977  -0.0677206 
2.978  -0.0677153 
2.979  -0.0677066 
2.98  -0.0676945 
2.981  -0.0676791 
2.982  -0.0676604 
2.983  -0.0676385 
2.984  -0.0676135 
2.985  -0.0675853 
2.986  -0.0675542 
2.987  -0.0675201 
2.988  -0.0674831 
2.989  -0.0674432 
2.99  -0.0674006 
2.991  -0.0673552 
2.992  -0.0673071 
2.993  -0.0672564 
2.994  -0.0672031 
2.995  -0.0671473 
2.996  -0.067089 
2.997  -0.0670283 
2.998  -0.0669652 
2.999  -0.0668998 
3  -0.0668321 
3.001  -0.0667622 
3.002  -0.0666901 
3.003  -0.0666158 
3.004  -0.0665395 
3.005  -0.0664611 
3.006  -0.0663807 
3.007  -0.0662983 
3.008  -0.0662139 
3.009  -0.0661277 
3.01  -0.0660397 
3.011  -0.0659498 
3.012  -0.0658582 
3.013  -0.0657648 
3.014  -0.0656698 
3.015  -0.0655731 
3.016  -0.0654748 
3.017  -0.0653749 
3.018  -0.0652734 
3.019  -0.0651704 
3.02  -0.065066 
3.021  -0.0649601 
3.022  -0.0648528 
3.023  -0.0647441 
3.024  -0.0646341 
3.025  -0.0645227 
3.026  -0.0644101 
3.027  -0.0642962 
3.028  -0.0641811 
3.029  -0.0640647 
3.03  -0.0639472 
3.031  -0.0638286 
3.032  -0.0637089 
3.033  -0.0635881 
3.034  -0.0634662 
3.035  -0.0633433 
3.036  -0.0632193 
3.037  -0.0630944 
3.038  -0.0629686 
3.039  -0.0628418 
3.04  -0.0627141 
3.041  -0.0625856 
3.042  -0.0624561 
3.043  -0.0623259 
3.044  -0.0621948 
3.045  -0.062063 
3.046  -0.0619303 
3.047  -0.061797 
3.048  -0.0616629 
3.049  -0.0615281 
3.05  -0.0613926 
3.051  -0.0612564 
3.052  -0.0611196 
3.053  -0.0609822 
3.054  -0.0608442 
3.055  -0.0607056 
3.056  -0.0605664 
3.057  -0.0604267 
3.058  -0.0602865 
3.059  -0.0601457 
3.06  -0.0600045 
3.061  -0.0598627 
3.062  -0.0597205 
3.063  -0.0595779 
3.064  -0.0594348 
3.065  -0.0592913 
3.066  -0.0591475 
3.067  -0.0590032 
3.068  -0.0588586 
3.069  -0.0587136 
3.07  -0.0585683 
3.071  -0.0584226 
3.072  -0.0582767 
3.073  -0.0581304 
3.074  -0.0579839 
3.075  -0.0578371 
3.076  -0.05769 
3.077  -0.0575427 
3.078  -0.0573952 
3.079  -0.0572475 
3.08  -0.0570995 
3.081  -0.0569514 
3.082  -0.056803 
3.083  -0.0566545 
3.084  -0.0565059 
3.085  -0.0563571 
3.086  -0.0562081 
3.087  -0.056059 
3.088  -0.0559099 
3.089  -0.0557606 
3.09  -0.0556112 
3.091  -0.0554617 
3.092  -0.0553122 
3.093  -0.0551625 
3.094  -0.0550129 
3.095  -0.0548632 
3.096  -0.0547134 
3.097  -0.0545636 
3.098  -0.0544138 
3.099  -0.054264 
3.1  -0.0541142 
3.101  -0.0539644 
3.102  -0.0538146 
3.103  -0.0536648 
3.104  -0.053515 
3.105  -0.0533653 
3.106  -0.0532156 
3.107  -0.053066 
3.108  -0.0529165 
3.109  -0.052767 
3.11  -0.0526176 
3.111  -0.0524682 
3.112  -0.052319 
3.113  -0.0521698 
3.114  -0.0520207 
3.115  -0.0518718 
3.116  -0.051723 
3.117  -0.0515742 
3.118  -0.0514256 
3.119  -0.0512772 
3.12  -0.0511288 
3.121  -0.0509806 
3.122  -0.0508326 
3.123  -0.0506847 
3.124  -0.050537 
3.125  -0.0503894 
3.126  -0.050242 
3.127  -0.0500948 
3.128  -0.0499477 
3.129  -0.0498009 
3.13  -0.0496542 
3.131  -0.0495077 
3.132  -0.0493614 
3.133  -0.0492153 
3.134  -0.0490694 
3.135  -0.0489238 
3.136  -0.0487783 
3.137  -0.0486331 
3.138  -0.048488 
3.139  -0.0483432 
3.14  -0.0481987 
3.141  -0.0480543 
3.142  -0.0479102 
3.143  -0.0477664 
3.144  -0.0476228 
3.145  -0.0474794 
3.146  -0.0473363 
3.147  -0.0471934 
3.148  -0.0470508 
3.149  -0.0469085 
3.15  -0.0467664 
3.151  -0.0466245 
3.152  -0.046483 
3.153  -0.0463417 
3.154  -0.0462007 
3.155  -0.04606 
3.156  -0.0459195 
3.157  -0.0457794 
3.158  -0.0456395 
3.159  -0.0454999 
3.16  -0.0453606 
3.161  -0.0452215 
3.162  -0.0450828 
3.163  -0.0449444 
3.164  -0.0448062 
3.165  -0.0446684 
3.166  -0.0445309 
3.167  -0.0443937 
3.168  -0.0442567 
3.169  -0.0441201 
3.17  -0.0439838 
3.171  -0.0438478 
3.172  -0.0437121 
3.173  -0.0435768 
3.174  -0.0434417 
3.175  -0.043307 
3.176  -0.0431726 
3.177  -0.0430385 
3.178  -0.0429047 
3.179  -0.0427713 
3.18  -0.0426381 
3.181  -0.0425053 
3.182  -0.0423729 
3.183  -0.0422407 
3.184  -0.0421089 
3.185  -0.0419774 
3.186  -0.0418463 
3.187  -0.0417155 
3.188  -0.041585 
3.189  -0.0414548 
3.19  -0.041325 
3.191  -0.0411955 
3.192  -0.0410664 
3.193  -0.0409376 
3.194  -0.0408091 
3.195  -0.040681 
3.196  -0.0405532 
3.197  -0.0404257 
3.198  -0.0402986 
3.199  -0.0401719 
3.2  -0.0400455 
3.201  -0.0399194 
3.202  -0.0397937 
3.203  -0.0396683 
3.204  -0.0395432 
3.205  -0.0394185 
3.206  -0.0392942 
3.207  -0.0391702 
3.208  -0.0390465 
3.209  -0.0389232 
3.21  -0.0388003 
3.211  -0.0386776 
3.212  -0.0385554 
3.213  -0.0384335 
3.214  -0.0383119 
3.215  -0.0381907 
3.216  -0.0380698 
3.217  -0.0379493 
3.218  -0.0378291 
3.219  -0.0377093 
3.22  -0.0375898 
3.221  -0.0374706 
3.222  -0.0373519 
3.223  -0.0372334 
3.224  -0.0371153 
3.225  -0.0369976 
3.226  -0.0368802 
3.227  -0.0367632 
3.228  -0.0366465 
3.229  -0.0365302 
3.23  -0.0364142 
3.231  -0.0362985 
3.232  -0.0361832 
3.233  -0.0360683 
3.234  -0.0359537 
3.235  -0.0358395 
3.236  -0.0357256 
3.237  -0.035612 
3.238  -0.0354988 
3.239  -0.0353859 
3.24  -0.0352734 
3.241  -0.0351612 
3.242  -0.0350494 
3.243  -0.0349379 
3.244  -0.0348268 
3.245  -0.034716 
3.246  -0.0346056 
3.247  -0.0344955 
3.248  -0.0343857 
3.249  -0.0342763 
3.25  -0.0341673 
3.251  -0.0340585 
3.252  -0.0339501 
3.253  -0.0338421 
3.254  -0.0337344 
3.255  -0.033627 
3.256  -0.03352 
3.257  -0.0334133 
3.258  -0.033307 
3.259  -0.033201 
3.26  -0.0330953 
3.261  -0.03299 
3.262  -0.032885 
3.263  -0.0327804 
3.264  -0.0326761 
3.265  -0.0325721 
3.266  -0.0324684 
3.267  -0.0323651 
3.268  -0.0322621 
3.269  -0.0321595 
3.27  -0.0320572 
3.271  -0.0319552 
3.272  -0.0318535 
3.273  -0.0317522 
3.274  -0.0316512 
3.275  -0.0315506 
3.276  -0.0314502 
3.277  -0.0313502 
3.278  -0.0312506 
3.279  -0.0311512 
3.28  -0.0310522 
3.281  -0.0309535 
3.282  -0.0308551 
3.283  -0.0307571 
3.284  -0.0306593 
3.285  -0.0305619 
3.286  -0.0304649 
3.287  -0.0303681 
3.288  -0.0302716 
3.289  -0.0301755 
3.29  -0.0300797 
3.291  -0.0299842 
3.292  -0.0298891 
3.293  -0.0297942 
3.294  -0.0296997 
3.295  -0.0296055 
3.296  -0.0295116 
3.297  -0.029418 
3.298  -0.0293247 
3.299  -0.0292317 
3.3  -0.0291391 
3.301  -0.0290467 
3.302  -0.0289547 
3.303  -0.0288629 
3.304  -0.0287715 
3.305  -0.0286804 
3.306  -0.0285896 
3.307  -0.0284991 
3.308  -0.0284089 
3.309  -0.028319 
3.31  -0.0282294 
3.311  -0.0281402 
3.312  -0.0280512 
3.313  -0.0279625 
3.314  -0.0278741 
3.315  -0.027786 
3.316  -0.0276982 
3.317  -0.0276107 
3.318  -0.0275236 
3.319  -0.0274367 
3.32  -0.0273501 
3.321  -0.0272638 
3.322  -0.0271777 
3.323  -0.027092 
3.324  -0.0270066 
3.325  -0.0269215 
3.326  -0.0268366 
3.327  -0.0267521 
3.328  -0.0266678 
3.329  -0.0265838 
3.33  -0.0265001 
3.331  -0.0264167 
3.332  -0.0263336 
3.333  -0.0262508 
3.334  -0.0261682 
3.335  -0.0260859 
3.336  -0.0260039 
3.337  -0.0259222 
3.338  -0.0258408 
3.339  -0.0257596 
3.34  -0.0256788 
3.341  -0.0255982 
3.342  -0.0255179 
3.343  -0.0254378 
3.344  -0.0253581 
3.345  -0.0252786 
3.346  -0.0251993 
3.347  -0.0251204 
3.348  -0.0250417 
3.349  -0.0249633 
3.35  -0.0248852 
3.351  -0.0248073 
3.352  -0.0247297 
3.353  -0.0246524 
3.354  -0.0245753 
3.355  -0.0244985 
3.356  -0.024422 
3.357  -0.0243457 
3.358  -0.0242697 
3.359  -0.024194 
3.36  -0.0241185 
3.361  -0.0240433 
3.362  -0.0239683 
3.363  -0.0238936 
3.364  -0.0238192 
3.365  -0.023745 
3.366  -0.0236711 
3.367  -0.0235974 
3.368  -0.023524 
3.369  -0.0234508 
3.37  -0.0233779 
3.371  -0.0233052 
3.372  -0.0232328 
3.373  -0.0231607 
3.374  -0.0230888 
3.375  -0.0230171 
3.376  -0.0229457 
3.377  -0.0228745 
3.378  -0.0228036 
3.379  -0.0227329 
3.38  -0.0226625 
3.381  -0.0225923 
3.382  -0.0225224 
3.383  -0.0224527 
3.384  -0.0223832 
3.385  -0.022314 
3.386  -0.022245 
3.387  -0.0221763 
3.388  -0.0221078 
3.389  -0.0220396 
3.39  -0.0219715 
3.391  -0.0219037 
3.392  -0.0218362 
3.393  -0.0217689 
3.394  -0.0217018 
3.395  -0.0216349 
3.396  -0.0215683 
3.397  -0.0215019 
3.398  -0.0214358 
3.399  -0.0213698 
3.4  -0.0213041 
3.401  -0.0212387 
3.402  -0.0211734 
3.403  -0.0211084 
3.404  -0.0210436 
3.405  -0.0209791 
3.406  -0.0209147 
3.407  -0.0208506 
3.408  -0.0207867 
3.409  -0.020723 
3.41  -0.0206596 
3.411  -0.0205963 
3.412  -0.0205333 
3.413  -0.0204705 
3.414  -0.0204079 
3.415  -0.0203456 
3.416  -0.0202834 
3.417  -0.0202215 
3.418  -0.0201598 
3.419  -0.0200983 
3.42  -0.020037 
3.421  -0.0199759 
3.422  -0.0199151 
3.423  -0.0198544 
3.424  -0.019794 
3.425  -0.0197337 
3.426  -0.0196737 
3.427  -0.0196139 
3.428  -0.0195543 
3.429  -0.0194949 
3.43  -0.0194357 
3.431  -0.0193767 
3.432  -0.0193179 
3.433  -0.0192593 
3.434  -0.0192009 
3.435  -0.0191428 
3.436  -0.0190848 
3.437  -0.019027 
3.438  -0.0189694 
3.439  -0.0189121 
3.44  -0.0188549 
3.441  -0.0187979 
3.442  -0.0187411 
3.443  -0.0186845 
3.444  -0.0186281 
3.445  -0.0185719 
3.446  -0.0185159 
3.447  -0.0184601 
3.448  -0.0184045 
3.449  -0.0183491 
3.45  -0.0182939 
3.451  -0.0182388 
3.452  -0.018184 
3.453  -0.0181293 
3.454  -0.0180748 
3.455  -0.0180205 
3.456  -0.0179664 
3.457  -0.0179125 
3.458  -0.0178588 
3.459  -0.0178053 
3.46  -0.0177519 
3.461  -0.0176987 
3.462  -0.0176458 
3.463  -0.017593 
3.464  -0.0175403 
3.465  -0.0174879 
3.466  -0.0174356 
3.467  -0.0173835 
3.468  -0.0173316 
3.469  -0.0172799 
3.47  -0.0172284 
3.471  -0.017177 
3.472  -0.0171258 
3.473  -0.0170748 
3.474  -0.017024 
3.475  -0.0169733 
3.476  -0.0169228 
3.477  -0.0168725 
3.478  -0.0168223 
3.479  -0.0167724 
3.48  -0.0167226 
3.481  -0.0166729 
3.482  -0.0166235 
3.483  -0.0165742 
3.484  -0.0165251 
3.485  -0.0164761 
3.486  -0.0164273 
3.487  -0.0163787 
3.488  -0.0163303 
3.489  -0.016282 
3.49  -0.0162339 
3.491  -0.0161859 
3.492  -0.0161381 
3.493  -0.0160905 
3.494  -0.016043 
3.495  -0.0159957 
3.496  -0.0159486 
3.497  -0.0159016 
3.498  -0.0158548 
3.499  -0.0158082 
3.5  -0.0157617 
3.501  -0.0157153 
3.502  -0.0156691 
3.503  -0.0156231 
3.504  -0.0155772 
3.505  -0.0155315 
3.506  -0.015486 
3.507  -0.0154406 
3.508  -0.0153953 
3.509  -0.0153503 
3.51  -0.0153053 
3.511  -0.0152605 
3.512  -0.0152159 
3.513  -0.0151714 
3.514  -0.0151271 
3.515  -0.0150829 
3.516  -0.0150389 
3.517  -0.014995 
3.518  -0.0149513 
3.519  -0.0149077 
3.52  -0.0148643 
3.521  -0.014821 
3.522  -0.0147779 
3.523  -0.0147349 
3.524  -0.014692 
3.525  -0.0146493 
3.526  -0.0146068 
3.527  -0.0145644 
3.528  -0.0145221 
3.529  -0.01448 
3.53  -0.014438 
3.531  -0.0143962 
3.532  -0.0143545 
3.533  -0.0143129 
3.534  -0.0142715 
3.535  -0.0142302 
3.536  -0.0141891 
3.537  -0.0141481 
3.538  -0.0141072 
3.539  -0.0140665 
3.54  -0.0140259 
3.541  -0.0139855 
3.542  -0.0139451 
3.543  -0.013905 
3.544  -0.0138649 
3.545  -0.013825 
3.546  -0.0137853 
3.547  -0.0137456 
3.548  -0.0137061 
3.549  -0.0136667 
3.55  -0.0136275 
3.551  -0.0135884 
3.552  -0.0135494 
3.553  -0.0135106 
3.554  -0.0134719 
3.555  -0.0134333 
3.556  -0.0133948 
3.557  -0.0133565 
3.558  -0.0133183 
3.559  -0.0132802 
3.56  -0.0132423 
3.561  -0.0132045 
3.562  -0.0131668 
3.563  -0.0131292 
3.564  -0.0130918 
3.565  -0.0130545 
3.566  -0.0130173 
3.567  -0.0129802 
3.568  -0.0129433 
3.569  -0.0129065 
3.57  -0.0128698 
3.571  -0.0128332 
3.572  -0.0127968 
3.573  -0.0127605 
3.574  -0.0127243 
3.575  -0.0126882 
3.576  -0.0126522 
3.577  -0.0126164 
3.578  -0.0125806 
3.579  -0.012545 
3.58  -0.0125095 
3.581  -0.0124742 
3.582  -0.0124389 
3.583  -0.0124038 
3.584  -0.0123688 
3.585  -0.0123339 
3.586  -0.0122991 
3.587  -0.0122644 
3.588  -0.0122299 
3.589  -0.0121954 
3.59  -0.0121611 
3.591  -0.0121269 
3.592  -0.0120928 
3.593  -0.0120588 
3.594  -0.0120249 
3.595  -0.0119911 
3.596  -0.0119575 
3.597  -0.011924 
3.598  -0.0118905 
3.599  -0.0118572 
3.6  -0.011824 
3.601  -0.0117909 
3.602  -0.0117579 
3.603  -0.011725 
3.604  -0.0116922 
3.605  -0.0116596 
3.606  -0.011627 
3.607  -0.0115946 
3.608  -0.0115622 
3.609  -0.01153 
3.61  -0.0114979 
3.611  -0.0114658 
3.612  -0.0114339 
3.613  -0.0114021 
3.614  -0.0113704 
3.615  -0.0113388 
3.616  -0.0113073 
3.617  -0.0112759 
3.618  -0.0112446 
3.619  -0.0112134 
3.62  -0.0111823 
3.621  -0.0111513 
3.622  -0.0111204 
3.623  -0.0110896 
3.624  -0.0110589 
3.625  -0.0110283 
3.626  -0.0109978 
3.627  -0.0109674 
3.628  -0.0109371 
3.629  -0.0109069 
3.63  -0.0108769 
3.631  -0.0108469 
3.632  -0.010817 
3.633  -0.0107872 
3.634  -0.0107575 
3.635  -0.0107278 
3.636  -0.0106983 
3.637  -0.0106689 
3.638  -0.0106396 
3.639  -0.0106104 
3.64  -0.0105812 
3.641  -0.0105522 
3.642  -0.0105233 
3.643  -0.0104944 
3.644  -0.0104657 
3.645  -0.010437 
3.646  -0.0104084 
3.647  -0.01038 
3.648  -0.0103516 
3.649  -0.0103233 
3.65  -0.0102951 
3.651  -0.010267 
3.652  -0.010239 
3.653  -0.010211 
3.654  -0.0101832 
3.655  -0.0101554 
3.656  -0.0101278 
3.657  -0.0101002 
3.658  -0.0100727 
3.659  -0.0100453 
3.66  -0.010018 
3.661  -0.00999082 
3.662  -0.00996369 
3.663  -0.00993665 
3.664  -0.0099097 
3.665  -0.00988283 
3.666  -0.00985605 
3.667  -0.00982935 
3.668  -0.00980274 
3.669  -0.00977621 
3.67  -0.00974977 
3.671  -0.00972342 
3.672  -0.00969715 
3.673  -0.00967096 
3.674  -0.00964485 
3.675  -0.00961883 
3.676  -0.0095929 
3.677  -0.00956704 
3.678  -0.00954127 
3.679  -0.00951558 
3.68  -0.00948997 
3.681  -0.00946445 
3.682  -0.009439 
3.683  -0.00941364 
3.684  -0.00938836 
3.685  -0.00936316 
3.686  -0.00933803 
3.687  -0.00931299 
3.688  -0.00928803 
3.689  -0.00926315 
3.69  -0.00923834 
3.691  -0.00921362 
3.692  -0.00918897 
3.693  -0.0091644 
3.694  -0.00913991 
3.695  -0.0091155 
3.696  -0.00909116 
3.697  -0.0090669 
3.698  -0.00904272 
3.699  -0.00901861 
3.7  -0.00899458 
3.701  -0.00897063 
3.702  -0.00894675 
3.703  -0.00892295 
3.704  -0.00889922 
3.705  -0.00887557 
3.706  -0.00885199 
3.707  -0.00882849 
3.708  -0.00880506 
3.709  -0.0087817 
3.71  -0.00875842 
3.711  -0.00873521 
3.712  -0.00871208 
3.713  -0.00868901 
3.714  -0.00866602 
3.715  -0.0086431 
3.716  -0.00862026 
3.717  -0.00859748 
3.718  -0.00857478 
3.719  -0.00855214 
3.72  -0.00852958 
3.721  -0.00850709 
3.722  -0.00848467 
3.723  -0.00846232 
3.724  -0.00844004 
3.725  -0.00841783 
3.726  -0.00839569 
3.727  -0.00837362 
3.728  -0.00835161 
3.729  -0.00832968 
3.73  -0.00830781 
3.731  -0.00828601 
3.732  -0.00826428 
3.733  -0.00824262 
3.734  -0.00822103 
3.735  -0.0081995 
3.736  -0.00817804 
3.737  -0.00815664 
3.738  -0.00813532 
3.739  -0.00811405 
3.74  -0.00809286 
3.741  -0.00807173 
3.742  -0.00805067 
3.743  -0.00802967 
3.744  -0.00800873 
3.745  -0.00798787 
3.746  -0.00796706 
3.747  -0.00794632 
3.748  -0.00792565 
3.749  -0.00790503 
3.75  -0.00788449 
3.751  -0.007864 
3.752  -0.00784358 
3.753  -0.00782322 
3.754  -0.00780293 
3.755  -0.0077827 
3.756  -0.00776253 
3.757  -0.00774242 
3.758  -0.00772237 
3.759  -0.00770239 
3.76  -0.00768246 
3.761  -0.0076626 
3.762  -0.0076428 
3.763  -0.00762306 
3.764  -0.00760338 
3.765  -0.00758376 
3.766  -0.00756421 
3.767  -0.00754471 
3.768  -0.00752527 
3.769  -0.00750589 
3.77  -0.00748657 
3.771  -0.00746731 
3.772  -0.00744811 
3.773  -0.00742896 
3.774  -0.00740988 
3.775  -0.00739085 
3.776  -0.00737189 
3.777  -0.00735297 
3.778  -0.00733412 
3.779  -0.00731533 
3.78  -0.00729659 
3.781  -0.00727791 
3.782  -0.00725929 
3.783  -0.00724072 
3.784  -0.00722221 
3.785  -0.00720376 
3.786  -0.00718536 
3.787  -0.00716702 
3.788  -0.00714873 
3.789  -0.0071305 
3.79  -0.00711232 
3.791  -0.0070942 
3.792  -0.00707614 
3.793  -0.00705813 
3.794  -0.00704017 
3.795  -0.00702227 
3.796  -0.00700442 
3.797  -0.00698663 
3.798  -0.00696889 
3.799  -0.0069512 
3.8  -0.00693357 
3.801  -0.00691599 
3.802  -0.00689847 
3.803  -0.00688099 
3.804  -0.00686357 
3.805  -0.0068462 
3.806  -0.00682889 
3.807  -0.00681162 
3.808  -0.00679441 
3.809  -0.00677725 
3.81  -0.00676014 
3.811  -0.00674309 
3.812  -0.00672608 
3.813  -0.00670913 
3.814  -0.00669222 
3.815  -0.00667537 
3.816  -0.00665857 
3.817  -0.00664182 
3.818  -0.00662512 
3.819  -0.00660846 
3.82  -0.00659186 
3.821  -0.00657531 
3.822  -0.00655881 
3.823  -0.00654235 
3.824  -0.00652595 
3.825  -0.00650959 
3.826  -0.00649329 
3.827  -0.00647703 
3.828  -0.00646082 
3.829  -0.00644466 
3.83  -0.00642855 
3.831  -0.00641248 
3.832  -0.00639647 
3.833  -0.0063805 
3.834  -0.00636458 
3.835  -0.0063487 
3.836  -0.00633287 
3.837  -0.00631709 
3.838  -0.00630136 
3.839  -0.00628567 
3.84  -0.00627003 
3.841  -0.00625444 
3.842  -0.00623889 
3.843  -0.00622339 
3.844  -0.00620794 
3.845  -0.00619253 
3.846  -0.00617716 
3.847  -0.00616184 
3.848  -0.00614657 
3.849  -0.00613134 
3.85  -0.00611616 
3.851  -0.00610102 
3.852  -0.00608593 
3.853  -0.00607088 
3.854  -0.00605587 
3.855  -0.00604091 
3.856  -0.00602599 
3.857  -0.00601112 
3.858  -0.00599629 
3.859  -0.00598151 
3.86  -0.00596676 
3.861  -0.00595207 
3.862  -0.00593741 
3.863  -0.0059228 
3.864  -0.00590823 
3.865  -0.0058937 
3.866  -0.00587922 
3.867  -0.00586477 
3.868  -0.00585038 
3.869  -0.00583602 
3.87  -0.0058217 
3.871  -0.00580743 
3.872  -0.0057932 
3.873  -0.00577901 
3.874  -0.00576486 
3.875  -0.00575075 
3.876  -0.00573668 
3.877  -0.00572266 
3.878  -0.00570867 
3.879  -0.00569473 
3.88  -0.00568083 
3.881  -0.00566697 
3.882  -0.00565314 
3.883  -0.00563936 
3.884  -0.00562562 
3.885  -0.00561192 
3.886  -0.00559825 
3.887  -0.00558463 
3.888  -0.00557105 
3.889  -0.00555751 
3.89  -0.005544 
3.891  -0.00553054 
3.892  -0.00551711 
3.893  -0.00550372 
3.894  -0.00549037 
3.895  -0.00547706 
3.896  -0.00546379 
3.897  -0.00545056 
3.898  -0.00543736 
3.899  -0.00542421 
3.9  -0.00541109 
3.901  -0.00539801 
3.902  -0.00538496 
3.903  -0.00537196 
3.904  -0.00535899 
3.905  -0.00534606 
3.906  -0.00533317 
3.907  -0.00532031 
3.908  -0.00530749 
3.909  -0.00529471 
3.91  -0.00528196 
3.911  -0.00526925 
3.912  -0.00525658 
3.913  -0.00524394 
3.914  -0.00523134 
3.915  -0.00521878 
3.916  -0.00520625 
3.917  -0.00519376 
3.918  -0.0051813 
3.919  -0.00516888 
3.92  -0.0051565 
3.921  -0.00514415 
3.922  -0.00513183 
3.923  -0.00511955 
3.924  -0.00510731 
3.925  -0.0050951 
3.926  -0.00508292 
3.927  -0.00507078 
3.928  -0.00505868 
3.929  -0.00504661 
3.93  -0.00503457 
3.931  -0.00502257 
3.932  -0.0050106 
3.933  -0.00499867 
3.934  -0.00498677 
3.935  -0.0049749 
3.936  -0.00496307 
3.937  -0.00495127 
3.938  -0.0049395 
3.939  -0.00492777 
3.94  -0.00491607 
3.941  -0.00490441 
3.942  -0.00489277 
3.943  -0.00488117 
3.944  -0.00486961 
3.945  -0.00485807 
3.946  -0.00484657 
3.947  -0.0048351 
3.948  -0.00482366 
3.949  -0.00481226 
3.95  -0.00480089 
3.951  -0.00478955 
3.952  -0.00477824 
3.953  -0.00476696 
3.954  -0.00475572 
3.955  -0.0047445 
3.956  -0.00473332 
3.957  -0.00472217 
3.958  -0.00471105 
3.959  -0.00469997 
3.96  -0.00468891 
3.961  -0.00467788 
3.962  -0.00466689 
3.963  -0.00465593 
3.964  -0.00464499 
3.965  -0.00463409 
3.966  -0.00462322 
3.967  -0.00461238 
3.968  -0.00460157 
3.969  -0.00459079 
3.97  -0.00458004 
3.971  -0.00456932 
3.972  -0.00455863 
3.973  -0.00454797 
3.974  -0.00453734 
3.975  -0.00452673 
3.976  -0.00451616 
3.977  -0.00450562 
3.978  -0.00449511 
3.979  -0.00448462 
3.98  -0.00447417 
3.981  -0.00446374 
3.982  -0.00445335 
3.983  -0.00444298 
3.984  -0.00443264 
3.985  -0.00442233 
3.986  -0.00441205 
3.987  -0.0044018 
3.988  -0.00439158 
3.989  -0.00438138 
3.99  -0.00437121 
3.991  -0.00436107 
3.992  -0.00435096 
3.993  -0.00434088 
3.994  -0.00433082 
3.995  -0.00432079 
3.996  -0.00431079 
3.997  -0.00430082 
3.998  -0.00429088 
3.999  -0.00428096 
4  -0.00427107 
4.001  -0.00426121 
4.002  -0.00425137 
4.003  -0.00424156 
4.004  -0.00423178 
4.005  -0.00422203 
4.006  -0.0042123 
4.007  -0.0042026 
4.008  -0.00419293 
4.009  -0.00418328 
4.01  -0.00417366 
4.011  -0.00416406 
4.012  -0.00415449 
4.013  -0.00414495 
4.014  -0.00413544 
4.015  -0.00412595 
4.016  -0.00411648 
4.017  -0.00410704 
4.018  -0.00409763 
4.019  -0.00408825 
4.02  -0.00407889 
4.021  -0.00406955 
4.022  -0.00406024 
4.023  -0.00405096 
4.024  -0.0040417 
4.025  -0.00403246 
4.026  -0.00402326 
4.027  -0.00401407 
4.028  -0.00400491 
4.029  -0.00399578 
4.03  -0.00398667 
4.031  -0.00397759 
4.032  -0.00396853 
4.033  -0.0039595 
4.034  -0.00395049 
4.035  -0.0039415 
4.036  -0.00393254 
4.037  -0.0039236 
4.038  -0.00391469 
4.039  -0.0039058 
4.04  -0.00389694 
4.041  -0.0038881 
4.042  -0.00387928 
4.043  -0.00387049 
4.044  -0.00386172 
4.045  -0.00385298 
4.046  -0.00384426 
4.047  -0.00383556 
4.048  -0.00382688 
4.049  -0.00381823 
4.05  -0.00380961 
4.051  -0.003801 
4.052  -0.00379242 
4.053  -0.00378386 
4.054  -0.00377533 
4.055  -0.00376682 
4.056  -0.00375833 
4.057  -0.00374986 
4.058  -0.00374142 
4.059  -0.003733 
4.06  -0.0037246 
4.061  -0.00371623 
4.062  -0.00370787 
4.063  -0.00369954 
4.064  -0.00369124 
4.065  -0.00368295 
4.066  -0.00367469 
4.067  -0.00366645 
4.068  -0.00365823 
4.069  -0.00365003 
4.07  -0.00364185 
4.071  -0.0036337 
4.072  -0.00362557 
4.073  -0.00361746 
4.074  -0.00360937 
4.075  -0.0036013 
4.076  -0.00359326 
4.077  -0.00358523 
4.078  -0.00357723 
4.079  -0.00356925 
4.08  -0.00356129 
4.081  -0.00355335 
4.082  -0.00354544 
4.083  -0.00353754 
4.084  -0.00352966 
4.085  -0.00352181 
4.086  -0.00351398 
4.087  -0.00350616 
4.088  -0.00349837 
4.089  -0.0034906 
4.09  -0.00348285 
4.091  -0.00347512 
4.092  -0.00346741 
4.093  -0.00345972 
4.094  -0.00345205 
4.095  -0.0034444 
4.096  -0.00343677 
4.097  -0.00342917 
4.098  -0.00342158 
4.099  -0.00341401 
4.1  -0.00340646 
4.101  -0.00339893 
4.102  -0.00339142 
4.103  -0.00338394 
4.104  -0.00337647 
4.105  -0.00336902 
4.106  -0.00336159 
4.107  -0.00335418 
4.108  -0.00334679 
4.109  -0.00333942 
4.11  -0.00333207 
4.111  -0.00332473 
4.112  -0.00331742 
4.113  -0.00331013 
4.114  -0.00330285 
4.115  -0.0032956 
4.116  -0.00328836 
4.117  -0.00328114 
4.118  -0.00327394 
4.119  -0.00326676 
4.12  -0.0032596 
4.121  -0.00325246 
4.122  -0.00324534 
4.123  -0.00323823 
4.124  -0.00323115 
4.125  -0.00322408 
4.126  -0.00321703 
4.127  -0.00321 
4.128  -0.00320298 
4.129  -0.00319599 
4.13  -0.00318901 
4.131  -0.00318206 
4.132  -0.00317512 
4.133  -0.00316819 
4.134  -0.00316129 
4.135  -0.0031544 
4.136  -0.00314754 
4.137  -0.00314069 
4.138  -0.00313385 
4.139  -0.00312704 
4.14  -0.00312024 
4.141  -0.00311346 
4.142  -0.0031067 
4.143  -0.00309996 
4.144  -0.00309323 
4.145  -0.00308652 
4.146  -0.00307983 
4.147  -0.00307316 
4.148  -0.0030665 
4.149  -0.00305986 
4.15  -0.00305324 
4.151  -0.00304663 
4.152  -0.00304004 
4.153  -0.00303347 
4.154  -0.00302692 
4.155  -0.00302038 
4.156  -0.00301386 
4.157  -0.00300735 
4.158  -0.00300087 
4.159  -0.00299439 
4.16  -0.00298794 
4.161  -0.0029815 
4.162  -0.00297508 
4.163  -0.00296868 
4.164  -0.00296229 
4.165  -0.00295592 
4.166  -0.00294956 
4.167  -0.00294322 
4.168  -0.0029369 
4.169  -0.0029306 
4.17  -0.00292431 
4.171  -0.00291803 
4.172  -0.00291177 
4.173  -0.00290553 
4.174  -0.00289931 
4.175  -0.0028931 
4.176  -0.0028869 
4.177  -0.00288072 
4.178  -0.00287456 
4.179  -0.00286841 
4.18  -0.00286228 
4.181  -0.00285617 
4.182  -0.00285007 
4.183  -0.00284398 
4.184  -0.00283791 
4.185  -0.00283186 
4.186  -0.00282582 
4.187  -0.0028198 
4.188  -0.00281379 
4.189  -0.0028078 
4.19  -0.00280182 
4.191  -0.00279586 
4.192  -0.00278992 
4.193  -0.00278398 
4.194  -0.00277807 
4.195  -0.00277217 
4.196  -0.00276628 
4.197  -0.00276041 
4.198  -0.00275455 
4.199  -0.00274871 
4.2  -0.00274288 
4.201  -0.00273707 
4.202  -0.00273127 
4.203  -0.00272549 
4.204  -0.00271972 
4.205  -0.00271397 
4.206  -0.00270823 
4.207  -0.00270251 
4.208  -0.00269679 
4.209  -0.0026911 
4.21  -0.00268542 
4.211  -0.00267975 
4.212  -0.0026741 
4.213  -0.00266846 
4.214  -0.00266283 
4.215  -0.00265722 
4.216  -0.00265163 
4.217  -0.00264605 
4.218  -0.00264048 
4.219  -0.00263492 
4.22  -0.00262938 
4.221  -0.00262386 
4.222  -0.00261834 
4.223  -0.00261285 
4.224  -0.00260736 
4.225  -0.00260189 
4.226  -0.00259643 
4.227  -0.00259099 
4.228  -0.00258556 
4.229  -0.00258014 
4.23  -0.00257474 
4.231  -0.00256935 
4.232  -0.00256397 
4.233  -0.00255861 
4.234  -0.00255326 
4.235  -0.00254793 
4.236  -0.0025426 
4.237  -0.00253729 
4.238  -0.002532 
4.239  -0.00252672 
4.24  -0.00252145 
4.241  -0.00251619 
4.242  -0.00251095 
4.243  -0.00250572 
4.244  -0.0025005 
4.245  -0.00249529 
4.246  -0.0024901 
4.247  -0.00248492 
4.248  -0.00247976 
4.249  -0.0024746 
4.25  -0.00246946 
4.251  -0.00246434 
4.252  -0.00245922 
4.253  -0.00245412 
4.254  -0.00244903 
4.255  -0.00244395 
4.256  -0.00243889 
4.257  -0.00243384 
4.258  -0.0024288 
4.259  -0.00242377 
4.26  -0.00241876 
4.261  -0.00241375 
4.262  -0.00240876 
4.263  -0.00240379 
4.264  -0.00239882 
4.265  -0.00239387 
4.266  -0.00238893 
4.267  -0.002384 
4.268  -0.00237908 
4.269  -0.00237418 
4.27  -0.00236929 
4.271  -0.00236441 
4.272  -0.00235954 
4.273  -0.00235468 
4.274  -0.00234984 
4.275  -0.00234501 
4.276  -0.00234018 
4.277  -0.00233538 
4.278  -0.00233058 
4.279  -0.00232579 
4.28  -0.00232102 
4.281  -0.00231626 
4.282  -0.00231151 
4.283  -0.00230677 
4.284  -0.00230204 
4.285  -0.00229733 
4.286  -0.00229262 
4.287  -0.00228793 
4.288  -0.00228325 
4.289  -0.00227858 
4.29  -0.00227392 
4.291  -0.00226928 
4.292  -0.00226464 
4.293  -0.00226002 
4.294  -0.0022554 
4.295  -0.0022508 
4.296  -0.00224621 
4.297  -0.00224163 
4.298  -0.00223706 
4.299  -0.00223251 
4.3  -0.00222796 
4.301  -0.00222343 
4.302  -0.0022189 
4.303  -0.00221439 
4.304  -0.00220989 
4.305  -0.0022054 
4.306  -0.00220092 
4.307  -0.00219645 
4.308  -0.00219199 
4.309  -0.00218754 
4.31  -0.0021831 
4.311  -0.00217868 
4.312  -0.00217426 
4.313  -0.00216986 
4.314  -0.00216546 
4.315  -0.00216108 
4.316  -0.00215671 
4.317  -0.00215234 
4.318  -0.00214799 
4.319  -0.00214365 
4.32  -0.00213932 
4.321  -0.002135 
4.322  -0.00213069 
4.323  -0.00212639 
4.324  -0.0021221 
4.325  -0.00211782 
4.326  -0.00211355 
4.327  -0.00210929 
4.328  -0.00210505 
4.329  -0.00210081 
4.33  -0.00209658 
4.331  -0.00209236 
4.332  -0.00208815 
4.333  -0.00208396 
4.334  -0.00207977 
4.335  -0.00207559 
4.336  -0.00207142 
4.337  -0.00206727 
4.338  -0.00206312 
4.339  -0.00205898 
4.34  -0.00205485 
4.341  -0.00205074 
4.342  -0.00204663 
4.343  -0.00204253 
4.344  -0.00203844 
4.345  -0.00203436 
4.346  -0.00203029 
4.347  -0.00202624 
4.348  -0.00202219 
4.349  -0.00201815 
4.35  -0.00201412 
4.351  -0.00201009 
4.352  -0.00200608 
4.353  -0.00200208 
4.354  -0.00199809 
4.355  -0.00199411 
4.356  -0.00199013 
4.357  -0.00198617 
4.358  -0.00198222 
4.359  -0.00197827 
4.36  -0.00197434 
4.361  -0.00197041 
4.362  -0.00196649 
4.363  -0.00196259 
4.364  -0.00195869 
4.365  -0.0019548 
4.366  -0.00195092 
4.367  -0.00194705 
4.368  -0.00194319 
4.369  -0.00193934 
4.37  -0.00193549 
4.371  -0.00193166 
4.372  -0.00192783 
4.373  -0.00192402 
4.374  -0.00192021 
4.375  -0.00191641 
4.376  -0.00191262 
4.377  -0.00190884 
4.378  -0.00190507 
4.379  -0.00190131 
4.38  -0.00189756 
4.381  -0.00189381 
4.382  -0.00189007 
4.383  -0.00188635 
4.384  -0.00188263 
4.385  -0.00187892 
4.386  -0.00187522 
4.387  -0.00187153 
4.388  -0.00186784 
4.389  -0.00186417 
4.39  -0.0018605 
4.391  -0.00185684 
4.392  -0.0018532 
4.393  -0.00184956 
4.394  -0.00184592 
4.395  -0.0018423 
4.396  -0.00183868 
4.397  -0.00183508 
4.398  -0.00183148 
4.399  -0.00182789 
4.4  -0.00182431 
4.401  -0.00182074 
4.402  -0.00181717 
4.403  -0.00181362 
4.404  -0.00181007 
4.405  -0.00180653 
4.406  -0.001803 
4.407  -0.00179947 
4.408  -0.00179596 
4.409  -0.00179245 
4.41  -0.00178895 
4.411  -0.00178546 
4.412  -0.00178198 
4.413  -0.0017785 
4.414  -0.00177504 
4.415  -0.00177158 
4.416  -0.00176813 
4.417  -0.00176469 
4.418  -0.00176125 
4.419  -0.00175783 
4.42  -0.00175441 
4.421  -0.001751 
4.422  -0.0017476 
4.423  -0.0017442 
4.424  -0.00174082 
4.425  -0.00173744 
4.426  -0.00173407 
4.427  -0.0017307 
4.428  -0.00172735 
4.429  -0.001724 
4.43  -0.00172066 
4.431  -0.00171733 
4.432  -0.001714 
4.433  -0.00171068 
4.434  -0.00170738 
4.435  -0.00170407 
4.436  -0.00170078 
4.437  -0.00169749 
4.438  -0.00169421 
4.439  -0.00169094 
4.44  -0.00168768 
4.441  -0.00168442 
4.442  -0.00168117 
4.443  -0.00167793 
4.444  -0.0016747 
4.445  -0.00167147 
4.446  -0.00166825 
4.447  -0.00166504 
4.448  -0.00166184 
4.449  -0.00165864 
4.45  -0.00165545 
4.451  -0.00165227 
4.452  -0.00164909 
4.453  -0.00164593 
4.454  -0.00164277 
4.455  -0.00163961 
4.456  -0.00163647 
4.457  -0.00163333 
4.458  -0.0016302 
4.459  -0.00162707 
4.46  -0.00162395 
4.461  -0.00162084 
4.462  -0.00161774 
4.463  -0.00161464 
4.464  -0.00161156 
4.465  -0.00160847 
4.466  -0.0016054 
4.467  -0.00160233 
4.468  -0.00159927 
4.469  -0.00159622 
4.47  -0.00159317 
4.471  -0.00159013 
4.472  -0.0015871 
4.473  -0.00158407 
4.474  -0.00158105 
4.475  -0.00157804 
4.476  -0.00157503 
4.477  -0.00157203 
4.478  -0.00156904 
4.479  -0.00156605 
4.48  -0.00156308 
4.481  -0.0015601 
4.482  -0.00155714 
4.483  -0.00155418 
4.484  -0.00155123 
4.485  -0.00154828 
4.486  -0.00154535 
4.487  -0.00154241 
4.488  -0.00153949 
4.489  -0.00153657 
4.49  -0.00153366 
4.491  -0.00153075 
4.492  -0.00152785 
4.493  -0.00152496 
4.494  -0.00152208 
4.495  -0.0015192 
4.496  -0.00151632 
4.497  -0.00151346 
4.498  -0.0015106 
4.499  -0.00150775 
4.5  -0.0015049 
4.501  -0.00150206 
4.502  -0.00149922 
4.503  -0.0014964 
4.504  -0.00149357 
4.505  -0.00149076 
4.506  -0.00148795 
4.507  -0.00148515 
4.508  -0.00148235 
4.509  -0.00147956 
4.51  -0.00147678 
4.511  -0.001474 
4.512  -0.00147123 
4.513  -0.00146847 
4.514  -0.00146571 
4.515  -0.00146295 
4.516  -0.00146021 
4.517  -0.00145747 
4.518  -0.00145473 
4.519  -0.00145201 
4.52  -0.00144928 
4.521  -0.00144657 
4.522  -0.00144386 
4.523  -0.00144115 
4.524  -0.00143846 
4.525  -0.00143576 
4.526  -0.00143308 
4.527  -0.0014304 
4.528  -0.00142772 
4.529  -0.00142506 
4.53  -0.0014224 
4.531  -0.00141974 
4.532  -0.00141709 
4.533  -0.00141444 
4.534  -0.00141181 
4.535  -0.00140917 
4.536  -0.00140655 
4.537  -0.00140393 
4.538  -0.00140131 
4.539  -0.0013987 
4.54  -0.0013961 
4.541  -0.0013935 
4.542  -0.00139091 
4.543  -0.00138832 
4.544  -0.00138574 
4.545  -0.00138317 
4.546  -0.0013806 
4.547  -0.00137804 
4.548  -0.00137548 
4.549  -0.00137293 
4.55  -0.00137038 
4.551  -0.00136784 
4.552  -0.0013653 
4.553  -0.00136278 
4.554  -0.00136025 
4.555  -0.00135773 
4.556  -0.00135522 
4.557  -0.00135271 
4.558  -0.00135021 
4.559  -0.00134772 
4.56  -0.00134522 
4.561  -0.00134274 
4.562  -0.00134026 
4.563  -0.00133779 
4.564  -0.00133532 
4.565  -0.00133285 
4.566  -0.00133039 
4.567  -0.00132794 
4.568  -0.00132549 
4.569  -0.00132305 
4.57  -0.00132062 
4.571  -0.00131819 
4.572  -0.00131576 
4.573  -0.00131334 
4.574  -0.00131092 
4.575  -0.00130851 
4.576  -0.00130611 
4.577  -0.00130371 
4.578  -0.00130132 
4.579  -0.00129893 
4.58  -0.00129654 
4.581  -0.00129416 
4.582  -0.00129179 
4.583  -0.00128942 
4.584  -0.00128706 
4.585  -0.0012847 
4.586  -0.00128235 
4.587  -0.00128 
4.588  -0.00127766 
4.589  -0.00127532 
4.59  -0.00127299 
4.591  -0.00127066 
4.592  -0.00126834 
4.593  -0.00126602 
4.594  -0.00126371 
4.595  -0.0012614 
4.596  -0.0012591 
4.597  -0.00125681 
4.598  -0.00125451 
4.599  -0.00125223 
4.6  -0.00124994 
4.601  -0.00124767 
4.602  -0.00124539 
4.603  -0.00124313 
4.604  -0.00124087 
4.605  -0.00123861 
4.606  -0.00123636 
4.607  -0.00123411 
4.608  -0.00123186 
4.609  -0.00122963 
4.61  -0.00122739 
4.611  -0.00122517 
4.612  -0.00122294 
4.613  -0.00122072 
4.614  -0.00121851 
4.615  -0.0012163 
4.616  -0.0012141 
4.617  -0.0012119 
4.618  -0.0012097 
4.619  -0.00120751 
4.62  -0.00120533 
4.621  -0.00120315 
4.622  -0.00120097 
4.623  -0.0011988 
4.624  -0.00119663 
4.625  -0.00119447 
4.626  -0.00119231 
4.627  -0.00119016 
4.628  -0.00118801 
4.629  -0.00118587 
4.63  -0.00118373 
4.631  -0.0011816 
4.632  -0.00117947 
4.633  -0.00117734 
4.634  -0.00117522 
4.635  -0.0011731 
4.636  -0.00117099 
4.637  -0.00116889 
4.638  -0.00116678 
4.639  -0.00116469 
4.64  -0.00116259 
4.641  -0.0011605 
4.642  -0.00115842 
4.643  -0.00115634 
4.644  -0.00115426 
4.645  -0.00115219 
4.646  -0.00115012 
4.647  -0.00114806 
4.648  -0.001146 
4.649  -0.00114395 
4.65  -0.0011419 
4.651  -0.00113986 
4.652  -0.00113782 
4.653  -0.00113578 
4.654  -0.00113375 
4.655  -0.00113172 
4.656  -0.0011297 
4.657  -0.00112768 
4.658  -0.00112567 
4.659  -0.00112365 
4.66  -0.00112165 
4.661  -0.00111965 
4.662  -0.00111765 
4.663  -0.00111566 
4.664  -0.00111367 
4.665  -0.00111168 
4.666  -0.0011097 
4.667  -0.00110773 
4.668  -0.00110575 
4.669  -0.00110379 
4.67  -0.00110182 
4.671  -0.00109986 
4.672  -0.00109791 
4.673  -0.00109596 
4.674  -0.00109401 
4.675  -0.00109206 
4.676  -0.00109013 
4.677  -0.00108819 
4.678  -0.00108626 
4.679  -0.00108433 
4.68  -0.00108241 
4.681  -0.00108049 
4.682  -0.00107858 
4.683  -0.00107667 
4.684  -0.00107476 
4.685  -0.00107286 
4.686  -0.00107096 
4.687  -0.00106906 
4.688  -0.00106717 
4.689  -0.00106529 
4.69  -0.0010634 
4.691  -0.00106153 
4.692  -0.00105965 
4.693  -0.00105778 
4.694  -0.00105591 
4.695  -0.00105405 
4.696  -0.00105219 
4.697  -0.00105034 
4.698  -0.00104849 
4.699  -0.00104664 
4.7  -0.0010448 
4.701  -0.00104296 
4.702  -0.00104112 
4.703  -0.00103929 
4.704  -0.00103746 
4.705  -0.00103564 
4.706  -0.00103382 
4.707  -0.001032 
4.708  -0.00103019 
4.709  -0.00102838 
4.71  -0.00102657 
4.711  -0.00102477 
4.712  -0.00102297 
4.713  -0.00102118 
4.714  -0.00101939 
4.715  -0.0010176 
4.716  -0.00101582 
4.717  -0.00101404 
4.718  -0.00101226 
4.719  -0.00101049 
4.72  -0.00100872 
4.721  -0.00100696 
4.722  -0.0010052 
4.723  -0.00100344 
4.724  -0.00100169 
4.725  -0.00099994 
4.726  -0.000998194 
4.727  -0.000996451 
4.728  -0.000994712 
4.729  -0.000992977 
4.73  -0.000991246 
4.731  -0.000989518 
4.732  -0.000987793 
4.733  -0.000986072 
4.734  -0.000984355 
4.735  -0.000982641 
4.736  -0.000980931 
4.737  -0.000979224 
4.738  -0.000977521 
4.739  -0.000975822 
4.74  -0.000974126 
4.741  -0.000972433 
4.742  -0.000970744 
4.743  -0.000969058 
4.744  -0.000967376 
4.745  -0.000965698 
4.746  -0.000964023 
4.747  -0.000962351 
4.748  -0.000960683 
4.749  -0.000959018 
4.75  -0.000957356 
4.751  -0.000955698 
4.752  -0.000954044 
4.753  -0.000952393 
4.754  -0.000950745 
4.755  -0.000949101 
4.756  -0.00094746 
4.757  -0.000945822 
4.758  -0.000944188 
4.759  -0.000942557 
4.76  -0.000940929 
4.761  -0.000939305 
4.762  -0.000937684 
4.763  -0.000936067 
4.764  -0.000934453 
4.765  -0.000932842 
4.766  -0.000931234 
4.767  -0.00092963 
4.768  -0.000928029 
4.769  -0.000926431 
4.77  -0.000924836 
4.771  -0.000923245 
4.772  -0.000921657 
4.773  -0.000920072 
4.774  -0.000918491 
4.775  -0.000916913 
4.776  -0.000915338 
4.777  -0.000913766 
4.778  -0.000912197 
4.779  -0.000910632 
4.78  -0.00090907 
4.781  -0.000907511 
4.782  -0.000905955 
4.783  -0.000904402 
4.784  -0.000902853 
4.785  -0.000901306 
4.786  -0.000899763 
4.787  -0.000898223 
4.788  -0.000896686 
4.789  -0.000895152 
4.79  -0.000893622 
4.791  -0.000892094 
4.792  -0.00089057 
4.793  -0.000889048 
4.794  -0.00088753 
4.795  -0.000886015 
4.796  -0.000884503 
4.797  -0.000882993 
4.798  -0.000881487 
4.799  -0.000879984 
4.8  -0.000878485 
4.801  -0.000876988 
4.802  -0.000875494 
4.803  -0.000874003 
4.804  -0.000872515 
4.805  -0.00087103 
4.806  -0.000869549 
4.807  -0.00086807 
4.808  -0.000866594 
4.809  -0.000865121 
4.81  -0.000863651 
4.811  -0.000862185 
4.812  -0.000860721 
4.813  -0.00085926 
4.814  -0.000857802 
4.815  -0.000856347 
4.816  -0.000854894 
4.817  -0.000853445 
4.818  -0.000851999 
4.819  -0.000850556 
4.82  -0.000849115 
4.821  -0.000847678 
4.822  -0.000846243 
4.823  -0.000844811 
4.824  -0.000843382 
4.825  -0.000841956 
4.826  -0.000840533 
4.827  -0.000839113 
4.828  -0.000837695 
4.829  -0.00083628 
4.83  -0.000834869 
4.831  -0.00083346 
4.832  -0.000832054 
4.833  -0.00083065 
4.834  -0.00082925 
4.835  -0.000827852 
4.836  -0.000826457 
4.837  -0.000825065 
4.838  -0.000823676 
4.839  -0.000822289 
4.84  -0.000820905 
4.841  -0.000819524 
4.842  -0.000818146 
4.843  -0.000816771 
4.844  -0.000815398 
4.845  -0.000814028 
4.846  -0.000812661 
4.847  -0.000811296 
4.848  -0.000809934 
4.849  -0.000808575 
4.85  -0.000807219 
4.851  -0.000805865 
4.852  -0.000804514 
4.853  -0.000803166 
4.854  -0.00080182 
4.855  -0.000800477 
4.856  -0.000799137 
4.857  -0.0007978 
4.858  -0.000796465 
4.859  -0.000795132 
4.86  -0.000793803 
4.861  -0.000792476 
4.862  -0.000791151 
4.863  -0.00078983 
4.864  -0.000788511 
4.865  -0.000787194 
4.866  -0.00078588 
4.867  -0.000784569 
4.868  -0.00078326 
4.869  -0.000781954 
4.87  -0.000780651 
4.871  -0.00077935 
4.872  -0.000778051 
4.873  -0.000776756 
4.874  -0.000775462 
4.875  -0.000774172 
4.876  -0.000772884 
4.877  -0.000771598 
4.878  -0.000770315 
4.879  -0.000769035 
4.88  -0.000767757 
4.881  -0.000766481 
4.882  -0.000765208 
4.883  -0.000763938 
4.884  -0.00076267 
4.885  -0.000761405 
4.886  -0.000760142 
4.887  -0.000758881 
4.888  -0.000757624 
4.889  -0.000756368 
4.89  -0.000755115 
4.891  -0.000753865 
4.892  -0.000752617 
4.893  -0.000751371 
4.894  -0.000750128 
4.895  -0.000748887 
4.896  -0.000747649 
4.897  -0.000746413 
4.898  -0.00074518 
4.899  -0.000743949 
4.9  -0.00074272 
4.901  -0.000741494 
4.902  -0.00074027 
4.903  -0.000739049 
4.904  -0.00073783 
4.905  -0.000736613 
4.906  -0.000735399 
4.907  -0.000734187 
4.908  -0.000732978 
4.909  -0.000731771 
4.91  -0.000730566 
4.911  -0.000729363 
4.912  -0.000728163 
4.913  -0.000726966 
4.914  -0.00072577 
4.915  -0.000724577 
4.916  -0.000723387 
4.917  -0.000722198 
4.918  -0.000721012 
4.919  -0.000719829 
4.92  -0.000718647 
4.921  -0.000717468 
4.922  -0.000716291 
4.923  -0.000715117 
4.924  -0.000713944 
4.925  -0.000712775 
4.926  -0.000711607 
4.927  -0.000710441 
4.928  -0.000709278 
4.929  -0.000708117 
4.93  -0.000706959 
4.931  -0.000705802 
4.932  -0.000704648 
4.933  -0.000703496 
4.934  -0.000702347 
4.935  -0.000701199 
4.936  -0.000700054 
4.937  -0.000698911 
4.938  -0.00069777 
4.939  -0.000696632 
4.94  -0.000695496 
4.941  -0.000694361 
4.942  -0.000693229 
4.943  -0.0006921 
4.944  -0.000690972 
4.945  -0.000689847 
4.946  -0.000688724 
4.947  -0.000687602 
4.948  -0.000686484 
4.949  -0.000685367 
4.95  -0.000684252 
4.951  -0.00068314 
4.952  -0.00068203 
4.953  -0.000680922 
4.954  -0.000679816 
4.955  -0.000678712 
4.956  -0.00067761 
4.957  -0.00067651 
4.958  -0.000675413 
4.959  -0.000674318 
4.96  -0.000673224 
4.961  -0.000672133 
4.962  -0.000671044 
4.963  -0.000669957 
4.964  -0.000668872 
4.965  -0.00066779 
4.966  -0.000666709 
4.967  -0.00066563 
4.968  -0.000664554 
4.969  -0.000663479 
4.97  -0.000662407 
4.971  -0.000661336 
4.972  -0.000660268 
4.973  -0.000659202 
4.974  -0.000658138 
4.975  -0.000657075 
4.976  -0.000656015 
4.977  -0.000654957 
4.978  -0.000653901 
4.979  -0.000652847 
4.98  -0.000651795 
4.981  -0.000650745 
4.982  -0.000649697 
4.983  -0.000648651 
4.984  -0.000647607 
4.985  -0.000646565 
4.986  -0.000645525 
4.987  -0.000644487 
4.988  -0.000643451 
4.989  -0.000642416 
4.99  -0.000641384 
4.991  -0.000640354 
4.992  -0.000639326 
4.993  -0.0006383 
4.994  -0.000637275 
4.995  -0.000636253 
4.996  -0.000635233 
4.997  -0.000634214 
4.998  -0.000633198 
4.999  -0.000632183 
5  -0.000631171 
