0.340647 0.629792
0.670169 0.579825
0.119228 0.154412
-0.454963 -1.16028
0.126188 0.199193
0.198979 0.721624
-0.00606241 0.146893
-0.109299 1.00069
0.518828 0.0506109
0.23936 0.405885
-0.622542 -0.174478
-0.00659576 0.368271
0.199364 1.07067
-0.201309 -0.185842
-0.220862 -0.399031
0.248888 0.0902032
1.08477 1.01393
-0.593367 -0.871938
-0.0742483 -0.00742518
0.800726 0.258621
-0.368893 -1.74496
1.15269 1.23517
0.636802 1.06399
0.155731 0.398909
0.198807 0.135702
-0.558486 0.0425367
-0.338706 -0.694141
-0.678102 -1.06315
-0.447296 -0.118688
0.542295 0.348027
-1.58906 -0.0271116
-0.308973 -0.404059
-0.0131977 -0.368288
0.141374 0.124303
1.57523 1.17008
0.31349 0.115767
1.69934 0.613265
-0.965575 0.165576
-0.142324 -0.474369
0.253374 0.395529
0.58438 0.77867
0.737761 0.788727
0.000171114 0.106551
-1.19355 -0.510903
-0.0565511 0.11264
-0.228772 -0.393888
-0.819985 -0.755138
0.198642 0.669484
-0.106553 0.866173
0.0103461 0.0129109
1.11653 0.783039
-0.369078 -0.271908
-0.0783169 -0.0671534
-0.100689 -0.872669
-0.0358594 -0.0498816
-1.38136 -1.40128
-0.619533 -1.5216
0.238481 0.112016
-0.495304 -0.212768
-0.946317 -0.0269834
0.230268 0.746538
0.265677 0.0259809
-1.13452 -0.713066
-0.107005 -0.114517
-0.135634 0.883242
0.101948 0.207338
0.482768 1.35271
0.0546735 1.63642
0.298635 0.490848
-0.263439 -0.338337
0.00243542 -0.425899
-0.0964196 -1.02236
-0.146518 0.583476
0.853455 0.648597
-0.106642 -0.803953
-0.046142 0.349847
-0.455187 -0.13389
-0.0883305 -0.246188
-0.393199 0.964997
0.123326 0.16645
0.107801 -1.05873
-0.162618 -0.02417
-1.22695 -0.458596
0.0342489 -0.657802
-0.308815 -0.325296
1.37046 1.18483
-0.529904 -0.0449154
-0.780905 -0.762007
-0.434353 0.0411552
-0.582985 -0.8072
-0.454855 -0.253323
0.198418 -1.00817
-0.427307 -0.248148
-0.0182144 -0.0197637
0.782327 0.641548
-0.928232 -0.378176
-1.126 -1.26929
1.45676 -0.3691
0.451582 0.908151
0.713737 0.49766
0.200533 0.469148
-2.25665 -1.88371
0.108113 0.0682712
-0.0231555 0.235444
0.719713 0.321991
0.0769352 0.0598528
1.55375 0.503298
0.0234808 -0.240577
-0.765625 -0.993067
-0.473823 -0.69521
0.317799 -0.352643
-0.32524 -0.624762
-0.494257 0.0119028
1.43952 1.2583
-0.587845 -1.73676
0.409625 0.416169
0.366635 0.0687056
1.16499 0.11323
0.446314 0.514111
0.419938 0.298823
-0.223328 -0.145387
1.10291 0.357049
-0.191521 -0.77712
-0.220136 -0.488357
0.902384 1.06404
1.05884 0.375392
-1.02404 -0.7953
0.412056 0.384035
