0.879579 -0.475753
0.654293 -0.756241
-0.791508 0.611159
0.930986 -0.365054
0.844757 -0.535149
-0.964023 0.265818
-0.999149 -0.0412357
-0.994088 -0.108578
-0.0970877 0.995276
-0.861374 0.507972
0.269868 -0.962897
0.99984 0.0179072
-0.983102 0.183059
0.678316 -0.73477
-0.874921 0.484266
0.340737 -0.940159
0.682851 -0.730558
-0.826728 0.562601
0.0995084 -0.995037
-0.307349 0.951597
-0.978376 0.206833
0.731096 -0.682274
0.858059 -0.513551
0.93153 -0.363663
-0.563767 0.825934
0.0759444 0.997112
0.898717 -0.438529
-0.843103 0.537751
-0.256471 0.966552
0.540108 -0.841596
-0.0170589 0.999854
0.79437 -0.607434
0.999359 -0.0358122
-0.66031 0.750993
-0.596292 0.802767
0.346419 -0.93808
0.339455 -0.940622
0.169012 0.985614
-0.957819 0.287373
-0.842044 0.539409
0.799814 -0.600248
0.730309 -0.683117
-0.999999 0.00160594
0.393518 -0.919317
0.893693 0.44868
-0.86473 0.502238
-0.677422 0.735595
-0.95869 0.284452
0.992518 0.122096
0.780354 -0.625338
0.574184 -0.818726
-0.593136 0.805102
0.650929 -0.759139
0.993409 -0.11462
0.811961 -0.583711
-0.71215 0.702028
-0.926173 0.3771
0.425142 -0.905126
-0.394695 0.918812
0.0285025 -0.999594
0.955576 -0.294745
-0.097327 0.995252
0.532138 -0.846658
-0.730665 0.682737
-0.988414 -0.151784
0.897386 -0.441245
0.941817 -0.336125
-0.999442 0.0333919
0.854309 -0.519766
0.789026 -0.614359
0.999984 0.00571822
-0.995582 0.0938945
-0.969888 -0.243551
0.605066 -0.796175
0.991317 -0.131495
-0.991414 -0.13076
0.282188 -0.959359
-0.941249 0.337714
0.926075 0.377339
-0.803489 0.595319
-0.994856 -0.101298
0.147016 -0.989134
0.350112 -0.936708
0.998647 0.0519952
-0.725241 0.688495
-0.654015 0.756481
-0.0844585 0.996427
-0.698394 0.715714
0.0943281 0.995541
0.810676 -0.585495
0.486561 -0.873647
0.981178 0.193106
-0.502188 0.864759
-0.73534 0.677698
0.634103 -0.773248
-0.377304 0.92609
0.748068 -0.663623
0.24561 0.969369
-0.895408 0.445246
0.571953 -0.820287
-0.919521 0.393041
-0.64082 0.767692
0.533934 -0.845526
0.995199 0.0978763
0.408381 -0.912812
-0.614032 0.789281
0.30816 -0.951335
-0.995271 -0.0971401
-0.791958 0.610576
0.826329 -0.563188
-0.742854 -0.669454
-0.887005 0.461759
0.0240752 0.99971
-0.658125 0.752908
0.947213 -0.320606
0.712688 -0.701481
-0.184189 0.982891
-0.0967383 0.99531
-0.755143 0.65556
0.579782 -0.814772
-0.545578 0.83806
0.307997 -0.951387
-0.970948 0.23929
-0.911659 0.410948
-0.762664 0.646795
0.334152 -0.942519
0.613376 -0.789791
-0.681796 0.731542
