-8.31479 -10.3317
-8.72337 -7.96152
9.68132 5.15397
-2.3974 5.54826
9.11057 -10.4773
6.57602 -6.83768
-5.07106 -4.77921
-1.20627 -2.25295
0.119947 -7.52706
-0.50771 -3.65589
7.06481 -9.08939
-3.76671 -1.80614
8.38675 -6.42867
-1.44462 8.39112
1.0068 -0.603202
2.77148 -5.89241
-4.12318 -3.4071
1.52971 -6.64442
-8.17011 7.32149
3.73092 1.96501
4.33317 6.42128
-7.17901 2.00126
-6.40491 9.19506
-0.711999 2.88515
-4.04155 3.86811
-2.72874 -10.2607
0.913898 6.39269
-6.52497 2.94041
-1.63367 -9.14072
7.2931 2.37145
-6.90333 -9.14792
-10.4806 5.67094
-6.11878 0.248791
2.07208 -8.47281
-9.54241 -1.03267
3.48172 9.75338
-9.30542 6.89147
-2.62747 -7.11362
9.28918 3.77867
-0.364175 1.5131
-5.22897 9.76269
9.34455 1.18038
0.0771561 -5.01702
-8.45207 -0.698932
-1.60521 -0.0107637
8.60059 -1.01513
0.285991 4.05049
-2.1148 4.32253
-7.46992 -5.65464
-8.39148 9.6073
-8.48888 1.51785
3.72852 -9.11038
1.68609 -9.62723
6.01212 8.18895
-9.84681 -2.28443
10.5031 -9.4172
1.72371 1.53316
4.2843 -8.05851
3.8369 -5.58215
5.03138 -4.60939
8.95916 2.70446
4.22095 -1.69147
-4.71604 6.78396
5.48619 -1.0646
9.5964 -7.48116
5.47344 9.50494
9.29561 -0.168065
-4.43044 -0.69621
1.3213 7.57657
8.57328 8.36877
-7.03111 -3.03632
4.81655 7.39836
-7.03143 -6.78551
3.35755 5.01154
-10.2389 -6.15014
-6.77311 -4.0322
-2.3688 2.12112
7.96607 -3.12295
-3.50477 -5.4986
7.25988 5.73893
-9.4154 -4.87421
-1.23429 -6.80518
0.903643 -10.4758
8.08612 6.95184
-0.0927219 5.68604
6.51572 4.75846
-9.94786 1.89834
-3.946 2.30064
-7.04065 6.64233
2.22336 -0.221769
2.30908 2.9062
8.79029 -5.32023
-2.4982 7.90497
-6.52355 -1.59374
5.36535 4.13799
-5.82026 6.45251
8.53511 -8.91035
-8.55433 4.25706
-9.72445 -8.66188
-9.68109 9.33283
5.87458 0.136724
-3.54495 7.51767
-4.99278 -8.164
9.90552 -4.26175
5.67375 -3.02703
6.6924 1.1306
-5.76244 -9.13008
-1.11208 -1.12151
-2.19159 -3.58323
2.34025 4.46445
6.69598 -4.99042
10.3426 -2.9222
10.439 8.13386
-4.26808 -7.30617
0.343398 9.04653
-4.03534 0.901876
-0.464338 -9.85033
-3.83253 10.4517
5.79786 -10.5912
3.23543 -2.62013
4.88051 2.38491
2.55123 9.00493
-6.12579 4.02242
8.57968 9.59894
7.33503 -1.60089
5.62815 -8.22168
1.1424 -3.61132
2.17317 -3.12188
