1.15833 -2.69325
-0.323891 0.760827
-0.481915 0.890451
0.518535 -1.05397
1.3094 1.01227
-0.435797 1.43005
0.63209 0.197054
0.924784 -0.903824
0.774413 1.88655
-0.515773 -0.764586
0.963502 0.167457
0.518898 0.149987
2.39468 -1.8901
-1.9375 -0.20907
1.50505 0.620808
-0.971111 1.27921
0.0324812 -1.01165
1.20309 -1.64342
0.008892 1.68598
1.63132 -0.679699
-1.62718 -0.326895
0.989882 -1.54958
0.183982 -0.590766
-0.119039 -0.998889
1.45271 1.08389
0.694047 1.54832
-0.103719 0.406468
0.0526754 -0.687277
0.49174 -1.3061
0.284645 1.96767
0.0069573 0.695396
-0.0790795 -0.903406
-1.66437 -0.723
-0.293344 0.971586
-0.249541 -0.506236
-1.21501 0.613665
-1.10986 0.510996
1.8994 0.310604
-1.2913 2.01453
-0.296911 0.537675
-1.0349 -0.33203
0.342285 -0.875593
-0.623856 -0.810711
0.710796 -1.04136
-1.40325 0.229167
0.674917 1.30446
-1.11209 -0.214645
0.0115112 -1.6395
-0.774178 -0.339892
-1.49063 -0.20177
-1.50085 -0.0310844
-1.35356 0.309794
0.208616 0.820503
0.0472595 -0.940318
0.963199 -0.0663266
1.07102 0.631378
-0.197046 -0.170446
0.138015 0.227168
-0.338344 0.484095
0.0572233 2.01226
0.771255 1.5804
-0.647983 1.00316
-0.219299 -1.18263
-1.88814 -0.513642
-0.711017 -0.833144
0.337525 0.237651
-1.56904 1.55912
-0.354292 -0.616456
-0.162317 -0.584819
0.481908 2.27739
0.837847 0.127096
-1.08041 0.419067
-0.992456 0.157121
0.637843 -1.08964
-1.19734 -1.27615
0.268409 0.8691
0.692527 0.635292
-1.91421 -0.577952
0.714189 -1.18601
-0.166023 -1.68142
-1.00983 0.154975
1.08866 1.78084
1.76004 0.573712
1.17018 -1.84456
-0.48681 -0.0357339
-0.034213 0.704237
2.96317 0.818521
0.339752 -0.197788
-0.479713 -0.211086
-0.545429 -0.259733
1.36851 -0.788569
-1.58572 0.661144
2.00423 -1.19503
-0.0131274 -0.094802
-1.76624 0.838771
-0.970486 -0.67327
1.00769 0.875223
1.53815 0.72777
0.934334 -0.811032
-0.0372116 -0.674923
0.390615 0.914976
-0.413862 0.358758
2.22009 -0.382504
-0.00877885 0.312015
-0.672988 -0.848166
-0.302236 -0.847077
0.69068 0.710057
1.07419 -0.991896
-0.572804 -0.745646
2.04219 -1.73399
-0.431214 1.70586
-1.47985 0.0486413
0.817564 0.185079
-0.965116 0.659389
-1.97182 2.22825
0.373343 -0.868859
-0.366171 -1.07061
0.138454 -0.724387
-1.07066 -0.524342
-0.812735 1.43459
-1.66006 -1.31034
0.73819 0.260274
0.77409 -0.327335
-2.02769 -0.372927
0.532654 0.556164
0.550186 -0.490815
0.910988 1.10929
-0.894508 -0.571531
