0.025 0
0.05 0
0.075 0
0.1 0
0.125 0
0.15 0
0.175 0
0.2 0
0.225 0
0.25 0
0.275 0
0.3 0
0.325 0
0.35 0
0.375 0
0.4 0
0.425 0
0.45 0
0.475 0
0.5 0
0.525 0
0.55 0
0.575 0
0.6 0
0.625 0
0.65 0
0.675 0
0.7 0
0.725 0
0.75 0
0.775 0
0.8 0
0.825 0
0.85 0
0.875 0
0.9 0
0.925 2.91306e-05
0.95 0.00106577
0.975 0.0113735
1 0.0608798
1.025 0.187743
1.05 0.394403
1.075 0.644533
1.1 0.880912
1.125 1.07125
1.15 1.20017
1.175 1.27102
1.2 1.29718
1.225 1.29638
1.25 1.27374
1.275 1.23595
1.3 1.19171
1.325 1.14368
1.35 1.09672
1.375 1.05225
1.4 1.00826
1.425 0.965829
1.45 0.930938
1.475 0.894791
1.5 0.860435
1.525 0.831683
1.55 0.804575
1.575 0.777687
1.6 0.756652
1.625 0.736997
1.65 0.717266
1.675 0.704384
1.7 0.690516
1.725 0.678336
1.75 0.667236
1.775 0.658841
1.8 0.649909
1.825 0.64501
1.85 0.642707
1.875 0.641245