0.001 0
0.002 0
0.003 0
0.004 0
0.005 0
0.006 0
0.007 0
0.008 0
0.009 0
0.01 0
0.011 0
0.012 0
0.013 0
0.014 0
0.015 0
0.016 0
0.017 0
0.018 0
0.019 0
0.02 0
0.021 0
0.022 0
0.023 0
0.024 0
0.025 0
0.026 0
0.027 0
0.028 0
0.029 0
0.03 0
0.031 0
0.032 0
0.033 0
0.034 0
0.035 0
0.036 0
0.037 0
0.038 0
0.039 0
0.04 0
0.041 0
0.042 0
0.043 0
0.044 0
0.045 0
0.046 0
0.047 0
0.048 0
0.049 0
0.05 0
0.051 0
0.052 0
0.053 0
0.054 0
0.055 0
0.056 0
0.057 0
0.058 0
0.059 0
0.06 0
0.061 0
0.062 0
0.063 0
0.064 0
0.065 0
0.066 0
0.067 0
0.068 0
0.069 0
0.07 0
0.071 0
0.072 0
0.073 0
0.074 0
0.075 0
0.076 0
0.077 0
0.078 0
0.079 0
0.08 0
0.081 0
0.082 0
0.083 0
0.084 0
0.085 0
0.086 0
0.087 0
0.088 0
0.089 0
0.09 0
0.091 0
0.092 0
0.093 0
0.094 0
0.095 0
0.096 0
0.097 0
0.098 0
0.099 0
0.1 0
0.101 0
0.102 0
0.103 0
0.104 0
0.105 0
0.106 0
0.107 0
0.108 0
0.109 0
0.11 0
0.111 0
0.112 0
0.113 0
0.114 0
0.115 0
0.116 0
0.117 0
0.118 0
0.119 0
0.12 0
0.121 0
0.122 0
0.123 0
0.124 0
0.125 0
0.126 0
0.127 0
0.128 0
0.129 0
0.13 0
0.131 0
0.132 0
0.133 0
0.134 0
0.135 0
0.136 0
0.137 0
0.138 0
0.139 0
0.14 0
0.141 0
0.142 0
0.143 0
0.144 0
0.145 0
0.146 0
0.147 0
0.148 0
0.149 0
0.15 0
0.151 0
0.152 0
0.153 0
0.154 0
0.155 0
0.156 0
0.157 0
0.158 0
0.159 0
0.16 0
0.161 0
0.162 0
0.163 0
0.164 0
0.165 0
0.166 0
0.167 0
0.168 0
0.169 0
0.17 0
0.171 0
0.172 0
0.173 0
0.174 0
0.175 0
0.176 0
0.177 0
0.178 0
0.179 0
0.18 0
0.181 0
0.182 0
0.183 0
0.184 0
0.185 0
0.186 0
0.187 0
0.188 0
0.189 0
0.19 0
0.191 0
0.192 0
0.193 0
0.194 0
0.195 0
0.196 0
0.197 0
0.198 0
0.199 0
0.2 0
0.201 0
0.202 0
0.203 0
0.204 0
0.205 0
0.206 0
0.207 0
0.208 0
0.209 0
0.21 0
0.211 0
0.212 0
0.213 0
0.214 0
0.215 0
0.216 0
0.217 0
0.218 0
0.219 0
0.22 0
0.221 0
0.222 0
0.223 0
0.224 0
0.225 0
0.226 0
0.227 0
0.228 0
0.229 0
0.23 0
0.231 0
0.232 0
0.233 0
0.234 0
0.235 0
0.236 0
0.237 0
0.238 0
0.239 0
0.24 0
0.241 0
0.242 0
0.243 0
0.244 0
0.245 0
0.246 0
0.247 0
0.248 0
0.249 0
0.25 0
0.251 0
0.252 0
0.253 0
0.254 0
0.255 0
0.256 0
0.257 0
0.258 0
0.259 0
0.26 0
0.261 0
0.262 0
0.263 0
0.264 0
0.265 0
0.266 0
0.267 0
0.268 0
0.269 0
0.27 0
0.271 0
0.272 0
0.273 0
0.274 0
0.275 0
0.276 0
0.277 0
0.278 0
0.279 0
0.28 0
0.281 0
0.282 0
0.283 0
0.284 0
0.285 0
0.286 0
0.287 0
0.288 0
0.289 0
0.29 0
0.291 0
0.292 0
0.293 0
0.294 0
0.295 0
0.296 0
0.297 0
0.298 0
0.299 0
0.3 0
0.301 0
0.302 0
0.303 0
0.304 0
0.305 0
0.306 0
0.307 0
0.308 0
0.309 0
0.31 0
0.311 0
0.312 0
0.313 0
0.314 0
0.315 0
0.316 0
0.317 0
0.318 0
0.319 0
0.32 0
0.321 0
0.322 0
0.323 0
0.324 0
0.325 0
0.326 0
0.327 0
0.328 0
0.329 0
0.33 0
0.331 0
0.332 0
0.333 0
0.334 0
0.335 0
0.336 0
0.337 0
0.338 0
0.339 0
0.34 0
0.341 0
0.342 0
0.343 0
0.344 0
0.345 0
0.346 0
0.347 0
0.348 0
0.349 0
0.35 0
0.351 0
0.352 0
0.353 0
0.354 0
0.355 0
0.356 0
0.357 0
0.358 0
0.359 0
0.36 0
0.361 0
0.362 0
0.363 0
0.364 0
0.365 0
0.366 0
0.367 0
0.368 0
0.369 0
0.37 0
0.371 0
0.372 0
0.373 0
0.374 0
0.375 0
0.376 0
0.377 0
0.378 0
0.379 0
0.38 0
0.381 0
0.382 0
0.383 0
0.384 0
0.385 0
0.386 0
0.387 0
0.388 0
0.389 0
0.39 0
0.391 0
0.392 0
0.393 0
0.394 0
0.395 0
0.396 0
0.397 0
0.398 0
0.399 0
0.4 0
0.401 0
0.402 0
0.403 0
0.404 0
0.405 0
0.406 0
0.407 0
0.408 0
0.409 0
0.41 0
0.411 0
0.412 0
0.413 0
0.414 0
0.415 0
0.416 0
0.417 0
0.418 0
0.419 0
0.42 0
0.421 0
0.422 0
0.423 0
0.424 0
0.425 0
0.426 0
0.427 0
0.428 0
0.429 0
0.43 0
0.431 0
0.432 0
0.433 0
0.434 0
0.435 0
0.436 0
0.437 0
0.438 0
0.439 0
0.44 0
0.441 0
0.442 0
0.443 0
0.444 0
0.445 0
0.446 0
0.447 0
0.448 0
0.449 0
0.45 0
0.451 0
0.452 0
0.453 0
0.454 0
0.455 0
0.456 0
0.457 0
0.458 0
0.459 0
0.46 0
0.461 0
0.462 0
0.463 0
0.464 0
0.465 0
0.466 0
0.467 0
0.468 0
0.469 0
0.47 0
0.471 0
0.472 0
0.473 0
0.474 0
0.475 0
0.476 0
0.477 0
0.478 0
0.479 0
0.48 0
0.481 0
0.482 0
0.483 0
0.484 0
0.485 0
0.486 0
0.487 0
0.488 0
0.489 0
0.49 0
0.491 0
0.492 0
0.493 0
0.494 0
0.495 0
0.496 0
0.497 0
0.498 0
0.499 0
0.5 0
0.501 0
0.502 0
0.503 0
0.504 0
0.505 0
0.506 0
0.507 0
0.508 0
0.509 0
0.51 0
0.511 0
0.512 0
0.513 0
0.514 0
0.515 0
0.516 0
0.517 0
0.518 0
0.519 0
0.52 0
0.521 0
0.522 0
0.523 0
0.524 0
0.525 0
0.526 0
0.527 0
0.528 0
0.529 0
0.53 0
0.531 0
0.532 0
0.533 0
0.534 0
0.535 0
0.536 0
0.537 0
0.538 0
0.539 0
0.54 0
0.541 0
0.542 0
0.543 0
0.544 0
0.545 0
0.546 0
0.547 0
0.548 0
0.549 0
0.55 0
0.551 0
0.552 0
0.553 0
0.554 0
0.555 0
0.556 0
0.557 0
0.558 0
0.559 0
0.56 0
0.561 0
0.562 0
0.563 0
0.564 0
0.565 0
0.566 0
0.567 0
0.568 0
0.569 0
0.57 0
0.571 0
0.572 0
0.573 0
0.574 0
0.575 0
0.576 0
0.577 0
0.578 0
0.579 0
0.58 0
0.581 0
0.582 0
0.583 0
0.584 0
0.585 0
0.586 0
0.587 0
0.588 0
0.589 0
0.59 0
0.591 0
0.592 0
0.593 0
0.594 0
0.595 0
0.596 0
0.597 0
0.598 0
0.599 0
0.6 0
0.601 0
0.602 0
0.603 0
0.604 0
0.605 0
0.606 0
0.607 0
0.608 0
0.609 0
0.61 0
0.611 0
0.612 0
0.613 0
0.614 0
0.615 0
0.616 0
0.617 0
0.618 0
0.619 0
0.62 0
0.621 0
0.622 0
0.623 0
0.624 0
0.625 0
0.626 0
0.627 0
0.628 0
0.629 0
0.63 0
0.631 0
0.632 0
0.633 0
0.634 0
0.635 0
0.636 0
0.637 0
0.638 0
0.639 0
0.64 0
0.641 0
0.642 0
0.643 0
0.644 0
0.645 0
0.646 0
0.647 0
0.648 0
0.649 0
0.65 0
0.651 0
0.652 0
0.653 0
0.654 0
0.655 0
0.656 0
0.657 0
0.658 0
0.659 0
0.66 0
0.661 0
0.662 0
0.663 0
0.664 0
0.665 0
0.666 0
0.667 0
0.668 0
0.669 0
0.67 0
0.671 0
0.672 0
0.673 0
0.674 0
0.675 0
0.676 0
0.677 0
0.678 0
0.679 0
0.68 0
0.681 0
0.682 0
0.683 0
0.684 0
0.685 0
0.686 0
0.687 0
0.688 0
0.689 0
0.69 0
0.691 0
0.692 0
0.693 0
0.694 0
0.695 0
0.696 0
0.697 0
0.698 0
0.699 0
0.7 0
0.701 0
0.702 0
0.703 0
0.704 0
0.705 0
0.706 0
0.707 0
0.708 0
0.709 0
0.71 0
0.711 0
0.712 0
0.713 0
0.714 0
0.715 0
0.716 0
0.717 0
0.718 0
0.719 0
0.72 0
0.721 0
0.722 0
0.723 0
0.724 0
0.725 0
0.726 0
0.727 0
0.728 0
0.729 0
0.73 0
0.731 0
0.732 0
0.733 0
0.734 0
0.735 0
0.736 0
0.737 0
0.738 0
0.739 0
0.74 0
0.741 0
0.742 0
0.743 0
0.744 0
0.745 0
0.746 0
0.747 0
0.748 0
0.749 0
0.75 0
0.751 0
0.752 0
0.753 0
0.754 0
0.755 0
0.756 0
0.757 0
0.758 0
0.759 0
0.76 0
0.761 0
0.762 0
0.763 0
0.764 0
0.765 0
0.766 0
0.767 0
0.768 0
0.769 0
0.77 0
0.771 0
0.772 0
0.773 0
0.774 0
0.775 0
0.776 0
0.777 0
0.778 0
0.779 0
0.78 0
0.781 0
0.782 0
0.783 0
0.784 0
0.785 0
0.786 0
0.787 0
0.788 0
0.789 0
0.79 0
0.791 0
0.792 0
0.793 0
0.794 0
0.795 0
0.796 0
0.797 0
0.798 0
0.799 0
0.8 0
0.801 0
0.802 0
0.803 0
0.804 0
0.805 0
0.806 0
0.807 0
0.808 0
0.809 0
0.81 0
0.811 0
0.812 0
0.813 0
0.814 0
0.815 0
0.816 0
0.817 0
0.818 0
0.819 0
0.82 0
0.821 0
0.822 0
0.823 0
0.824 0
0.825 0
0.826 0
0.827 0
0.828 0
0.829 0
0.83 0
0.831 0
0.832 0
0.833 0
0.834 0
0.835 0
0.836 0
0.837 0
0.838 0
0.839 0
0.84 0
0.841 0
0.842 0
0.843 0
0.844 0
0.845 0
0.846 0
0.847 0
0.848 0
0.849 0
0.85 0
0.851 0
0.852 0
0.853 0
0.854 0
0.855 0
0.856 0
0.857 0
0.858 0
0.859 0
0.86 0
0.861 0
0.862 0
0.863 0
0.864 0
0.865 0
0.866 0
0.867 0
0.868 0
0.869 0
0.87 0
0.871 0
0.872 0
0.873 0
0.874 0
0.875 0
0.876 0
0.877 0
0.878 0
0.879 0
0.88 0
0.881 0
0.882 0
0.883 0
0.884 0
0.885 0
0.886 0
0.887 0
0.888 0
0.889 0
0.89 0
0.891 0
0.892 0
0.893 0
0.894 0
0.895 0
0.896 0
0.897 0
0.898 0
0.899 0
0.9 0
0.901 0
0.902 0
0.903 0
0.904 0
0.905 0
0.906 0
0.907 0
0.908 0
0.909 0
0.91 0
0.911 0
0.912 0
0.913 0
0.914 0
0.915 0
0.916 0
0.917 0
0.918 0
0.919 0
0.92 0
0.921 0
0.922 0
0.923 0
0.924 0
0.925 0
0.926 0
0.927 0
0.928 0
0.929 0
0.93 0
0.931 0
0.932 0
0.933 0
0.934 0
0.935 0
0.936 0
0.937 0
0.938 0
0.939 0
0.94 0
0.941 0
0.942 0
0.943 0
0.944 0
0.945 0
0.946 0
0.947 0
0.948 0
0.949 0
0.95 0
0.951 0
0.952 0
0.953 0
0.954 0
0.955 0
0.956 0
0.957 0
0.958 0
0.959 0
0.96 0
0.961 0
0.962 0
0.963 0
0.964 0
0.965 0
0.966 0
0.967 0
0.968 0
0.969 0
0.97 0
0.971 0
0.972 0
0.973 0
0.974 0
0.975 0
0.976 0
0.977 0
0.978 0
0.979 0
0.98 0
0.981 0
0.982 0
0.983 0
0.984 0
0.985 0
0.986 0
0.987 0
0.988 0
0.989 0
0.99 0
0.991 0
0.992 0
0.993 0
0.994 0
0.995 0
0.996 0
0.997 0
0.998 0
0.999 0
1 0
1.001 0
1.002 0
1.003 0
1.004 0
1.005 0
1.006 0
1.007 0
1.008 0
1.009 0
1.01 0
1.011 0
1.012 0
1.013 0
1.014 0
1.015 0
1.016 0
1.017 0
1.018 0
1.019 0
1.02 0
1.021 0
1.022 0
1.023 0
1.024 0
1.025 0
1.026 0
1.027 0
1.028 0
1.029 0
1.03 0
1.031 0
1.032 0
1.033 0
1.034 0
1.035 0
1.036 0
1.037 0
1.038 0
1.039 0
1.04 0
1.041 0
1.042 0
1.043 0
1.044 0
1.045 0
1.046 0
1.047 0
1.048 0
1.049 0
1.05 0
1.051 0
1.052 0
1.053 0
1.054 0
1.055 0
1.056 0
1.057 0
1.058 0
1.059 0
1.06 0
1.061 0
1.062 0
1.063 0
1.064 0
1.065 0
1.066 0
1.067 0
1.068 0
1.069 0
1.07 0
1.071 0
1.072 0
1.073 0
1.074 0
1.075 0
1.076 0
1.077 0
1.078 0
1.079 0
1.08 0
1.081 0
1.082 0
1.083 0
1.084 0
1.085 0
1.086 0
1.087 0
1.088 0
1.089 0
1.09 0
1.091 0
1.092 0
1.093 0
1.094 0
1.095 0
1.096 0
1.097 0
1.098 0
1.099 0
1.1 0
1.101 0
1.102 0
1.103 0
1.104 0
1.105 0
1.106 0
1.107 0
1.108 0
1.109 0
1.11 0
1.111 0
1.112 0
1.113 0
1.114 0
1.115 0
1.116 0
1.117 0
1.118 0
1.119 0
1.12 0
1.121 0
1.122 0
1.123 0
1.124 0
1.125 0
1.126 0
1.127 0
1.128 0
1.129 0
1.13 0
1.131 0
1.132 0
1.133 0
1.134 0
1.135 0
1.136 0
1.137 0
1.138 0
1.139 0
1.14 0
1.141 0
1.142 0
1.143 0
1.144 0
1.145 0
1.146 0
1.147 0
1.148 0
1.149 0
1.15 0
1.151 0
1.152 0
1.153 0
1.154 0
1.155 0
1.156 0
1.157 0
1.158 0
1.159 0
1.16 0
1.161 0
1.162 0
1.163 0
1.164 0
1.165 0
1.166 0
1.167 0
1.168 0
1.169 0
1.17 0
1.171 0
1.172 0
1.173 0
1.174 0
1.175 0
1.176 0
1.177 0
1.178 0
1.179 0
1.18 0
1.181 0
1.182 0
1.183 0
1.184 0
1.185 0
1.186 0
1.187 0
1.188 0
1.189 0
1.19 0
1.191 0
1.192 0
1.193 0
1.194 0
1.195 0
1.196 0
1.197 0
1.198 0
1.199 0
1.2 0
1.201 0
1.202 0
1.203 0
1.204 0
1.205 0
1.206 0
1.207 0
1.208 0
1.209 0
1.21 0
1.211 0
1.212 0
1.213 0
1.214 0
1.215 0
1.216 0
1.217 0
1.218 0
1.219 0
1.22 0
1.221 0
1.222 0
1.223 0
1.224 0
1.225 0
1.226 0
1.227 0
1.228 0
1.229 0
1.23 0
1.231 0
1.232 0
1.233 0
1.234 0
1.235 0
1.236 0
1.237 0
1.238 0
1.239 0
1.24 0
1.241 0
1.242 0
1.243 0
1.244 0
1.245 0
1.246 0
1.247 0
1.248 0
1.249 0
1.25 0
1.251 0
1.252 0
1.253 0
1.254 0
1.255 0
1.256 0
1.257 0
1.258 0
1.259 0
1.26 0
1.261 0
1.262 0
1.263 0
1.264 0
1.265 0
1.266 0
1.267 0
1.268 0
1.269 0
1.27 0
1.271 0
1.272 0
1.273 0
1.274 0
1.275 0
1.276 0
1.277 0
1.278 0
1.279 0
1.28 0
1.281 0
1.282 0
1.283 0
1.284 0
1.285 0
1.286 0
1.287 0
1.288 0
1.289 0
1.29 0
1.291 0
1.292 0
1.293 0
1.294 0
1.295 0
1.296 0
1.297 0
1.298 0
1.299 0
1.3 0
1.301 0
1.302 0
1.303 0
1.304 0
1.305 0
1.306 0
1.307 0
1.308 0
1.309 0
1.31 0
1.311 0
1.312 0
1.313 0
1.314 0
1.315 0
1.316 0
1.317 0
1.318 0
1.319 0
1.32 0
1.321 0
1.322 0
1.323 0
1.324 0
1.325 0
1.326 0
1.327 0
1.328 0
1.329 0
1.33 0
1.331 0
1.332 0
1.333 0
1.334 0
1.335 0
1.336 0
1.337 0
1.338 0
1.339 0
1.34 0
1.341 0
1.342 0
1.343 0
1.344 0
1.345 0
1.346 0
1.347 0
1.348 0
1.349 0
1.35 0
1.351 0
1.352 0
1.353 0
1.354 0
1.355 0
1.356 0
1.357 0
1.358 0
1.359 0
1.36 0
1.361 0
1.362 0
1.363 0
1.364 0
1.365 0
1.366 0
1.367 0
1.368 0
1.369 0
1.37 0
1.371 0
1.372 0
1.373 0
1.374 0
1.375 0
1.376 0
1.377 0
1.378 0
1.379 0
1.38 0
1.381 0
1.382 0
1.383 0
1.384 0
1.385 0
1.386 0
1.387 0
1.388 0
1.389 0
1.39 0
1.391 0
1.392 0
1.393 0
1.394 0
1.395 0
1.396 0
1.397 0
1.398 0
1.399 0
1.4 0
1.401 0
1.402 0
1.403 0
1.404 0
1.405 0
1.406 0
1.407 0
1.408 0
1.409 0
1.41 0
1.411 0
1.412 0
1.413 0
1.414 0
1.415 0
1.416 0
1.417 0
1.418 0
1.419 0
1.42 0
1.421 0
1.422 0
1.423 0
1.424 0
1.425 0
1.426 0
1.427 0
1.428 0
1.429 0
1.43 0
1.431 0
1.432 0
1.433 0
1.434 0
1.435 0
1.436 0
1.437 0
1.438 0
1.439 0
1.44 0
1.441 0
1.442 0
1.443 0
1.444 0
1.445 0
1.446 0
1.447 0
1.448 0
1.449 0
1.45 0
1.451 0
1.452 0
1.453 0
1.454 0
1.455 0
1.456 0
1.457 0
1.458 0
1.459 0
1.46 0
1.461 0
1.462 0
1.463 0
1.464 0
1.465 0
1.466 0
1.467 0
1.468 0
1.469 0
1.47 0
1.471 0
1.472 0
1.473 0
1.474 0
1.475 0
1.476 0
1.477 0
1.478 0
1.479 0
1.48 0
1.481 0
1.482 0
1.483 0
1.484 0
1.485 0
1.486 0
1.487 0
1.488 0
1.489 0
1.49 0
1.491 0
1.492 0
1.493 0
1.494 0
1.495 0
1.496 0
1.497 0
1.498 0
1.499 0
1.5 0
1.501 0
1.502 0
1.503 0
1.504 0
1.505 0
1.506 0
1.507 0
1.508 0
1.509 0
1.51 0
1.511 0
1.512 0
1.513 0
1.514 0
1.515 0
1.516 0
1.517 0
1.518 0
1.519 0
1.52 0
1.521 0
1.522 0
1.523 0
1.524 0
1.525 0
1.526 0
1.527 0
1.528 0
1.529 0
1.53 0
1.531 0
1.532 0
1.533 0
1.534 0
1.535 0
1.536 0
1.537 0
1.538 0
1.539 0
1.54 0
1.541 0
1.542 0
1.543 0
1.544 0
1.545 0
1.546 0
1.547 0
1.548 0
1.549 0
1.55 0
1.551 0
1.552 0
1.553 0
1.554 0
1.555 0
1.556 0
1.557 0
1.558 0
1.559 0
1.56 0
1.561 0
1.562 0
1.563 0
1.564 0
1.565 0
1.566 0
1.567 0
1.568 0
1.569 0
1.57 0
1.571 0
1.572 0
1.573 0
1.574 0
1.575 0
1.576 0
1.577 0
1.578 0
1.579 0
1.58 0
1.581 0
1.582 0
1.583 0
1.584 0
1.585 0
1.586 0
1.587 0
1.588 0
1.589 0
1.59 0
1.591 0
1.592 0
1.593 0
1.594 0
1.595 0
1.596 0
1.597 0
1.598 0
1.599 0
1.6 0
1.601 0
1.602 0
1.603 0
1.604 0
1.605 0
1.606 0
1.607 0
1.608 0
1.609 0
1.61 0
1.611 0
1.612 0
1.613 0
1.614 0
1.615 0
1.616 0
1.617 0
1.618 0
1.619 0
1.62 0
1.621 0
1.622 0
1.623 0
1.624 0
1.625 0
1.626 0
1.627 0
1.628 0
1.629 0
1.63 0
1.631 0
1.632 0
1.633 0
1.634 0
1.635 0
1.636 0
1.637 0
1.638 0
1.639 0
1.64 0
1.641 0
1.642 0
1.643 0
1.644 0
1.645 0
1.646 0
1.647 0
1.648 0
1.649 0
1.65 0
1.651 0
1.652 0
1.653 0
1.654 0
1.655 0
1.656 0
1.657 0
1.658 0
1.659 0
1.66 0
1.661 0
1.662 0
1.663 0
1.664 0
1.665 0
1.666 0
1.667 0
1.668 0
1.669 0
1.67 0
1.671 0
1.672 0
1.673 0
1.674 0
1.675 0
1.676 0
1.677 0
1.678 0
1.679 0
1.68 0
1.681 0
1.682 0
1.683 0
1.684 0
1.685 0
1.686 0
1.687 0
1.688 0
1.689 0
1.69 0
1.691 0
1.692 0
1.693 0
1.694 0
1.695 0
1.696 0
1.697 0
1.698 0
1.699 0
1.7 0
1.701 0
1.702 0
1.703 0
1.704 0
1.705 0
1.706 0
1.707 0
1.708 0
1.709 0
1.71 0
1.711 0
1.712 0
1.713 0
1.714 0
1.715 0
1.716 0
1.717 0
1.718 0
1.719 0
1.72 0
1.721 0
1.722 0
1.723 0
1.724 0
1.725 0
1.726 0
1.727 0
1.728 0
1.729 0
1.73 0
1.731 0
1.732 0
1.733 0
1.734 0
1.735 0
1.736 0
1.737 0
1.738 0
1.739 0
1.74 0
1.741 0
1.742 0
1.743 0
1.744 0
1.745 0
1.746 0
1.747 0
1.748 0
1.749 0
1.75 0
1.751 0
1.752 0
1.753 0
1.754 0
1.755 0
1.756 0
1.757 0
1.758 0
1.759 0
1.76 0
1.761 0
1.762 0
1.763 0
1.764 0
1.765 0
1.766 0
1.767 0
1.768 0
1.769 0
1.77 0
1.771 0
1.772 0
1.773 0
1.774 0
1.775 0
1.776 0
1.777 0
1.778 0
1.779 0
1.78 0
1.781 0
1.782 0
1.783 0
1.784 0
1.785 0
1.786 0
1.787 0
1.788 0
1.789 0
1.79 0
1.791 0
1.792 0
1.793 0
1.794 0
1.795 0
1.796 0
1.797 0
1.798 0
1.799 0
1.8 0
1.801 0
1.802 0
1.803 0
1.804 0
1.805 0
1.806 0
1.807 0
1.808 0
1.809 0
1.81 0
1.811 0
1.812 0
1.813 0
1.814 0
1.815 0
1.816 0
1.817 0
1.818 0
1.819 0
1.82 0
1.821 0
1.822 0
1.823 0
1.824 0
1.825 0
1.826 0
1.827 0
1.828 0
1.829 0
1.83 0
1.831 0
1.832 0
1.833 0
1.834 0
1.835 0
1.836 0
1.837 0
1.838 0
1.839 0
1.84 0
1.841 0
1.842 0
1.843 0
1.844 0
1.845 0
1.846 0
1.847 0
1.848 0
1.849 0
1.85 0
1.851 0
1.852 0
1.853 0
1.854 0
1.855 0
1.856 0
1.857 0
1.858 0
1.859 0
1.86 0
1.861 0
1.862 0
1.863 0
1.864 0
1.865 0
1.866 0
1.867 0
1.868 0
1.869 0
1.87 0
1.871 0
1.872 0
1.873 0
1.874 0
1.875 0
1.876 0
1.877 0
1.878 0
1.879 0
1.88 0
1.881 0
1.882 0
1.883 0
1.884 0
1.885 0
1.886 0
1.887 0
1.888 0
1.889 0
1.89 0
1.891 0
1.892 0
1.893 0
1.894 0
1.895 0
1.896 0
1.897 0
1.898 0
1.899 0
1.9 0
1.901 0
1.902 0
1.903 0
1.904 0
1.905 0
1.906 0
1.907 0
1.908 0
1.909 0
1.91 0
1.911 0
1.912 0
1.913 0
1.914 0
1.915 0
1.916 0
1.917 0
1.918 0
1.919 0
1.92 0
1.921 0
1.922 0
1.923 0
1.924 0
1.925 0
1.926 0
1.927 0
1.928 0
1.929 0
1.93 0
1.931 0
1.932 0
1.933 0
1.934 0
1.935 0
1.936 0
1.937 0
1.938 0
1.939 0
1.94 0
1.941 0
1.942 0
1.943 0
1.944 0
1.945 0
1.946 0
1.947 0
1.948 0
1.949 0
1.95 0
1.951 0
1.952 0
1.953 0
1.954 0
1.955 0
1.956 0
1.957 0
1.958 0
1.959 0
1.96 0
1.961 0
1.962 0
1.963 0
1.964 0
1.965 0
1.966 0
1.967 0
1.968 0
1.969 0
1.97 0
1.971 0
1.972 0
1.973 0
1.974 0
1.975 0
1.976 0
1.977 0
1.978 0
1.979 0
1.98 0
1.981 0
1.982 0
1.983 0
1.984 0
1.985 0
1.986 0
1.987 0
1.988 0
1.989 0
1.99 0
1.991 0
1.992 0
1.993 0
1.994 0
1.995 0
1.996 0
1.997 0
1.998 0
1.999 0
2 0
2.001 0
2.002 0
2.003 0
2.004 0
2.005 0
2.006 0
2.007 0
2.008 0
2.009 0
2.01 0
2.011 0
2.012 0
2.013 0
2.014 0
2.015 0
2.016 0
2.017 0
2.018 0
2.019 0
2.02 0
2.021 0
2.022 0
2.023 0
2.024 0
2.025 0
2.026 0
2.027 0
2.028 0
2.029 0
2.03 0
2.031 0
2.032 0
2.033 0
2.034 0
2.035 0
2.036 0
2.037 0
2.038 0
2.039 0
2.04 0
2.041 0
2.042 0
2.043 0
2.044 0
2.045 0
2.046 0
2.047 0
2.048 0
2.049 0
2.05 0
2.051 0
2.052 0
2.053 0
2.054 0
2.055 0
2.056 0
2.057 0
2.058 0
2.059 0
2.06 0
2.061 0
2.062 0
2.063 0
2.064 0
2.065 0
2.066 0
2.067 0
2.068 0
2.069 0
2.07 0
2.071 0
2.072 0
2.073 0
2.074 0
2.075 0
2.076 0
2.077 0
2.078 0
2.079 0
2.08 0
2.081 0
2.082 0
2.083 0
2.084 0
2.085 0
2.086 0
2.087 0
2.088 0
2.089 0
2.09 0
2.091 0
2.092 0
2.093 0
2.094 0
2.095 0
2.096 0
2.097 0
2.098 0
2.099 0
2.1 0
2.101 0
2.102 0
2.103 0
2.104 0
2.105 0
2.106 0
2.107 0
2.108 0
2.109 0
2.11 0
2.111 0
2.112 0
2.113 0
2.114 0
2.115 0
2.116 0
2.117 0
2.118 0
2.119 0
2.12 0
2.121 0
2.122 0
2.123 0
2.124 0
2.125 0
2.126 0
2.127 0
2.128 0
2.129 0
2.13 0
2.131 0
2.132 0
2.133 0
2.134 0
2.135 0
2.136 0
2.137 0
2.138 0
2.139 0
2.14 0
2.141 0
2.142 0
2.143 0
2.144 0
2.145 0
2.146 0
2.147 0
2.148 0
2.149 0
2.15 0
2.151 0
2.152 0
2.153 0
2.154 0
2.155 0
2.156 0
2.157 0
2.158 0
2.159 0
2.16 0
2.161 0
2.162 0
2.163 0
2.164 0
2.165 0
2.166 0
2.167 0
2.168 0
2.169 0
2.17 0
2.171 0
2.172 0
2.173 0
2.174 0
2.175 0
2.176 0
2.177 0
2.178 0
2.179 0
2.18 0
2.181 0
2.182 0
2.183 0
2.184 0
2.185 0
2.186 0
2.187 0
2.188 0
2.189 0
2.19 0
2.191 0
2.192 0
2.193 0
2.194 0
2.195 0
2.196 0
2.197 0
2.198 0
2.199 0
2.2 0
2.201 0
2.202 0
2.203 0
2.204 0
2.205 0
2.206 0
2.207 0
2.208 0
2.209 0
2.21 0
2.211 0
2.212 0
2.213 0
2.214 0
2.215 0
2.216 0
2.217 0
2.218 0
2.219 0
2.22 0
2.221 0
2.222 0
2.223 0
2.224 0
2.225 0
2.226 0
2.227 0
2.228 0
2.229 0
2.23 0
2.231 0
2.232 0
2.233 0
2.234 0
2.235 0
2.236 0
2.237 0
2.238 0
2.239 0
2.24 0
2.241 0
2.242 0
2.243 0
2.244 0
2.245 0
2.246 0
2.247 0
2.248 0
2.249 0
2.25 0
2.251 0
2.252 0
2.253 0
2.254 0
2.255 0
2.256 0
2.257 0
2.258 0
2.259 0
2.26 0
2.261 0
2.262 0
2.263 0
2.264 0
2.265 0
2.266 0
2.267 0
2.268 0
2.269 0
2.27 0
2.271 0
2.272 0
2.273 0
2.274 0
2.275 0
2.276 0
2.277 0
2.278 0
2.279 0
2.28 0
2.281 0
2.282 0
2.283 0
2.284 0
2.285 0
2.286 0
2.287 0
2.288 0
2.289 0
2.29 0
2.291 0
2.292 0
2.293 0
2.294 0
2.295 0
2.296 0
2.297 0
2.298 0
2.299 0
2.3 0
2.301 0
2.302 0
2.303 0
2.304 0
2.305 0
2.306 0
2.307 0
2.308 0
2.309 0
2.31 0
2.311 0
2.312 0
2.313 0
2.314 0
2.315 0
2.316 0
2.317 0
2.318 0
2.319 0
2.32 0
2.321 0
2.322 0
2.323 0
2.324 0
2.325 0
2.326 0
2.327 0
2.328 0
2.329 0
2.33 0
2.331 0
2.332 0
2.333 0
2.334 0
2.335 0
2.336 0
2.337 0
2.338 0
2.339 0
2.34 0
2.341 0
2.342 0
2.343 0
2.344 0
2.345 0
2.346 0
2.347 0
2.348 0
2.349 0
2.35 0
2.351 0
2.352 0
2.353 0
2.354 0
2.355 0
2.356 0
2.357 0
2.358 0
2.359 0
2.36 0
2.361 0
2.362 0
2.363 0
2.364 0
2.365 0
2.366 0
2.367 0
2.368 0
2.369 0
2.37 0
2.371 0
2.372 0
2.373 0
2.374 0
2.375 0
2.376 0
2.377 0
2.378 0
2.379 0
2.38 0
2.381 0
2.382 0
2.383 0
2.384 0
2.385 0
2.386 0
2.387 0
2.388 0
2.389 0
2.39 0
2.391 0
2.392 0
2.393 0
2.394 0
2.395 0
2.396 0
2.397 0
2.398 0
2.399 0
2.4 0
2.401 0
2.402 0
2.403 0
2.404 0
2.405 0
2.406 0
2.407 0
2.408 0
2.409 0
2.41 0
2.411 0
2.412 0
2.413 0
2.414 0
2.415 0
2.416 0
2.417 0
2.418 0
2.419 0
2.42 0
2.421 0
2.422 0
2.423 0
2.424 0
2.425 0
2.426 0
2.427 0
2.428 0
2.429 0
2.43 0
2.431 0
2.432 0
2.433 0
2.434 0
2.435 0
2.436 0
2.437 0
2.438 0
2.439 0
2.44 0
2.441 0
2.442 0
2.443 0
2.444 0
2.445 0
2.446 0
2.447 0
2.448 0
2.449 0
2.45 0
2.451 0
2.452 0
2.453 0
2.454 0
2.455 0
2.456 0
2.457 0
2.458 0
2.459 0
2.46 0
2.461 0
2.462 0
2.463 0
2.464 0
2.465 0
2.466 0
2.467 0
2.468 0
2.469 0
2.47 0
2.471 0
2.472 0
2.473 0
2.474 0
2.475 0
2.476 0
2.477 0
2.478 0
2.479 0
2.48 0
2.481 0
2.482 0
2.483 0
2.484 0
2.485 0
2.486 0
2.487 0
2.488 0
2.489 0
2.49 0
2.491 0
2.492 0
2.493 0
2.494 0
2.495 0
2.496 0
2.497 0
2.498 0
2.499 0
2.5 0
2.501 0
2.502 0
2.503 0
2.504 0
2.505 0
2.506 0
2.507 0
2.508 0
2.509 0
2.51 0
2.511 0
2.512 0
2.513 0
2.514 0
2.515 0
2.516 0
2.517 0
2.518 0
2.519 0
2.52 0
2.521 0
2.522 0
2.523 0
2.524 0
2.525 0
2.526 0
2.527 0
2.528 0
2.529 0
2.53 0
2.531 0
2.532 0
2.533 0
2.534 0
2.535 0
2.536 0
2.537 0
2.538 0
2.539 0
2.54 0
2.541 0
2.542 0
2.543 0
2.544 0
2.545 0
2.546 0
2.547 0
2.548 0
2.549 0
2.55 0
2.551 0
2.552 0
2.553 0
2.554 0
2.555 0
2.556 0
2.557 0
2.558 0
2.559 0
2.56 0
2.561 0
2.562 0
2.563 0
2.564 0
2.565 0
2.566 0
2.567 0
2.568 0
2.569 0
2.57 0
2.571 0
2.572 0
2.573 0
2.574 0
2.575 0
2.576 0
2.577 0
2.578 0
2.579 0
2.58 0
2.581 0
2.582 0
2.583 0
2.584 0
2.585 0
2.586 0
2.587 0
2.588 0
2.589 0
2.59 0
2.591 0
2.592 0
2.593 0
2.594 0
2.595 0
2.596 0
2.597 0
2.598 0
2.599 0
2.6 0
2.601 0
2.602 0
2.603 0
2.604 0
2.605 0
2.606 0
2.607 0
2.608 0
2.609 0
2.61 0
2.611 0
2.612 0
2.613 0
2.614 0
2.615 0
2.616 0
2.617 0
2.618 0
2.619 0
2.62 0
2.621 0
2.622 0
2.623 0
2.624 0
2.625 0
2.626 0
2.627 0
2.628 0
2.629 0
2.63 0
2.631 0
2.632 0
2.633 0
2.634 0
2.635 0
2.636 0
2.637 0
2.638 0
2.639 0
2.64 0
2.641 0
2.642 0
2.643 0
2.644 0
2.645 0
2.646 0
2.647 0
2.648 0
2.649 0
2.65 0
2.651 0
2.652 0
2.653 0
2.654 0
2.655 0
2.656 0
2.657 0
2.658 0
2.659 0
2.66 0
2.661 0
2.662 0
2.663 0
2.664 0
2.665 0
2.666 0
2.667 0
2.668 0
2.669 0
2.67 0
2.671 0
2.672 0
2.673 0
2.674 0
2.675 0
2.676 0
2.677 0
2.678 0
2.679 0
2.68 0
2.681 0
2.682 0
2.683 0
2.684 0
2.685 0
2.686 0
2.687 0
2.688 0
2.689 0
2.69 0
2.691 0
2.692 0
2.693 0
2.694 0
2.695 0
2.696 0
2.697 0
2.698 0
2.699 0
2.7 0
2.701 0
2.702 0
2.703 0
2.704 0
2.705 0
2.706 9.90122e-06
2.707 7.42317e-06
2.708 4.94695e-06
2.709 1.81321e-05
2.71 1.89493e-05
2.711 2.96489e-05
2.712 1.97586e-05
2.713 3.62108e-05
2.714 2.87934e-05
2.715 3.28946e-05
2.716 4.11032e-05
2.717 6.08103e-05
2.718 0.000119933
2.719 0.000154377
2.72 0.0001732
2.721 0.00019283
2.722 0.000251817
2.723 0.000272223
2.724 0.000317204
2.725 0.000393287
2.726 0.000444742
2.727 0.000517448
2.728 0.000658031
2.729 0.00070197
2.73 0.000826843
2.731 0.00086006
2.732 0.000994591
2.733 0.00117232
2.734 0.00142995
2.735 0.00170699
2.736 0.00191528
2.737 0.00199044
2.738 0.00217156
2.739 0.00257346
2.74 0.00282675
2.741 0.0033894
2.742 0.00383194
2.743 0.00398194
2.744 0.00476731
2.745 0.00522188
2.746 0.00578507
2.747 0.00662907
2.748 0.00717996
2.749 0.00816741
2.75 0.00933439
2.751 0.0100176
2.752 0.0109267
2.753 0.0120808
2.754 0.0130728
2.755 0.0144612
2.756 0.01574
2.757 0.018133
2.758 0.0195715
2.759 0.020703
2.76 0.0230965
2.761 0.0249788
2.762 0.0273601
2.763 0.0292976
2.764 0.0314438
2.765 0.0356201
2.766 0.0378981
2.767 0.0397757
2.768 0.0426821
2.769 0.0460589
2.77 0.0487699
2.771 0.0507183
2.772 0.0555456
2.773 0.059363
2.774 0.0637869
2.775 0.0666266
2.776 0.0722359
2.777 0.076061
2.778 0.0814217
2.779 0.0868429
2.78 0.0914449
2.781 0.0971098
2.782 0.102608
2.783 0.107132
2.784 0.112423
2.785 0.119069
2.786 0.124921
2.787 0.132165
2.788 0.139261
2.789 0.1458
2.79 0.153098
2.791 0.158904
2.792 0.164707
2.793 0.171643
2.794 0.179593
2.795 0.186751
2.796 0.196291
2.797 0.205406
2.798 0.214178
2.799 0.224027
2.8 0.231553
2.801 0.240507
2.802 0.251014
2.803 0.25922
2.804 0.268868
2.805 0.280032
2.806 0.289247
2.807 0.298862
2.808 0.310219
2.809 0.320545
2.81 0.330101
2.811 0.340936
2.812 0.351266
2.813 0.359765
2.814 0.371903
2.815 0.38191
2.816 0.393025
2.817 0.404266
2.818 0.416872
2.819 0.425555
2.82 0.435758
2.821 0.448125
2.822 0.457631
2.823 0.469382
2.824 0.479217
2.825 0.493463
2.826 0.504537
2.827 0.516657
2.828 0.528021
2.829 0.536399
2.83 0.550401
2.831 0.561207
2.832 0.574395
2.833 0.589814
2.834 0.598698
2.835 0.614244
2.836 0.626045
2.837 0.640233
2.838 0.652744
2.839 0.662743
2.84 0.673106
2.841 0.68326
2.842 0.693746
2.843 0.705397
2.844 0.714473
2.845 0.726095
2.846 0.742043
2.847 0.752356
2.848 0.767733
2.849 0.774396
2.85 0.789801
2.851 0.798255
2.852 0.813153
2.853 0.823816
2.854 0.835007
2.855 0.844896
2.856 0.854272
2.857 0.866334
2.858 0.879658
2.859 0.888932
2.86 0.897891
2.861 0.906573
2.862 0.915852
2.863 0.929097
2.864 0.938386
2.865 0.949505
2.866 0.962613
2.867 0.972363
2.868 0.980791
2.869 0.988487
2.87 1.0022
2.871 1.01513
2.872 1.02558
2.873 1.03104
2.874 1.04095
2.875 1.04792
2.876 1.06187
2.877 1.07148
2.878 1.07694
2.879 1.08642
2.88 1.09589
2.881 1.10869
2.882 1.11544
2.883 1.1224
2.884 1.13208
2.885 1.14504
2.886 1.15124
2.887 1.1578
2.888 1.16427
2.889 1.17153
2.89 1.1775
2.891 1.18469
2.892 1.19374
2.893 1.20311
2.894 1.2102
2.895 1.21558
2.896 1.22063
2.897 1.22322
2.898 1.23344
2.899 1.23736
2.9 1.24688
2.901 1.25729
2.902 1.2675
2.903 1.26784
2.904 1.27357
2.905 1.28219
2.906 1.29023
2.907 1.29664
2.908 1.30083
2.909 1.30827
2.91 1.31715
2.911 1.32237
2.912 1.32767
2.913 1.33457
2.914 1.34144
2.915 1.34095
2.916 1.34594
2.917 1.34989
2.918 1.35646
2.919 1.3612
2.92 1.36776
2.921 1.37266
2.922 1.37687
2.923 1.3806
2.924 1.38789
2.925 1.3862
2.926 1.38869
2.927 1.3972
2.928 1.39946
2.929 1.40075
2.93 1.40731
2.931 1.40847
2.932 1.41475
2.933 1.41902
2.934 1.42756
2.935 1.42956
2.936 1.42789
2.937 1.43137
2.938 1.43518
2.939 1.44335
2.94 1.44669
2.941 1.4468
2.942 1.44356
2.943 1.4495
2.944 1.45483
2.945 1.45718
2.946 1.45859
2.947 1.46041
2.948 1.46237
2.949 1.46985
2.95 1.47741
2.951 1.47572
2.952 1.48405
2.953 1.4813
2.954 1.48118
2.955 1.47671
2.956 1.47653
2.957 1.47453
2.958 1.47238
2.959 1.4734
2.96 1.47036
2.961 1.47271
2.962 1.47057
2.963 1.46796
2.964 1.46858
2.965 1.46686
2.966 1.47057
2.967 1.47015
2.968 1.47133
2.969 1.4734
2.97 1.47473
2.971 1.47428
2.972 1.47513
2.973 1.4696
2.974 1.46597
2.975 1.46333
2.976 1.46433
2.977 1.46415
2.978 1.46441
2.979 1.4678
2.98 1.46358
2.981 1.46505
2.982 1.4721
2.983 1.47003
2.984 1.46868
2.985 1.46887
2.986 1.46637
2.987 1.46444
2.988 1.46117
2.989 1.45997
2.99 1.46133
2.991 1.45941
2.992 1.45721
2.993 1.46037
2.994 1.46124
2.995 1.45999
2.996 1.45497
2.997 1.4589
2.998 1.45499
2.999 1.45628
3 1.4531
3.001 1.45907
3.002 1.45598
3.003 1.45243
3.004 1.45162
3.005 1.44843
3.006 1.45086
3.007 1.4489
3.008 1.44908
3.009 1.4464
3.01 1.44421
3.011 1.44541
3.012 1.44503
3.013 1.44536
3.014 1.44556
3.015 1.44508
3.016 1.44495
3.017 1.44756
3.018 1.44947
3.019 1.44503
3.02 1.44379
3.021 1.44101
3.022 1.44526
3.023 1.44668
3.024 1.44623
3.025 1.44309
3.026 1.44021
3.027 1.43918
3.028 1.44584
3.029 1.44587
3.03 1.44647
3.031 1.445
3.032 1.44544
3.033 1.4427
3.034 1.44283
3.035 1.44266
3.036 1.44248
3.037 1.44617
3.038 1.44746
3.039 1.44545
3.04 1.44348
3.041 1.43976
3.042 1.43986
3.043 1.44108
3.044 1.44224
3.045 1.44438
3.046 1.4447
3.047 1.44001
3.048 1.44058
3.049 1.44097
3.05 1.43541
3.051 1.43885
3.052 1.43771
3.053 1.43701
3.054 1.43717
3.055 1.43725
3.056 1.43588
3.057 1.43535
3.058 1.43855
3.059 1.43756
3.06 1.43809
3.061 1.4436
3.062 1.43915
3.063 1.43502
3.064 1.43532
3.065 1.43313
3.066 1.4312
3.067 1.43218
3.068 1.43479
3.069 1.43106
3.07 1.43302
3.071 1.43248
3.072 1.42633
3.073 1.42616
3.074 1.43006
3.075 1.42702
3.076 1.42803
3.077 1.42682
3.078 1.42617
3.079 1.42725
3.08 1.42768
3.081 1.42569
3.082 1.42723
3.083 1.42695
3.084 1.42577
3.085 1.42217
3.086 1.42515
3.087 1.42774
3.088 1.42325
3.089 1.42274
3.09 1.42404
3.091 1.4241
3.092 1.42531
3.093 1.42629
3.094 1.42787
3.095 1.42437
3.096 1.4231
3.097 1.42367
3.098 1.42168
3.099 1.425
3.1 1.42411
3.101 1.42142
3.102 1.41704
3.103 1.41886
3.104 1.42001
3.105 1.41648
3.106 1.42107
3.107 1.41927
3.108 1.42026
3.109 1.42072
3.11 1.41838
3.111 1.4165
3.112 1.41254
3.113 1.41172
3.114 1.41336
3.115 1.41759
3.116 1.41235
3.117 1.41608
3.118 1.41365
3.119 1.41154
3.12 1.41277
3.121 1.41453
3.122 1.41776
3.123 1.41641
3.124 1.42051
3.125 1.42056
3.126 1.41636
3.127 1.41704
3.128 1.41814
3.129 1.41354
3.13 1.41009
3.131 1.4104
3.132 1.40907
3.133 1.4139
3.134 1.41138
3.135 1.41157
3.136 1.41154
3.137 1.41226
3.138 1.40986
3.139 1.41212
3.14 1.40759
3.141 1.4046
3.142 1.40593
3.143 1.40552
3.144 1.40596
3.145 1.40725
3.146 1.40657
3.147 1.40427
3.148 1.40301
3.149 1.40139
3.15 1.40034
3.151 1.40074
3.152 1.40045
3.153 1.39921
3.154 1.39936
3.155 1.40127
3.156 1.4004
3.157 1.4004
3.158 1.39645
3.159 1.39525
3.16 1.3978
3.161 1.39566
3.162 1.39853
3.163 1.39744
3.164 1.3986
3.165 1.39259
3.166 1.39008
3.167 1.39446
3.168 1.39869
3.169 1.39491
3.17 1.39484
3.171 1.39263
3.172 1.39157
3.173 1.38948
3.174 1.38647
3.175 1.39157
3.176 1.39147
3.177 1.39448
3.178 1.39148
3.179 1.39036
3.18 1.38798
3.181 1.38788
3.182 1.38633
3.183 1.38467
3.184 1.38674
3.185 1.38692
3.186 1.38653
3.187 1.38577
3.188 1.38644
3.189 1.38856
3.19 1.38671
3.191 1.38477
3.192 1.38585
3.193 1.38638
3.194 1.38745
3.195 1.39151
3.196 1.38546
3.197 1.38889
3.198 1.38932
3.199 1.38494
3.2 1.38572
3.201 1.38733
3.202 1.38588
3.203 1.38448
3.204 1.38384
3.205 1.38537
3.206 1.38637
3.207 1.38526
3.208 1.38726
3.209 1.3906
3.21 1.38547
3.211 1.38893
3.212 1.38958
3.213 1.38981
3.214 1.3842
3.215 1.37969
3.216 1.37966
3.217 1.37969
3.218 1.38012
3.219 1.37713
3.22 1.37863
3.221 1.38062
3.222 1.37938
3.223 1.37682
3.224 1.38053
3.225 1.38386
3.226 1.38094
3.227 1.38275
3.228 1.37908
3.229 1.37842
3.23 1.37774
3.231 1.37139
3.232 1.3742
3.233 1.37149
3.234 1.37241
3.235 1.37248
3.236 1.37245
3.237 1.37356
3.238 1.3726
3.239 1.37436
3.24 1.37701
3.241 1.3728
3.242 1.37192
3.243 1.37132
3.244 1.37338
3.245 1.37432
3.246 1.37343
3.247 1.3713
3.248 1.37046
3.249 1.36986
3.25 1.36625
3.251 1.36652
3.252 1.36262
3.253 1.36356
3.254 1.3649
3.255 1.36541
3.256 1.36437
3.257 1.36672
3.258 1.36602
3.259 1.36156
3.26 1.36055
3.261 1.36092
3.262 1.36693
3.263 1.3667
3.264 1.3642
3.265 1.36796
3.266 1.36674
3.267 1.36102
3.268 1.36432
3.269 1.358
3.27 1.36013
3.271 1.36034
3.272 1.36168
3.273 1.3598
3.274 1.36176
3.275 1.36209
3.276 1.3629
3.277 1.35952
3.278 1.36231
3.279 1.3623
3.28 1.36292
3.281 1.36317
3.282 1.3619
3.283 1.36054
3.284 1.36294
3.285 1.35813
3.286 1.35721
3.287 1.35953
3.288 1.37085
3.289 1.35991
3.29 1.35648
3.291 1.3571
3.292 1.35879
3.293 1.36146
3.294 1.3611
3.295 1.35674
3.296 1.35595
3.297 1.35711
3.298 1.35844
3.299 1.35285
3.3 1.35426
3.301 1.35087
3.302 1.35213
3.303 1.35051
3.304 1.34909
3.305 1.35093
3.306 1.35017
3.307 1.35199
3.308 1.34881
3.309 1.35228
3.31 1.34742
3.311 1.35004
3.312 1.34806
3.313 1.34374
3.314 1.34397
3.315 1.34617
3.316 1.34438
3.317 1.34153
3.318 1.34256
3.319 1.34702
3.32 1.34158
3.321 1.34344
3.322 1.34359
3.323 1.33923
3.324 1.34449
3.325 1.34356
3.326 1.34168
3.327 1.34396
3.328 1.3422
3.329 1.3424
3.33 1.3444
3.331 1.34096
3.332 1.34225
3.333 1.34332
3.334 1.34124
3.335 1.34364
3.336 1.33825
3.337 1.33874
3.338 1.3358
3.339 1.33171
3.34 1.33779
3.341 1.33458
3.342 1.33469
3.343 1.33521
3.344 1.33331
3.345 1.33381
3.346 1.33127
3.347 1.33314
3.348 1.33139
3.349 1.33678
3.35 1.33669
3.351 1.33196
3.352 1.33375
3.353 1.33602
3.354 1.33243
3.355 1.3334
3.356 1.33312
3.357 1.33103
3.358 1.3291
3.359 1.33341
3.36 1.33068
3.361 1.33063
3.362 1.33401
3.363 1.33121
3.364 1.33166
3.365 1.3285
3.366 1.33003
3.367 1.32852
3.368 1.32893
3.369 1.32597
3.37 1.32746
3.371 1.33097
3.372 1.32843
3.373 1.32953
3.374 1.32719
3.375 1.32669
3.376 1.32502
3.377 1.32428
3.378 1.3287
3.379 1.32674
3.38 1.32535
3.381 1.32831
3.382 1.32449
3.383 1.32545
3.384 1.32311
3.385 1.32213
3.386 1.32152
3.387 1.32161
3.388 1.32262
3.389 1.32908
3.39 1.32683
3.391 1.32511
3.392 1.32616
3.393 1.32624
3.394 1.32719
3.395 1.32616
3.396 1.32532
3.397 1.32678
3.398 1.32461
3.399 1.31967
3.4 1.31965
3.401 1.31672
3.402 1.32132
3.403 1.32223
3.404 1.32193
3.405 1.32089
3.406 1.31771
3.407 1.31898
3.408 1.32272
3.409 1.32456
3.41 1.32203
3.411 1.31973
3.412 1.32317
3.413 1.3225
3.414 1.32384
3.415 1.32159
3.416 1.3231
3.417 1.31564
3.418 1.31821
3.419 1.31889
3.42 1.31858
3.421 1.31595
3.422 1.31975
3.423 1.31578
3.424 1.31725
3.425 1.31443
3.426 1.31417
3.427 1.31324
3.428 1.31566
3.429 1.31516
3.43 1.31586
3.431 1.31857
3.432 1.31721
3.433 1.3181
3.434 1.31244
3.435 1.31456
3.436 1.31468
3.437 1.31537
3.438 1.31731
3.439 1.31446
3.44 1.31449
3.441 1.31045
3.442 1.31414
3.443 1.31511
3.444 1.31554
3.445 1.3129
3.446 1.31256
3.447 1.31296
3.448 1.30939
3.449 1.31209
3.45 1.31096
3.451 1.31149
3.452 1.30897
3.453 1.30775
3.454 1.30597
3.455 1.30435
3.456 1.30848
3.457 1.31024
3.458 1.3078
3.459 1.30725
3.46 1.30678
3.461 1.30848
3.462 1.30687
3.463 1.30506
3.464 1.30582
3.465 1.30304
3.466 1.30468
3.467 1.30254
3.468 1.30571
3.469 1.3045
3.47 1.30361
3.471 1.30375
3.472 1.304
3.473 1.30045
3.474 1.30202
3.475 1.30446
3.476 1.30754
3.477 1.30173
3.478 1.30022
3.479 1.29895
3.48 1.29776
3.481 1.29602
3.482 1.29634
3.483 1.29841
3.484 1.29903
3.485 1.29591
3.486 1.29721
3.487 1.3009
3.488 1.29899
3.489 1.29858
3.49 1.29644
3.491 1.29905
3.492 1.29891
3.493 1.29563
3.494 1.29746
3.495 1.30351
3.496 1.2961
3.497 1.29715
3.498 1.29627
3.499 1.29759
3.5 1.29583
3.501 1.29686
3.502 1.29581
3.503 1.29525
3.504 1.29451
3.505 1.29388
3.506 1.29765
3.507 1.29535
3.508 1.29585
3.509 1.29437
3.51 1.29366
3.511 1.29379
3.512 1.29266
3.513 1.29602
3.514 1.29004
3.515 1.29084
3.516 1.28739
3.517 1.28716
3.518 1.28852
3.519 1.28587
3.52 1.28543
3.521 1.28391
3.522 1.28407
3.523 1.28737
3.524 1.28694
3.525 1.28816
3.526 1.28456
3.527 1.28381
3.528 1.28734
3.529 1.2836
3.53 1.28115
3.531 1.28354
3.532 1.28534
3.533 1.28288
3.534 1.28194
3.535 1.27972
3.536 1.28188
3.537 1.28211
3.538 1.28309
3.539 1.28293
3.54 1.27928
3.541 1.27771
3.542 1.27884
3.543 1.27829
3.544 1.27636
3.545 1.27437
3.546 1.27285
3.547 1.27064
3.548 1.27151
3.549 1.27021
3.55 1.26773
3.551 1.26889
3.552 1.26951
3.553 1.27192
3.554 1.26976
3.555 1.26921
3.556 1.2681
3.557 1.2709
3.558 1.27046
3.559 1.27179
3.56 1.27038
3.561 1.27123
3.562 1.27027
3.563 1.27052
3.564 1.27249
3.565 1.27717
3.566 1.27494
3.567 1.26868
3.568 1.2668
3.569 1.26542
3.57 1.26745
3.571 1.26806
3.572 1.26833
3.573 1.2694
3.574 1.26812
3.575 1.26968
3.576 1.26786
3.577 1.26779
3.578 1.26702
3.579 1.26805
3.58 1.26717
3.581 1.26674
3.582 1.26596
3.583 1.26431
3.584 1.26622
3.585 1.26688
3.586 1.26933
3.587 1.26697
3.588 1.26547
3.589 1.26272
3.59 1.26398
3.591 1.26151
3.592 1.25996
3.593 1.26247
3.594 1.26402
3.595 1.25974
3.596 1.25761
3.597 1.25795
3.598 1.25938
3.599 1.25973
3.6 1.25999
3.601 1.25748
3.602 1.25575
3.603 1.25627
3.604 1.25418
3.605 1.2563
3.606 1.25427
3.607 1.2599
3.608 1.25782
3.609 1.26055
3.61 1.25863
3.611 1.25822
3.612 1.25999
3.613 1.2575
3.614 1.26004
3.615 1.2573
3.616 1.2582
3.617 1.25509
3.618 1.25944
3.619 1.25835
3.62 1.25701
3.621 1.25252
3.622 1.25591
3.623 1.25515
3.624 1.25411
3.625 1.2552
3.626 1.24976
3.627 1.25117
3.628 1.25288
3.629 1.25642
3.63 1.25642
3.631 1.2542
3.632 1.25472
3.633 1.25731
3.634 1.25721
3.635 1.25663
3.636 1.25455
3.637 1.25365
3.638 1.25039
3.639 1.25189
3.64 1.2515
3.641 1.24726
3.642 1.2502
3.643 1.25219
3.644 1.2466
3.645 1.24809
3.646 1.24894
3.647 1.24653
3.648 1.24775
3.649 1.24782
3.65 1.24752
3.651 1.24992
3.652 1.24554
3.653 1.24941
3.654 1.24782
3.655 1.2488
3.656 1.24655
3.657 1.24745
3.658 1.24657
3.659 1.24949
3.66 1.2487
3.661 1.24888
3.662 1.24809
3.663 1.25008
3.664 1.24827
3.665 1.24849
3.666 1.24881
3.667 1.24409
3.668 1.2465
3.669 1.24594
3.67 1.24356
3.671 1.24785
3.672 1.24448
3.673 1.24372
3.674 1.24668
3.675 1.24372
3.676 1.24383
3.677 1.24349
3.678 1.2438
3.679 1.24319
3.68 1.23939
3.681 1.23974
3.682 1.24015
3.683 1.2415
3.684 1.24257
3.685 1.24121
3.686 1.24149
3.687 1.23679
3.688 1.23644
3.689 1.23537
3.69 1.2392
3.691 1.24161
3.692 1.23966
3.693 1.23948
3.694 1.23534
3.695 1.23701
3.696 1.24004
3.697 1.23669
3.698 1.23534
3.699 1.23765
3.7 1.2354
3.701 1.23328
3.702 1.23586
3.703 1.23991
3.704 1.23755
3.705 1.2356
3.706 1.23302
3.707 1.23217
3.708 1.23313
3.709 1.23074
3.71 1.22975
3.711 1.22787
3.712 1.22551
3.713 1.22618
3.714 1.22585
3.715 1.22578
3.716 1.22602
3.717 1.22526
3.718 1.22489
3.719 1.22215
3.72 1.22354
3.721 1.22422
3.722 1.22552
3.723 1.22267
3.724 1.22118
3.725 1.22271
3.726 1.22427
3.727 1.22428
3.728 1.22417
3.729 1.22326
3.73 1.22402
3.731 1.22393
3.732 1.22372
3.733 1.22658
3.734 1.22446
3.735 1.22167
3.736 1.2276
3.737 1.22402
3.738 1.2233
3.739 1.22172
3.74 1.22009
3.741 1.22015
3.742 1.22023
3.743 1.21905
3.744 1.21851
3.745 1.21763
3.746 1.21691
3.747 1.21776
3.748 1.21893
3.749 1.21977
3.75 1.2191
3.751 1.2178
3.752 1.21681
3.753 1.218
3.754 1.21733
3.755 1.21538
3.756 1.21793
3.757 1.21933
3.758 1.21928
3.759 1.21625
3.76 1.21544
3.761 1.21645
3.762 1.21406
3.763 1.21383
3.764 1.21263
3.765 1.21378
3.766 1.21566
3.767 1.21546
3.768 1.21373
3.769 1.21549
3.77 1.2126
3.771 1.2125
3.772 1.21459
3.773 1.21188
3.774 1.21046
3.775 1.20804
3.776 1.21309
3.777 1.20923
3.778 1.21119
3.779 1.20821
3.78 1.20849
3.781 1.2121
3.782 1.21396
3.783 1.21267
3.784 1.21518
3.785 1.20907
3.786 1.20689
3.787 1.20828
3.788 1.20982
3.789 1.21149
3.79 1.20901
3.791 1.20767
3.792 1.20858
3.793 1.2064
3.794 1.20518
3.795 1.20342
3.796 1.20223
3.797 1.20352
3.798 1.20571
3.799 1.20582
3.8 1.2054
3.801 1.20541
3.802 1.20424
3.803 1.2051
3.804 1.20202
3.805 1.20117
3.806 1.20189
3.807 1.20261
3.808 1.20178
3.809 1.20404
3.81 1.20549
3.811 1.20529
3.812 1.20495
3.813 1.20015
3.814 1.2026
3.815 1.20734
3.816 1.20503
3.817 1.2046
3.818 1.20147
3.819 1.20504
3.82 1.20195
3.821 1.20136
3.822 1.20091
3.823 1.19786
3.824 1.20055
3.825 1.20411
3.826 1.20509
3.827 1.20411
3.828 1.20472
3.829 1.2047
3.83 1.20518
3.831 1.20105
3.832 1.19972
3.833 1.20126
3.834 1.19902
3.835 1.19764
3.836 1.19843
3.837 1.19394
3.838 1.19285
3.839 1.1956
3.84 1.19539
3.841 1.19747
3.842 1.20021
3.843 1.20178
3.844 1.2011
3.845 1.19903
3.846 1.19917
3.847 1.20033
3.848 1.19935
3.849 1.19966
3.85 1.19801
3.851 1.20286
3.852 1.19847
3.853 1.2004
3.854 1.19868
3.855 1.19817
3.856 1.19828
3.857 1.20108
3.858 1.19659
3.859 1.20047
3.86 1.19667
3.861 1.19404
3.862 1.19419
3.863 1.19255
3.864 1.19148
3.865 1.1921
3.866 1.19517
3.867 1.19333
3.868 1.19257
3.869 1.19216
3.87 1.1902
3.871 1.18849
3.872 1.1876
3.873 1.18559
3.874 1.18647
3.875 1.18619
3.876 1.1855
3.877 1.18855
3.878 1.18926
3.879 1.18909
3.88 1.1888
3.881 1.18716
3.882 1.18557
3.883 1.18613
3.884 1.18897
3.885 1.18733
3.886 1.1878
3.887 1.18888
3.888 1.18497
3.889 1.18728
3.89 1.18671
3.891 1.1884
3.892 1.18863
3.893 1.18873
3.894 1.18663
3.895 1.18606
3.896 1.18233
3.897 1.18392
3.898 1.18451
3.899 1.18364
3.9 1.18129
3.901 1.18325
3.902 1.18346
3.903 1.18264
3.904 1.18425
3.905 1.18377
3.906 1.17883
3.907 1.17959
3.908 1.17481
3.909 1.17515
3.91 1.17632
3.911 1.17648
3.912 1.17283
3.913 1.17414
3.914 1.17463
3.915 1.17641
3.916 1.17514
3.917 1.17144
3.918 1.17386
3.919 1.17311
3.92 1.17377
3.921 1.17418
3.922 1.17489
3.923 1.17202
3.924 1.17109
3.925 1.1709
3.926 1.17358
3.927 1.17233
3.928 1.17159
3.929 1.1723
3.93 1.17232
3.931 1.17178
3.932 1.17135
3.933 1.16948
3.934 1.16825
3.935 1.16967
3.936 1.1714
3.937 1.17307
3.938 1.17045
3.939 1.1702
3.94 1.17018
3.941 1.17102
3.942 1.17051
3.943 1.16932
3.944 1.16867
3.945 1.16827
3.946 1.16638
3.947 1.16994
3.948 1.17247
3.949 1.17301
3.95 1.17034
3.951 1.16702
3.952 1.16499
3.953 1.16705
3.954 1.16509
3.955 1.16529
3.956 1.1669
3.957 1.1685
3.958 1.16624
3.959 1.16671
3.96 1.16779
3.961 1.16963
3.962 1.17076
3.963 1.17074
3.964 1.16928
3.965 1.16709
3.966 1.1684
3.967 1.1642
3.968 1.16699
3.969 1.16765
3.97 1.16362
3.971 1.16438
3.972 1.1637
3.973 1.16127
3.974 1.15878
3.975 1.15722
3.976 1.15995
3.977 1.15949
3.978 1.16352
3.979 1.15691
3.98 1.15953
3.981 1.16261
3.982 1.1617
3.983 1.15808
3.984 1.16163
3.985 1.16042
3.986 1.16036
3.987 1.16385
3.988 1.16024
3.989 1.16168
3.99 1.16066
3.991 1.16159
3.992 1.16106
3.993 1.1601
3.994 1.15828
3.995 1.15851
3.996 1.16047
3.997 1.15589
3.998 1.15643
3.999 1.15767
4 1.15772
4.001 1.1565
4.002 1.15806
4.003 1.16149
4.004 1.15752
4.005 1.15493
4.006 1.15622
4.007 1.15715
4.008 1.1563
4.009 1.1563
4.01 1.16025
4.011 1.15915
4.012 1.15845
4.013 1.15926
4.014 1.15473
4.015 1.15391
4.016 1.15116
4.017 1.15099
4.018 1.1519
4.019 1.15214
4.02 1.15245
4.021 1.15117
4.022 1.15132
4.023 1.15133
4.024 1.15142
4.025 1.15239
4.026 1.15013
4.027 1.14935
4.028 1.15036
4.029 1.14887
4.03 1.14727
4.031 1.1473
4.032 1.14648
4.033 1.14762
4.034 1.15075
4.035 1.15087
4.036 1.15119
4.037 1.1492
4.038 1.14617
4.039 1.1509
4.04 1.14976
4.041 1.14908
4.042 1.14582
4.043 1.14691
4.044 1.14761
4.045 1.14704
4.046 1.14437
4.047 1.14422
4.048 1.14619
4.049 1.1467
4.05 1.14705
4.051 1.1465
4.052 1.14312
4.053 1.14404
4.054 1.146
4.055 1.14506
4.056 1.14477
4.057 1.14388
4.058 1.14291
4.059 1.14158
4.06 1.14509
4.061 1.14616
4.062 1.14489
4.063 1.14216
4.064 1.14148
4.065 1.14151
4.066 1.14203
4.067 1.14276
4.068 1.14239
4.069 1.14703
4.07 1.14193
4.071 1.14125
4.072 1.13995
4.073 1.13771
4.074 1.1362
4.075 1.13677
4.076 1.13617
4.077 1.13882
4.078 1.13929
4.079 1.13683
4.08 1.13791
4.081 1.13969
4.082 1.14022
4.083 1.14196
4.084 1.13756
4.085 1.13617
4.086 1.13847
4.087 1.13864
4.088 1.13761
4.089 1.1377
4.09 1.13518
4.091 1.1349
4.092 1.13595
4.093 1.13455
4.094 1.1386
4.095 1.13729
4.096 1.13784
4.097 1.13775
4.098 1.13504
4.099 1.13464
4.1 1.13449
4.101 1.13214
4.102 1.13116
4.103 1.13083
4.104 1.13208
4.105 1.13016
4.106 1.12957
4.107 1.12749
4.108 1.12888
4.109 1.12872
4.11 1.12895
4.111 1.12982
4.112 1.12849
4.113 1.13192
4.114 1.13365
4.115 1.13517
4.116 1.13139
4.117 1.13295
4.118 1.12935
4.119 1.12878
4.12 1.12731
4.121 1.12742
4.122 1.1273
4.123 1.12841
4.124 1.1291
4.125 1.12839
4.126 1.12897
4.127 1.12938
4.128 1.12858
4.129 1.12516
4.13 1.12766
4.131 1.12512
4.132 1.1252
4.133 1.12392
4.134 1.12565
4.135 1.12354
4.136 1.1231
4.137 1.12239
4.138 1.12457
4.139 1.12378
4.14 1.12515
4.141 1.12259
4.142 1.12111
4.143 1.12121
4.144 1.12148
4.145 1.12308
4.146 1.12448
4.147 1.12459
4.148 1.12553
4.149 1.12393
4.15 1.12105
4.151 1.12146
4.152 1.12018
4.153 1.12313
4.154 1.1212
4.155 1.12067
4.156 1.12343
4.157 1.12271
4.158 1.12644
4.159 1.12176
4.16 1.12322
4.161 1.12243
4.162 1.12187
4.163 1.12183
4.164 1.12062
4.165 1.11974
4.166 1.11945
4.167 1.12039
4.168 1.12142
4.169 1.12225
4.17 1.12082
4.171 1.11987
4.172 1.1191
4.173 1.11981
4.174 1.11952
4.175 1.12308
4.176 1.12494
4.177 1.1259
4.178 1.12428
4.179 1.12097
4.18 1.11955
4.181 1.11923
4.182 1.11619
4.183 1.11775
4.184 1.11701
4.185 1.11806
4.186 1.11618
4.187 1.11637
4.188 1.11527
4.189 1.11724
4.19 1.11686
4.191 1.11908
4.192 1.11917
4.193 1.11732
4.194 1.11491
4.195 1.11384
4.196 1.11575
4.197 1.11371
4.198 1.1136
4.199 1.11324
4.2 1.11393
4.201 1.1112
4.202 1.11026
4.203 1.11045
4.204 1.11074
4.205 1.11001
4.206 1.10979
4.207 1.10755
4.208 1.11011
4.209 1.10884
4.21 1.10951
4.211 1.10776
4.212 1.10983
4.213 1.10791
4.214 1.10779
4.215 1.11039
4.216 1.11416
4.217 1.11059
4.218 1.10828
4.219 1.10906
4.22 1.10486
4.221 1.10632
4.222 1.10446
4.223 1.1043
4.224 1.10557
4.225 1.10578
4.226 1.10674
4.227 1.10614
4.228 1.10542
4.229 1.10364
4.23 1.10421
4.231 1.10295
4.232 1.10463
4.233 1.10738
4.234 1.1052
4.235 1.10257
4.236 1.10257
4.237 1.10175
4.238 1.1021
4.239 1.10616
4.24 1.10377
4.241 1.10334
4.242 1.10698
4.243 1.10827
4.244 1.10591
4.245 1.10428
4.246 1.10425
4.247 1.10353
4.248 1.10245
4.249 1.10147
4.25 1.10263
4.251 1.10185
4.252 1.10057
4.253 1.10137
4.254 1.09722
4.255 1.09904
4.256 1.09978
4.257 1.09919
4.258 1.09848
4.259 1.09841
4.26 1.09845
4.261 1.10015
4.262 1.09885
4.263 1.09736
4.264 1.09827
4.265 1.10006
4.266 1.10114
4.267 1.09973
4.268 1.09954
4.269 1.09846
4.27 1.09919
4.271 1.09732
4.272 1.10209
4.273 1.10213
4.274 1.09932
4.275 1.09393
4.276 1.09645
4.277 1.09572
4.278 1.09534
4.279 1.09594
4.28 1.09507
4.281 1.09492
4.282 1.09525
4.283 1.09729
4.284 1.0978
4.285 1.09435
4.286 1.09794
4.287 1.09588
4.288 1.09853
4.289 1.09491
4.29 1.09403
4.291 1.09543
4.292 1.09247
4.293 1.09436
4.294 1.092
4.295 1.09243
4.296 1.09151
4.297 1.09375
4.298 1.09235
4.299 1.09274
4.3 1.09155
4.301 1.08872
4.302 1.08923
4.303 1.09198
4.304 1.08924
4.305 1.09258
4.306 1.09029
4.307 1.09043
4.308 1.09132
4.309 1.0892
4.31 1.08666
4.311 1.08934
4.312 1.08879
4.313 1.08723
4.314 1.08788
4.315 1.08793
4.316 1.08927
4.317 1.0876
4.318 1.08953
4.319 1.09022
4.32 1.08936
4.321 1.08925
4.322 1.08901
4.323 1.09045
4.324 1.08762
4.325 1.08703
4.326 1.09335
4.327 1.09038
4.328 1.09049
4.329 1.08811
4.33 1.0908
4.331 1.08831
4.332 1.08718
4.333 1.08721
4.334 1.08434
4.335 1.08323
4.336 1.08428
4.337 1.088
4.338 1.08528
4.339 1.08719
4.34 1.08553
4.341 1.08421
4.342 1.08633
4.343 1.08711
4.344 1.08638
4.345 1.08558
4.346 1.086
4.347 1.0844
4.348 1.08404
4.349 1.08545
4.35 1.08399
4.351 1.08258
4.352 1.08191
4.353 1.08403
4.354 1.0835
4.355 1.08301
4.356 1.08314
4.357 1.08078
4.358 1.07951
4.359 1.08169
4.36 1.0804
4.361 1.07854
4.362 1.08023
4.363 1.08147
4.364 1.08025
4.365 1.0754
4.366 1.07711
4.367 1.07666
4.368 1.07652
4.369 1.07738
4.37 1.07594
4.371 1.07726
4.372 1.07895
4.373 1.07818
4.374 1.08031
4.375 1.0771
4.376 1.07768
4.377 1.07885
4.378 1.07966
4.379 1.07686
4.38 1.07847
4.381 1.07776
4.382 1.07811
4.383 1.07583
4.384 1.07371
4.385 1.0759
4.386 1.07706
4.387 1.0774
4.388 1.07972
4.389 1.07761
4.39 1.07397
4.391 1.07467
4.392 1.0744
4.393 1.0771
4.394 1.07637
4.395 1.0772
4.396 1.0797
4.397 1.07647
4.398 1.07552
4.399 1.07301
4.4 1.0727
4.401 1.07192
4.402 1.07343
4.403 1.07263
4.404 1.0755
4.405 1.07688
4.406 1.07279
4.407 1.07485
4.408 1.07369
4.409 1.07051
4.41 1.06955
4.411 1.07162
4.412 1.07163
4.413 1.06851
4.414 1.07107
4.415 1.07099
4.416 1.07052
4.417 1.06684
4.418 1.06647
4.419 1.06745
4.42 1.06721
4.421 1.0662
4.422 1.06965
4.423 1.06922
4.424 1.0676
4.425 1.06602
4.426 1.07036
4.427 1.06834
4.428 1.06801
4.429 1.06893
4.43 1.07169
4.431 1.07193
4.432 1.06914
4.433 1.06769
4.434 1.06683
4.435 1.07124
4.436 1.07294
4.437 1.07015
4.438 1.07019
4.439 1.06547
4.44 1.06654
4.441 1.0699
4.442 1.06535
4.443 1.06348
4.444 1.06292
4.445 1.06409
4.446 1.06583
4.447 1.06562
4.448 1.06601
4.449 1.06451
4.45 1.06367
4.451 1.0635
4.452 1.06139
4.453 1.06044
4.454 1.06184
4.455 1.06119
4.456 1.06385
4.457 1.06331
4.458 1.06621
4.459 1.06228
4.46 1.0656
4.461 1.06544
4.462 1.06499
4.463 1.06279
4.464 1.06501
4.465 1.06095
4.466 1.05941
4.467 1.06137
4.468 1.05689
4.469 1.05696
4.47 1.05626
4.471 1.05474
4.472 1.0568
4.473 1.05497
4.474 1.055
4.475 1.05537
4.476 1.05262
4.477 1.0502
4.478 1.05391
4.479 1.05522
4.48 1.05728
4.481 1.05525
4.482 1.05368
4.483 1.05375
4.484 1.05418
4.485 1.05354
4.486 1.05382
4.487 1.05142
4.488 1.05184
4.489 1.05134
4.49 1.05626
4.491 1.05955
4.492 1.05681
4.493 1.05939
4.494 1.05751
4.495 1.0567
4.496 1.05407
4.497 1.05467
4.498 1.05331
4.499 1.05426
4.5 1.056
4.501 1.05771
4.502 1.05792
4.503 1.05736
4.504 1.05574
4.505 1.05577
4.506 1.05257
4.507 1.05138
4.508 1.05389
4.509 1.05484
4.51 1.05563
4.511 1.05445
4.512 1.05532
4.513 1.05358
4.514 1.05583
4.515 1.05658
4.516 1.05633
4.517 1.05589
4.518 1.05387
4.519 1.05399
4.52 1.05352
4.521 1.05197
4.522 1.05268
4.523 1.05088
4.524 1.0534
4.525 1.05144
4.526 1.05211
4.527 1.05214
4.528 1.05355
4.529 1.05328
4.53 1.05341
4.531 1.05332
4.532 1.05213
4.533 1.05124
4.534 1.04863
4.535 1.04965
4.536 1.04931
4.537 1.04833
4.538 1.05077
4.539 1.04964
4.54 1.04799
4.541 1.04795
4.542 1.04466
4.543 1.04325
4.544 1.04639
4.545 1.04738
4.546 1.0461
4.547 1.04769
4.548 1.04462
4.549 1.04535
4.55 1.04623
4.551 1.04752
4.552 1.04614
4.553 1.04801
4.554 1.04829
4.555 1.04634
4.556 1.04714
4.557 1.046
4.558 1.04513
4.559 1.04559
4.56 1.04691
4.561 1.0461
4.562 1.04318
4.563 1.04376
4.564 1.0441
4.565 1.04278
4.566 1.04444
4.567 1.0426
4.568 1.04432
4.569 1.04598
4.57 1.04731
4.571 1.04633
4.572 1.04172
4.573 1.04247
4.574 1.04308
4.575 1.04304
4.576 1.04043
4.577 1.03919
4.578 1.04255
4.579 1.04122
4.58 1.04225
4.581 1.03938
4.582 1.039
4.583 1.0396
4.584 1.03926
4.585 1.04124
4.586 1.03761
4.587 1.03635
4.588 1.03694
4.589 1.03764
4.59 1.03929
4.591 1.03757
4.592 1.04441
4.593 1.04189
4.594 1.0389
4.595 1.0403
4.596 1.04045
4.597 1.03703
4.598 1.04021
4.599 1.03641
4.6 1.0357
4.601 1.03507
4.602 1.03403
4.603 1.03727
4.604 1.03896
4.605 1.03868
4.606 1.03664
4.607 1.03433
4.608 1.03232
4.609 1.03355
4.61 1.03459
4.611 1.03264
4.612 1.03172
4.613 1.0304
4.614 1.03305
4.615 1.03317
4.616 1.03279
4.617 1.03152
4.618 1.03309
4.619 1.03158
4.62 1.03245
4.621 1.03114
4.622 1.03314
4.623 1.03182
4.624 1.032
4.625 1.03282
4.626 1.03188
4.627 1.03501
4.628 1.03268
4.629 1.0356
4.63 1.03669
4.631 1.03345
4.632 1.03223
4.633 1.03235
4.634 1.03477
4.635 1.03323
4.636 1.03419
4.637 1.03136
4.638 1.03135
4.639 1.03237
4.64 1.0326
4.641 1.03154
4.642 1.03067
4.643 1.03022
4.644 1.03099
4.645 1.03152
4.646 1.03109
4.647 1.03317
4.648 1.03672
4.649 1.03346
4.65 1.03046
4.651 1.03417
4.652 1.03259
4.653 1.03294
4.654 1.03141
4.655 1.03101
4.656 1.02989
4.657 1.03019
4.658 1.02934
4.659 1.02981
4.66 1.03151
4.661 1.02832
4.662 1.02758
4.663 1.02646
4.664 1.02399
4.665 1.02486
4.666 1.02492
4.667 1.02639
4.668 1.02611
4.669 1.02647
4.67 1.02838
4.671 1.02693
4.672 1.027
4.673 1.02369
4.674 1.02612
4.675 1.02536
4.676 1.02673
4.677 1.02489
4.678 1.02493
4.679 1.02522
4.68 1.02343
4.681 1.02237
4.682 1.02499
4.683 1.02559
4.684 1.02565
4.685 1.0237
4.686 1.02137
4.687 1.02157
4.688 1.02446
4.689 1.0251
4.69 1.02412
4.691 1.02251
4.692 1.02227
4.693 1.02242
4.694 1.01959
4.695 1.01948
4.696 1.0184
4.697 1.0202
4.698 1.02062
4.699 1.0191
4.7 1.01787
4.701 1.02208
4.702 1.02127
4.703 1.01938
4.704 1.02039
4.705 1.01714
4.706 1.01747
4.707 1.0178
4.708 1.0196
4.709 1.01895
4.71 1.01686
4.711 1.02041
4.712 1.01987
4.713 1.02069
4.714 1.01834
4.715 1.01766
4.716 1.0163
4.717 1.01623
4.718 1.01592
4.719 1.01691
4.72 1.02135
4.721 1.02002
4.722 1.01973
4.723 1.01834
4.724 1.02061
4.725 1.02238
4.726 1.01788
4.727 1.0192
4.728 1.01998
4.729 1.0173
4.73 1.01587
4.731 1.01431
4.732 1.01438
4.733 1.01547
4.734 1.01961
4.735 1.01881
4.736 1.01773
4.737 1.01752
4.738 1.01796
4.739 1.01943
4.74 1.01897
4.741 1.0195
4.742 1.01901
4.743 1.0189
4.744 1.01616
4.745 1.01584
4.746 1.01717
4.747 1.01924
4.748 1.02048
4.749 1.01989
4.75 1.01757
4.751 1.01803
4.752 1.01796
4.753 1.01701
4.754 1.01318
4.755 1.01229
4.756 1.00882
4.757 1.01031
4.758 1.01163
4.759 1.01123
4.76 1.01216
4.761 1.01197
4.762 1.01434
4.763 1.01211
4.764 1.01322
4.765 1.01302
4.766 1.01056
4.767 1.01077
4.768 1.01151
4.769 1.01088
4.77 1.01059
4.771 1.01143
4.772 1.01128
4.773 1.0101
4.774 1.00705
4.775 1.01063
4.776 1.00958
4.777 1.00802
4.778 1.00956
4.779 1.0088
4.78 1.00648
4.781 1.00736
4.782 1.00622
4.783 1.00871
4.784 1.00814
4.785 1.00792
4.786 1.01062
4.787 1.009
4.788 1.00696
4.789 1.00648
4.79 1.00691
4.791 1.00656
4.792 1.00934
4.793 1.00706
4.794 1.00594
4.795 1.0046
4.796 1.00502
4.797 1.00625
4.798 1.00567
4.799 1.00629
4.8 1.0055
4.801 1.00426
4.802 1.00675
4.803 1.00804
4.804 1.00737
4.805 1.00549
4.806 1.00647
4.807 1.00866
4.808 1.00717
4.809 1.00599
4.81 1.00676
4.811 1.00723
4.812 1.0055
4.813 1.00323
4.814 1.00585
4.815 1.00836
4.816 1.00546
4.817 1.00701
4.818 1.00515
4.819 1.00445
4.82 1.00479
4.821 1.00262
4.822 1.00221
4.823 1.00266
4.824 1.00166
4.825 1.00271
4.826 1.0037
4.827 1.00408
4.828 1.00336
4.829 1.00397
4.83 1.00201
4.831 1.00098
4.832 1.00326
4.833 1.00331
4.834 1.00543
4.835 1.00117
4.836 1.00139
4.837 1.00336
4.838 1.00286
4.839 1.00272
4.84 1.00385
4.841 1.00327
4.842 1.00266
4.843 1.00267
4.844 1.00062
4.845 0.996219
4.846 0.996406
4.847 0.995539
4.848 0.996205
4.849 0.996169
4.85 0.995006
4.851 0.99636
4.852 0.997062
4.853 0.9964
4.854 0.999077
4.855 0.998688
4.856 1.00136
4.857 0.999526
4.858 0.997743
4.859 0.998608
4.86 0.99758
4.861 0.998289
4.862 1.00012
4.863 1.00094
4.864 1.00039
4.865 0.997473
4.866 0.997803
4.867 0.998935
4.868 0.996995
4.869 0.997577
4.87 0.997955
4.871 0.997894
4.872 0.998844
4.873 0.999014
4.874 0.997794
4.875 0.997969
4.876 0.994441
4.877 0.995897
4.878 0.99486
4.879 0.994829
4.88 0.995614
4.881 0.993548
4.882 0.991544
4.883 0.992765
4.884 0.995239
4.885 0.995145
4.886 0.996714
4.887 0.996412
4.888 0.994533
4.889 0.992938
4.89 0.992623
4.891 0.992842
4.892 0.995017
4.893 0.994879
4.894 0.995035
4.895 0.994416
4.896 0.994324
4.897 0.994189
4.898 0.99502
4.899 0.997451
4.9 0.998763
4.901 0.997465
4.902 0.997491
4.903 0.995908
4.904 0.996701
4.905 0.996748
4.906 0.997081
4.907 0.995046
4.908 0.995215
4.909 0.992187
4.91 0.992592
4.911 0.994267
4.912 0.990217
4.913 0.990887
4.914 0.991506
4.915 0.992711
4.916 0.995113
4.917 0.99445
4.918 0.993206
4.919 0.994283
4.92 0.996448
4.921 0.996241
4.922 0.993493
4.923 0.991981
4.924 0.991452
4.925 0.992487
4.926 0.991209
4.927 0.992627
4.928 0.993117
4.929 0.993889
4.93 0.994071
4.931 0.990188
4.932 0.98887
4.933 0.988598
4.934 0.987674
4.935 0.988386
4.936 0.988097
4.937 0.988831
4.938 0.988958
4.939 0.987777
4.94 0.987148
4.941 0.986207
4.942 0.983885
4.943 0.984842
4.944 0.985251
4.945 0.985134
4.946 0.984272
4.947 0.985375
4.948 0.98489
4.949 0.987682
4.95 0.985487
4.951 0.986108
4.952 0.985545
4.953 0.987625
4.954 0.986464
4.955 0.989178
4.956 0.985594
4.957 0.985137
4.958 0.985643
4.959 0.985865
4.96 0.987356
4.961 0.987284
4.962 0.98724
4.963 0.986335
4.964 0.987159
4.965 0.984591
4.966 0.987726
4.967 0.987993
4.968 0.984139
4.969 0.984446
4.97 0.986718
4.971 0.987419
4.972 0.989321
4.973 0.988201
4.974 0.987869
4.975 0.984717
4.976 0.985088
4.977 0.98361
4.978 0.98363
4.979 0.985454
4.98 0.986735
4.981 0.986467
4.982 0.987495
4.983 0.985123
4.984 0.984686
4.985 0.988752
4.986 0.987377
4.987 0.984638
4.988 0.98635
4.989 0.986453
4.99 0.986825
4.991 0.985298
4.992 0.98717
4.993 0.98677
4.994 0.985553
4.995 0.984947
4.996 0.985396
4.997 0.990514
4.998 0.987309
4.999 0.987459
5 0.987647
5.001 0.986639
5.002 0.988377
5.003 0.985089
5.004 0.984326
5.005 0.987338
5.006 0.987341
5.007 0.987295
5.008 0.989067
5.009 0.990557
5.01 0.987701
5.011 0.985591
5.012 0.989094
5.013 0.987335
5.014 0.985342
5.015 0.984761
5.016 0.982342
5.017 0.983522
5.018 0.9834
5.019 0.981898
5.02 0.980916
5.021 0.980596
5.022 0.9841
5.023 0.986483
5.024 0.987118
5.025 0.985005
5.026 0.984828
5.027 0.985157
5.028 0.986932
5.029 0.988393
5.03 0.98807
5.031 0.987745
5.032 0.98724
5.033 0.985318
5.034 0.985096
5.035 0.985654
5.036 0.984987
5.037 0.982471
5.038 0.982591
5.039 0.983886
5.04 0.982903
5.041 0.98467
5.042 0.98171
5.043 0.985013
5.044 0.982631
5.045 0.981748
5.046 0.980696
5.047 0.981137
5.048 0.982158
5.049 0.981374
5.05 0.983681
5.051 0.982412
5.052 0.979519
5.053 0.979038
5.054 0.977539
5.055 0.978084
5.056 0.976709
5.057 0.977101
5.058 0.974621
5.059 0.974611
5.06 0.976412
5.061 0.977195
5.062 0.978368
5.063 0.981379
5.064 0.982769
5.065 0.98202
5.066 0.979415
5.067 0.978014
5.068 0.977772
5.069 0.980313
5.07 0.979243
5.071 0.978995
5.072 0.97677
5.073 0.977193
5.074 0.98032
5.075 0.980232
5.076 0.982071
5.077 0.977424
5.078 0.978234
5.079 0.975402
5.08 0.975257
5.081 0.976799
5.082 0.975537
5.083 0.977011
5.084 0.977228
5.085 0.979256
5.086 0.978861
5.087 0.977007
5.088 0.975073
5.089 0.978082
5.09 0.975966
5.091 0.978493
5.092 0.97813
5.093 0.980417
5.094 0.97944
5.095 0.976597
5.096 0.976044
5.097 0.979515
5.098 0.974499
5.099 0.976823
5.1 0.976709
5.101 0.971907
5.102 0.97274
5.103 0.971724
5.104 0.973118
5.105 0.974257
5.106 0.97628
5.107 0.9741
5.108 0.974945
5.109 0.977991
5.11 0.974395
5.111 0.972728
5.112 0.972347
5.113 0.971383
5.114 0.971201
5.115 0.972198
5.116 0.970674
5.117 0.973137
5.118 0.974055
5.119 0.970856
5.12 0.970409
5.121 0.97394
5.122 0.972046
5.123 0.973666
5.124 0.973459
5.125 0.972437
5.126 0.974706
5.127 0.972306
5.128 0.97215
5.129 0.972166
5.13 0.97032
5.131 0.971655
5.132 0.970601
5.133 0.970253
5.134 0.969424
5.135 0.970594
5.136 0.969167
5.137 0.967413
5.138 0.966998
5.139 0.96765
5.14 0.968436
5.141 0.967818
5.142 0.967275
5.143 0.970387
5.144 0.969488
5.145 0.968373
5.146 0.968056
5.147 0.970597
5.148 0.970423
5.149 0.970632
5.15 0.968538
5.151 0.969574
5.152 0.968575
5.153 0.97039
5.154 0.973841
5.155 0.974795
5.156 0.977115
5.157 0.972909
5.158 0.973292
5.159 0.972117
5.16 0.97159
5.161 0.969476
5.162 0.967825
5.163 0.969063
5.164 0.96952
5.165 0.969038
5.166 0.972619
5.167 0.968709
5.168 0.969903
5.169 0.968428
5.17 0.971169
5.171 0.96792
5.172 0.968378
5.173 0.967182
5.174 0.965646
5.175 0.964294
5.176 0.969301
5.177 0.969597
5.178 0.971184
5.179 0.966974
5.18 0.966929
5.181 0.968654
5.182 0.966575
5.183 0.967693
5.184 0.964128
5.185 0.965773
5.186 0.965596
5.187 0.966199
5.188 0.967075
5.189 0.969028
5.19 0.967952
5.191 0.966554
5.192 0.964564
5.193 0.966483
5.194 0.96748
5.195 0.966974
5.196 0.966339
5.197 0.966826
5.198 0.970075
5.199 0.965395
5.2 0.966022
5.201 0.969309
5.202 0.969097
5.203 0.969382
5.204 0.967997
5.205 0.969436
5.206 0.969113
5.207 0.966496
5.208 0.967667
5.209 0.969439
5.21 0.967341
5.211 0.967091
5.212 0.963746
5.213 0.963583
5.214 0.961209
5.215 0.959426
5.216 0.964972
5.217 0.963993
5.218 0.963867
5.219 0.964449
5.22 0.964706
5.221 0.961851
5.222 0.961763
5.223 0.962703
5.224 0.963979
5.225 0.963501
5.226 0.963288
5.227 0.96066
5.228 0.964886
5.229 0.962664
5.23 0.963955
5.231 0.962554
5.232 0.964585
5.233 0.961294
5.234 0.963065
5.235 0.962614
5.236 0.962029
5.237 0.961132
5.238 0.959099
5.239 0.959922
5.24 0.961052
5.241 0.957732
5.242 0.961478
5.243 0.959993
5.244 0.959387
5.245 0.958825
5.246 0.957009
5.247 0.960855
5.248 0.959949
5.249 0.959183
5.25 0.956771
5.251 0.960113
5.252 0.959689
5.253 0.958963
5.254 0.958991
5.255 0.961763
5.256 0.961205
5.257 0.960188
5.258 0.960689
5.259 0.961007
5.26 0.962909
5.261 0.961999
5.262 0.962168
5.263 0.958549
5.264 0.958152
5.265 0.958883
5.266 0.959236
5.267 0.957859
5.268 0.95663
5.269 0.957988
5.27 0.955933
5.271 0.955707
5.272 0.958161
5.273 0.95506
5.274 0.95628
5.275 0.95581
5.276 0.956806
5.277 0.956319
5.278 0.957314
5.279 0.958497
5.28 0.960169
5.281 0.959432
5.282 0.960651
5.283 0.96215
5.284 0.961581
5.285 0.95955
5.286 0.961194
5.287 0.961541
5.288 0.959007
5.289 0.963896
5.29 0.964027
5.291 0.960349
5.292 0.959167
5.293 0.958428
5.294 0.955685
5.295 0.958423
5.296 0.955428
5.297 0.953743
5.298 0.954302
5.299 0.954833
5.3 0.955921
5.301 0.953646
5.302 0.953856
5.303 0.953371
5.304 0.95347
5.305 0.95388
5.306 0.955476
5.307 0.955557
5.308 0.954673
5.309 0.953429
5.31 0.953481
5.311 0.953369
5.312 0.952775
5.313 0.953255
5.314 0.956628
5.315 0.955417
5.316 0.95549
5.317 0.954178
5.318 0.95559
5.319 0.956019
5.32 0.955289
5.321 0.954969
5.322 0.954061
5.323 0.953478
5.324 0.956989
5.325 0.955731
5.326 0.956242
5.327 0.954265
5.328 0.954285
5.329 0.955956
5.33 0.956231
5.331 0.954348
5.332 0.953376
5.333 0.955529
5.334 0.953481
5.335 0.953905
5.336 0.951992
5.337 0.954091
5.338 0.952999
5.339 0.954368
5.34 0.953775
5.341 0.953466
5.342 0.956079
5.343 0.954237
5.344 0.954471
5.345 0.955004
5.346 0.95408
5.347 0.952998
5.348 0.952495
5.349 0.950409
5.35 0.949492
5.351 0.950168
5.352 0.949616
5.353 0.949191
5.354 0.951309
5.355 0.950529
5.356 0.951941
5.357 0.955204
5.358 0.957641
5.359 0.95429
5.36 0.953784
5.361 0.954447
5.362 0.954348
5.363 0.954546
5.364 0.955503
5.365 0.955491
5.366 0.956305
5.367 0.955646
5.368 0.952893
5.369 0.9545
5.37 0.953282
5.371 0.953432
5.372 0.954915
5.373 0.95533
5.374 0.955487
5.375 0.956778
5.376 0.955222
5.377 0.952343
5.378 0.951938
5.379 0.953191
5.38 0.953794
5.381 0.951952
5.382 0.954818
5.383 0.95348
5.384 0.954155
5.385 0.953807
5.386 0.954133
5.387 0.953575
5.388 0.952593
5.389 0.950748
5.39 0.950843
5.391 0.951191
5.392 0.950105
5.393 0.952076
5.394 0.951126
5.395 0.951299
5.396 0.950433
5.397 0.951694
5.398 0.950707
5.399 0.950336
5.4 0.950174
5.401 0.947149
5.402 0.950123
5.403 0.953698
5.404 0.949781
5.405 0.950303
5.406 0.948983
5.407 0.947973
5.408 0.949729
5.409 0.9489
5.41 0.949583
5.411 0.951957
5.412 0.949916
5.413 0.946477
5.414 0.948298
5.415 0.948575
5.416 0.949161
5.417 0.948431
5.418 0.947039
5.419 0.949575
5.42 0.950987
5.421 0.95239
5.422 0.949672
5.423 0.948243
5.424 0.950154
5.425 0.94916
5.426 0.947989
5.427 0.948381
5.428 0.949081
5.429 0.950039
5.43 0.949683
5.431 0.949766
5.432 0.949283
5.433 0.950681
5.434 0.949227
5.435 0.950447
5.436 0.951403
5.437 0.951554
5.438 0.952254
5.439 0.953362
5.44 0.952606
5.441 0.952971
5.442 0.952709
5.443 0.951976
5.444 0.951443
5.445 0.951024
5.446 0.950539
5.447 0.951907
5.448 0.95001
5.449 0.95226
5.45 0.950729
5.451 0.947983
5.452 0.952474
5.453 0.950495
5.454 0.950588
5.455 0.949467
5.456 0.950874
5.457 0.950269
5.458 0.948899
5.459 0.94828
5.46 0.950117
5.461 0.952011
5.462 0.950493
5.463 0.951148
5.464 0.950905
5.465 0.950713
5.466 0.95151
5.467 0.949952
5.468 0.9488
5.469 0.952744
5.47 0.951181
5.471 0.949735
5.472 0.94935
5.473 0.950292
5.474 0.951637
5.475 0.951478
5.476 0.950447
5.477 0.950491
5.478 0.949929
5.479 0.950603
5.48 0.949868
5.481 0.948747
5.482 0.948993
5.483 0.952024
5.484 0.948579
5.485 0.949007
5.486 0.951356
5.487 0.949843
5.488 0.949609
5.489 0.949402
5.49 0.948713
5.491 0.948999
5.492 0.949678
5.493 0.949944
5.494 0.9495
5.495 0.949347
5.496 0.947315
5.497 0.948561
5.498 0.947441
5.499 0.948549
5.5 0.947908
5.501 0.948262
5.502 0.949198
5.503 0.950359
5.504 0.952141
5.505 0.950782
5.506 0.950101
5.507 0.94828
5.508 0.947497
5.509 0.947733
5.51 0.947654
5.511 0.947225
5.512 0.946419
5.513 0.946572
5.514 0.947741
5.515 0.947441
5.516 0.948285
5.517 0.946319
5.518 0.946423
5.519 0.94768
5.52 0.948409
5.521 0.949149
5.522 0.951505
5.523 0.949315
5.524 0.951896
5.525 0.950086
5.526 0.950718
5.527 0.951893
5.528 0.95135
5.529 0.95051
5.53 0.949809
5.531 0.950942
5.532 0.950164
5.533 0.950304
5.534 0.950475
5.535 0.951279
5.536 0.951015
5.537 0.951209
5.538 0.94765
5.539 0.950099
5.54 0.948515
5.541 0.950501
5.542 0.949647
5.543 0.949969
5.544 0.946557
5.545 0.949218
5.546 0.949324
5.547 0.949952
5.548 0.95034
5.549 0.949173
5.55 0.950564
5.551 0.9501
5.552 0.949222
5.553 0.950568
5.554 0.949114
5.555 0.950375
5.556 0.949508
5.557 0.949359
5.558 0.947658
5.559 0.945465
5.56 0.947166
5.561 0.948639
5.562 0.946887
5.563 0.948064
5.564 0.950251
5.565 0.949771
5.566 0.950572
5.567 0.951829
5.568 0.951202
5.569 0.950587
5.57 0.947607
5.571 0.947226
5.572 0.9497
5.573 0.948906
5.574 0.949499
5.575 0.949091
5.576 0.94999
5.577 0.948433
5.578 0.94952
5.579 0.949069
5.58 0.949199
5.581 0.947438
5.582 0.94725
5.583 0.94907
5.584 0.946839
5.585 0.948803
5.586 0.950666
5.587 0.947574
5.588 0.946921
5.589 0.950311
5.59 0.948053
5.591 0.949543
5.592 0.949105
5.593 0.947749
5.594 0.949821
5.595 0.949643
5.596 0.949804
5.597 0.949521
5.598 0.948404
5.599 0.947382
5.6 0.947958
5.601 0.949578
5.602 0.948362
5.603 0.947501
5.604 0.948078
5.605 0.950817
5.606 0.949507
5.607 0.946664
5.608 0.94496
5.609 0.944406
5.61 0.945601
5.611 0.944629
5.612 0.94862
5.613 0.949092
5.614 0.948211
5.615 0.948084
5.616 0.951242
5.617 0.949039
5.618 0.948606
5.619 0.95012
5.62 0.950092
5.621 0.950062
5.622 0.948843
5.623 0.949851
5.624 0.948676
5.625 0.946328
5.626 0.945752
5.627 0.945362
5.628 0.946827
5.629 0.945707
5.63 0.946808