26.6235 -24.3373
61.2686 35.4443
-37.2141 22.7591
-40.1218 32.1068
3.254 14.3597
14.8896 60.3762
-9.78063 39.7032
53.467 60.6857
-43.4561 -42.0951
-54.4338 47.1874
-34.4501 53.4569
0.870869 58.9935
11.1516 43.8525
-37.2712 30.7613
19.2965 -26.879
-52.7992 -63.157
13.5579 30.3787
-11.4452 20.2302
-59.5392 -36.0648
-54.7854 43.9564
2.56345 20.5543
-11.1783 -52.2871
30.411 31.8885
-35.5075 6.65457
-35.4033 37.8223
-54.2984 -53.1219
-42.3201 -33.1604
-19.0892 62.2512
45.2231 51.1015
-35.0072 41.0199
-38.6722 52.4759
17.2162 38.9225
31.5499 -55.1597
1.57746 17.4325
-34.3957 -32.9168
-62.3032 -37.893
-10.71 48.1159
28.0822 3.61443
54.6277 10.6596
51.3629 -11.277
46.3401 16.4076
13.191 -42.4529
-54.8828 -61.2344
-39.1689 8.81115
-27.632 2.41622
-29.8112 32.5743
-1.7793 56.6678
-1.57286 -46.3397
-12.7001 -32.7123
-60.0042 42.7488
58.8704 -7.23869
3.79976 -12.1205
-8.82634 -34.0751
-42.8181 45.8508
-23.6744 -26.3753
-48.9741 30.0879
-28.0159 -49.1478
-62.5243 51.1209
-4.99348 -27.4255
-33.5868 60.6877
-60.5252 -45.5837
-42.7039 62.3915
-51.7361 -16.5505
19.7042 52.5151
56.92 23.8191
-57.8013 -47.3103
63.0647 -41.1214
-48.2945 -6.92756
-39.226 -55.6453
18.0265 20.5623
20.4995 -0.564305
3.69099 28.1558
-24.8119 -11.4892
4.98771 -56.6674
-34.5439 27.9283
15.3251 2.21884
-59.3773 24.2787
22.9205 2.02601
-17.255 -53.8038
56.0587 -53.758
-27.5735 -54.8266
-43.5621 29.565
35.295 -19.3801
-18.5502 -16.8589
-17.187 31.7354
-49.3463 25.9148
56.9978 48.4676
-30.2168 -1.97631
36.0252 -6.1944
34.5159 -32.3609
62.8509 47.1427
-54.4983 -12.26
41.792 -25.3686
-62.4372 -59.5647
-53.678 23.9344
-3.86001 14.04
46.1503 -52.9717
-1.42396 -49.8228
16.4356 -61.3676
26.3645 -18.8276
45.577 43.0815
-4.49017 4.05491
22.6257 -52.4215
45.9814 2.37435
-41.3122 -44.6765
-20.4251 -47.1787
-14.7338 22.5793
0.800422 12.0131
-40.2156 -14.039
18.702 -53.5166
19.4633 -39.6676
35.9024 59.4653
-0.411754 -39.3863
-23.7712 -57.0456
47.9946 -62.5425
49.9284 24.6819
-44.2902 -58.3007
57.984 20.3905
-24.7839 -18.3215
-23.942 -0.279632
59.6926 -27.7905
10.7482 -15.5726
18.6762 -22.4259
17.9478 57.121
-15.8885 9.02958
-16.8299 39.8575
-53.4759 -56.4678
-58.1752 20.6731
34.7403 -14.5165
44.9428 20.073
-12.3747 11.0767
49.3157 -17.0813
-45.9454 46.0862
-17.4666 44.4882
47.9271 -25.9065
-48.336 -51.148
53.5659 4.78335
-44.6281 9.9482
-48.9599 -58.6516
-2.57197 -1.94107
60.1702 46.3231
41.169 -16.2383
-27.733 -10.2904
10.7847 -30.0642
-5.68554 52.3639
0.897556 24.1904
28.0953 -6.57797
56.2037 -39.5834
12.0389 -35.4411
3.05642 -45.9095
-13.4645 6.91989
46.0108 -30.8086
-56.6222 39.5822
56.3481 57.6515
38.5745 -8.60288
30.1645 40.6941
-58.1144 29.2241
-14.7632 -10.1545
-21.225 23.6215
62.4581 -24.91
36.2986 -23.2167
-2.2151 -5.57351
-36.9866 -8.62051
51.5027 -2.0612
51.9603 -5.50133
52.2095 -42.9734
7.65216 37.5
-57.3872 -57.2871
-41.331 12.1317
47.9299 57.522
-57.0188 59.5176
16.5531 10.7393
-54.8134 -15.737
-59.4708 56.1291
-20.9271 -50.8167
-5.32345 0.158739
9.90169 -49.8437
-56.0676 3.02141
48.2432 -8.02104
45.1909 -27.2864
-37.9458 11.5688
-30.6247 7.72665
-50.4161 20.3308
-2.56243 -56.6394
20.8067 -45.1138
-11.6364 -45.9495
-32.9188 -42.4151
-33.464 -12.5769
34.3348 33.5138
-56.6012 -27.74
-62.2475 19.2985
-55.9746 55.1092
32.601 12.9304
19.4394 23.4311
-55.7772 -50.6724
35.1655 -10.163
8.24468 4.57231
34.637 22.7431
-8.6124 53.0372
-17.7342 -19.8704
61.6799 13.1927
37.7856 45.4529
-31.8169 23.9775
56.7675 8.29973
46.8237 -35.6126
-55.5862 -4.00367
62.4612 31.7724
21.5475 -19.6695
-12.0868 -42.6253
-20.2669 3.81637
43.733 38.1907
-37.3951 47.9767
46.8641 -41.4086
28.8726 -58.0354
-21.8604 -41.5031
15.0694 44.7318
2.59158 -2.90446
-34.9922 -26.4424
-13.5849 -1.90284
16.1867 -29.545
2.26824 9.22229
-32.9066 -59.5023
-48.8218 -16.7638
-9.74329 27.4806
45.3163 13.2484
-49.0181 -48.007
-38.4601 1.19144
-19.8398 -44.2593
-1.83136 21.6849
14.8912 -16.5945
12.5817 -62.8814
-47.1525 56.5524
-13.8078 48.0461
-60.1073 -1.69434
7.51879 -0.769494
-10.9861 -48.7418
35.9182 -52.691
3.54884 -53.2692
-63.2367 39.2284
52.4981 -14.4601
49.1796 11.3702
25.8099 -61.3366
-60.6195 -55.6744
-26.2302 24.1644
48.4466 -44.3749
-4.17612 -48.7076
29.0276 -15.7132
-16.7126 25.4814
53.0076 -28.3995
17.9959 6.98787
38.5944 52.5366
-36.0038 -56.1435
-22.0271 49.3899
-60.0297 33.4823
-13.6653 -22.9944
-30.6162 61.3794
-25.768 16.7075
37.0029 -39.5756
16.2015 -44.3293
-25.3249 -44.7019
48.4482 4.84896
-1.35917 31.3039
4.48614 17.3353
-8.51781 12.0014
-21.7903 15.4712
-31.0536 -28.995
39.6835 56.4351
-16.3723 -62.7072
-44.405 19.3569
-2.75637 -43.4811
-20.7471 -12.6335
-62.5627 -33.182
34.4004 44.2552
24.3342 54.6739
-10.8602 -28.9017
24.9449 58.698
16.8583 31.5325
4.9782 45.2862
-1.31496 16.3894
3.26322 -7.55623
-32.1339 40.0484
62.7582 57.7931
-50.0528 39.7396
22.173 -56.8033
59.0659 -10.2206
7.69477 49.279
-46.2454 -14.9457
-0.106769 -54.1612
-48.8321 6.20728
16.3128 24.3854
48.7756 -55.9775
23.1588 -41.6074
17.5916 -14.4489
-22.6448 -29.7702
61.2317 -47.7206
-50.7583 0.228707
52.3247 -38.5473
48.4043 0.0415168
55.8577 -30.7551
30.5988 22.8111
0.470838 -0.343875
-17.9653 -2.3866
-47.6153 50.2102
36.3355 -26.718
-30.1146 -21.493
-31.6952 -55.6467
-39.1436 18.3052
20.282 -36.0745
40.8616 62.1663
32.2341 -58.5263
21.9715 -27.7096
37.7348 17.532
16.5269 50.6304
1.02733 -24.9802
55.0644 13.7245
-17.352 -14.1239
3.97639 51.5146
35.3815 9.94084
-22.2426 19.5773
14.8151 -48.2458
-31.9482 50.3036
-33.2278 -35.7608
23.102 24.358
20.3078 61.7736
17.4292 -4.31446
-41.894 21.1395
-26.432 33.351
20.4477 27.024
-19.5292 26.9604
-7.34099 36.025
-13.7559 -60.2819
-25.8219 -28.2449
-30.9151 -9.82654
-59.4651 -39.1974
-44.1192 -0.436751
-35.26 9.68565
-25.5473 -52.7397
62.4679 -56.9188
41.2638 -7.374
8.57518 -38.3778
60.7139 -36.7937
-50.4418 -44.5125
9.31378 -43.9734
61.0611 -32.3565
-53.0327 27.1472
20.3754 30.3363
-3.78769 25.6973
5.93092 -15.3775
-43.3558 -18.4251
56.9936 27.9413
-21.9483 -15.6427
14.8741 -26.8574
24.8963 12.3881
33.226 60.7404
-9.06109 59.8152
-53.4096 -27.2428
23.5726 36.8367
-2.40222 52.0482
3.53317 42.8352
45.181 -3.7884
-27.6533 -5.30967
11.4802 -26.4401
27.1542 -11.4332
-31.287 54.2927
8.10717 -18.6398
50.6697 52.2292
42.8672 17.471
17.9956 41.7664
21.0309 43.5255
-2.55697 48.6417
25.9121 18.3884
24.3432 -34.2654
-15.5609 59.7126
-6.46187 -52.9255
25.1209 -57.8538
53.0236 29.603
-58.2859 -17.1425
-54.8916 -8.29405
15.3422 -20.0938
-62.7914 -21.8804
-19.0109 -41.4947
-20.7666 -4.34754
-6.50843 -12.3151
6.79141 41.2438
-56.3057 17.6019
-57.2774 -42.2345
-50.0924 -2.94617
-35.5321 19.4857
-56.2241 31.572
34.5466 -0.83165
41.7353 33.4266
-1.55072 3.9193
29.9395 18.1325
-48.4265 -20.8273
9.82061 22.9429
5.43519 -23.2152
-20.9326 37.1035
-47.2233 -45.3471
-18.2776 -8.66129
-19.6154 10.1793
-19.9946 -34.2158
58.1657 -48.1769
61.0746 2.09517
32.7561 -51.6873
3.0087 56.987
45.2017 -11.7633
-15.6381 56.703
-46.7273 3.89246
59.9617 -2.81711
-13.939 -13.8934
-18.6984 13.8232
5.18715 54.8872
-26.1578 44.8341
-22.1791 -10.0797
-37.7241 55.9692
38.3022 -29.876
-8.06722 7.94467
49.9023 -50.3865
0.0695247 53.9469
-54.5536 20.4182
-15.8493 52.5905
59.9291 56.9243
42.0791 -39.7374
-62.5741 54.7173
-31.8733 -14.99
-23.7171 39.3695
5.67083 9.13841
-59.5112 -32.9983
-25.4511 20.6383
57.4044 41.293
10.635 -6.14505
39.269 -34.4844
-24.691 9.4974
-8.76923 23.2409
-59.302 6.98288
48.1741 40.7001
-39.8423 -60.1239
36.8202 -43.131
31.8445 -18.2943
18.5981 -47.4658
12.7853 -46.0621
-0.844432 40.1282
3.2019 -37.6925
-48.5094 62.8658
55.5497 -17.3402
-8.74657 -41.3236
53.3426 36.5097
42.3245 -61.4133
16.6687 17.3595
15.5395 35.5047
-41.8509 15.2054
-51.4244 -20.6384
-37.6145 -4.978
36.3163 -49.6587
-7.45859 -38.5303
49.3871 -21.0421
12.3062 -57.7496
2.0018 -30.2558
-42.4582 51.0838
19.7508 16.2164
0.927619 -13.0181
38.3229 40.2256
5.82383 61.8868
25.1119 27.8163
25.6883 -15.1249
-39.0821 -47.6279
-37.3694 25.9909
-62.1161 -15.2934
-3.42695 -33.3688
32.0489 -12.5422
56.5224 -20.8209
31.88 -29.3971
38.8137 -13.3024
54.9674 -36.9132
3.87564 23.1929
0.414947 44.1113
-26.3764 -1.9151
-5.54811 10.8443
-36.5637 -1.23324
-26.5672 56.3471
-23.3401 26.1249
-16.3611 -38.7584
7.26729 -52.5084
-46.3246 36.0884
26.84 32.1267
-3.69156 -13.3079
-49.9875 33.4166
-15.1597 -35.0513
4.0463 -34.3449
42.9243 -31.3277
-38.5155 36.8023
8.23907 -12.1483
21.136 40.4536
-11.4666 30.4169
-20.7016 -59.0374
-6.55128 18.1139
-56.9163 35.5117
-7.41742 -17.477
-41.296 56.7915
-4.29804 6.91735
39.3047 -58.0681
58.0233 -61.1354
-15.972 -58.4779
-42.5144 -21.6269
1.31736 -59.3829
51.13 18.026
-2.1408 -59.7549
0.964407 28.8618
-45.1175 -6.53207
10.9082 56.3137
-30.0903 16.4868
20.2371 3.11256
47.6932 37.2362
60.8188 49.8402
-60.7403 15.4567
-7.03585 49.7747
56.9438 -26.5592
-54.7334 -35.7815
36.1604 55.022
62.5349 4.67358
26.6728 -46.3003
-42.5514 -53.1441
2.55303 39.799
-12.2819 62.4755
-20.5382 -55.5578
-52.9609 -41.4563
-23.3383 -21.0572
-58.6872 11.5663
49.9865 30.7084
-8.0874 3.98453
10.1322 9.55042
-35.1134 -39.8424
-12.0725 14.1555
53.6014 51.4898
-12.6121 57.572
51.7017 55.5689
-51.424 -7.55086
35.9003 36.7981
19.2394 -31.6597
22.1956 34.2222
-3.88056 38.9779
53.3411 24.7943
-53.0279 -23.2798
-1.56552 8.44382
-22.5214 7.2029
17.3177 -34.5655
52.8632 -61.7558
7.06525 21.0444
36.9958 30.4587
61.4378 52.7218
35.8672 62.9477
29.6755 61.3191
63.0386 -0.335288
-53.72 -1.08853
50.499 27.7807
17.1783 13.617
45.4977 29.6221
-35.6295 2.23808
-8.14404 -25.9605
-23.1636 32.8774
-9.06757 44.3382
58.2287 44.2874
24.8747 -49.0255
-15.1497 13.4586
-11.2566 36.2171
50.704 59.1879
-28.1613 -44.9669
32.7956 -26.372
30.0536 -2.82448
15.7129 -55.9005
-19.9269 46.2669
1.98449 2.53634
-48.901 53.0051
-38.934 -17.9654
62.8806 -12.5197
23.5615 15.9856
-18.7201 -31.1205
51.8813 7.51591
9.42304 28.5539
-42.6617 -48.0232
-31.1206 -62.1551
44.0762 -57.4213
39.5186 9.82549
-40.1928 -30.2018
7.35568 -8.64901
-53.8272 58.6788
7.62322 -46.3083
-28.4947 50.342
43.4355 57.386
-38.6862 -41.7248
27.2133 -55.7108
-19.1822 58.2937
-46.219 14.0644
1.36776 -49.7802
-29.9177 35.7465
27.2988 56.5689
-62.276 -48.2157
11.9891 3.8835
2.71749 5.53569
14.3318 -12.7355
13.9915 47.5657
24.3556 62.3268
-7.19917 -31.7076
6.64923 -59.1416
-47.4749 -35.4182
-60.9009 60.3615
21.234 55.7856
18.8142 -8.08685
-52.0139 56.2033
-31.989 44.311
-41.2005 -38.4172
60.4438 -14.9829
21.6357 13.4979
-28.689 -58.0256
45.1136 62.1197
44.6673 8.91031
30.8014 2.31284
25.1582 -39.1792
5.47942 -2.98575
-56.2115 -30.9848
9.53036 13.4488
41.0428 1.243
-36.8746 61.6914
35.4955 -56.2871
-30.5306 28.244
-40.8058 5.25717
-13.9319 -53.6273
53.7034 45.3505
59.0798 17.6194
-42.2179 -25.6753
29.9783 -23.9192
-41.6973 35.038
-41.8543 2.2979
-60.0809 2.36342
-60.6073 36.6836
35.0451 15.0457
-27.5178 -14.1616
-9.4993 -7.13821
-45.352 -39.8294
11.4362 -19.4761
-25.7082 -33.1144
30.9995 51.0088
35.3366 49.4856
39.2506 -62.013
-50.2563 14.4854
54.9231 17.8631
-15.7854 -4.89876
47.1304 -48.8483
-28.2667 13.3718
-59.821 48.2898
57.2446 -4.67002
-41.3555 38.8858
-12.4115 1.44221
-12.3504 -17.1997
17.7666 60.3072
-31.5039 58.4707
59.0508 -56.6964
-41.6715 26.3207
-34.6588 -50.5827
52.3203 20.6475
54.06 -58.2746
43.4852 45.3666
25.4966 47.458
-61.6494 12.2747
-30.7561 -46.2272
60.8984 61.4282
39.6583 -1.80952
-14.1795 -47.4182
28.7785 -44.0193
-7.18597 -60.4003
6.36895 24.89
11.1574 50.8395
43.7924 -49.3718
4.64844 37.478
59.2484 -19.7022
31.6611 5.3266
43.5212 -43.8063
-43.2606 7.31236
-12.6561 39.8669
-27.6223 29.0288
-19.464 18.8977
-10.2396 -61.5149
-58.2445 -13.2515
59.5845 -40.5843
17.4723 47.8447
-44.0761 58.1001
1.22302 -43.1571
57.1539 36.3898
42.0738 14.259
-7.59022 32.1743
-34.4335 -21.9632
25.0659 40.8262
13.5548 27.1531
-5.33809 23.1788
34.0717 39.8672
3.73547 34.5946
61.7958 -9.0618
22.6811 -14.5136
4.11803 0.597518
13.0149 38.5323
14.9484 -7.54749
-19.7881 -38.1258
-26.904 60.0275
-61.931 -62.8001
41.3317 23.4563
49.77 -47.1775
-54.6392 -46.1408
-35.2245 46.0754
-26.9226 -25.2366
31.3153 56.4599
-9.32876 16.4214
54.0988 41.1297
-58.1214 45.1459
40.9348 50.0884
-50.6962 43.2239
46.4432 -14.7572
-38.1207 -11.5969
12.8346 -53.769
53.8432 -22.8755
22.4177 -7.74747
13.166 33.2048
-37.1805 -52.7663
30.8793 -33.0777
45.0703 5.45473
-45.5385 -28.3035
-54.422 36.9633
30.3659 44.2736
-26.4065 -36.1955
31.4891 -37.0247
-50.0983 -29.1808
61.0644 8.29235
-36.2458 16.198
48.8796 -29.2466
32.7332 -4.2426
-11.7935 51.1118
-44.4627 43.1199
-62.7569 25.0792
47.1504 23.5716
-20.2788 -23.5486
9.11743 31.7199
14.4844 -33.6067
-47.2039 42.0014
21.1974 6.56846
-53.3134 6.35078
16.1591 -50.8188
4.61112 -49.5051
32.3248 -21.3367
-17.1848 34.563
-20.0636 31.4786
-13.604 25.5488
-4.94137 -36.0723
-6.4414 41.4942
40.2714 -55.2261
-36.7621 -45.3182
5.78155 -30.4106
42.8181 53.5599
-3.31827 -30.1325
-45.6386 -61.2947
50.6722 47.1531
-2.08396 11.4909
61.2925 -54.1389
-20.4258 42.99
-58.4986 -63.235
8.36804 58.5821
-7.14687 -3.99711
-4.05535 45.6699
-27.4627 37.2407
51.8404 2.18234
-46.8872 -23.5057
26.5268 37.2559
-35.6736 58.0089
-24.7422 -40.8673
-2.75209 -16.7467
11.5801 18.5607
-25.797 5.65403
-41.7174 -4.23779
-50.9238 -12.4275
53.6663 -48.6837
58.5162 52.9887
18.4086 -19.0652
-48.3803 -10.3307
-28.6011 46.5734
-30.0995 -24.7737
46.4982 34.3693
48.1598 -4.79349
-23.3602 62.6664
56.9582 -43.7318
-61.3611 -51.8347
32.8638 -47.6773
-37.0611 -30.5347
-38.1702 43.3317
-39.3217 -33.745
-26.0579 48.3354
36.4423 26.3558
16.2565 -40.3704
-52.7934 -49.2348
-51.3724 8.82913
-39.5294 -21.6966
-56.7818 -0.872881
60.6246 23.7851
