0.564758 -0.208691
0.0586169 0.187392
-0.196787 -0.029365
0.0784078 0.305893
0.247844 0.0246636
-0.416503 0.0271678
-0.133764 0.0468362
0.299676 -0.688358
-0.38349 -0.291232
-0.237915 0.188307
0.200574 0.201545
-0.284901 -0.171096
0.0898603 0.322132
-0.0669686 -0.538457
0.119037 0.0512839
0.198884 0.213575
0.029185 0.0117554
-0.112072 -0.240557
0.417209 -0.112999
-0.322574 0.56739
0.151169 -0.0933978
0.219086 0.19197
-0.124571 0.444006
-0.52136 0.0868099
0.165696 0.214282
0.237313 -0.171688
-0.409846 0.25846
0.00788058 0.150389
-0.219788 0.249224
0.130299 0.208118
0.0448474 -0.00246988
-0.234988 0.0656774
0.437041 0.529948
0.375276 -0.357155
0.275001 -0.249435
-0.15651 0.0949832
0.212059 0.0992052
-0.190616 -0.0649821
0.150837 0.311866
0.271954 0.0205899
-0.214735 -0.136056
0.175837 -0.0319059
-0.186542 -0.102388
0.266891 0.426529
0.165809 0.198415
-0.143131 -0.176913
-0.222796 0.0632307
-0.0703413 0.401438
-0.170683 0.0434259
0.0945465 0.038936
0.300926 -0.159569
0.0335535 0.00402789
-0.08466 0.145728
-0.154529 -0.409576
-0.0237173 0.113514
-0.335386 0.318524
0.0630263 0.0205434
-0.154891 0.0302706
-0.0334352 -0.183681
-0.0397722 -0.14131
-0.0636151 -0.295917
-0.22574 -0.149025
0.0533264 -0.268122
-0.144923 -0.037187
-0.00785066 0.775063
0.290385 0.0329521
0.445136 0.0527529
-0.117296 0.19523
0.306234 -0.129375
0.116436 -0.0695794
0.0418976 0.413171
-0.0620645 -0.114904
-0.108 -0.443459
0.141225 -0.387613
-0.103737 0.27537
-0.0947972 0.257445
-0.161241 -0.289471
0.13729 -0.3768
-0.359648 0.355331
0.134509 0.178131
0.196438 0.392392
0.0236669 -0.200122
-0.202438 0.237991
-0.0148402 -0.265277
-0.36251 0.019038
-0.187935 0.0427818
0.106708 0.0762628
0.156662 -0.17329
0.25571 0.23693
-0.198771 0.0529476
0.0798209 0.754434
-0.153103 0.0213976
0.181714 0.187148
-0.177336 -0.249172
0.254405 -0.353067
-0.0981329 0.0538646
0.187766 0.0723328
0.362202 0.266732
0.12511 0.18553
0.124109 0.247901
0.244019 -0.328709
-0.00558357 -0.174404
-0.649591 -0.4914
0.0858284 -0.335704
0.0236023 0.113262
-0.136316 0.0438201
0.121917 0.173284
0.0845118 -0.351655
-0.0247218 -0.0392376
-0.174471 -0.255316
0.175919 -0.04114
0.283903 0.194084
-0.0281326 0.0588305
-0.245233 0.350524
-0.11395 -0.235578
-0.469752 -0.0878242
-0.263935 0.297779
0.179299 0.0740744
0.206625 -0.368839
0.131734 0.0728824
0.0626575 -0.105865
0.387995 -0.0724214
0.0978963 0.292755
-0.168155 0.001763
-0.00197676 -0.18456
0.17729 -0.0142853
0.129323 -0.162719
0.298743 -0.0154755
0.124413 -0.334677
-0.0637812 -0.462108
-0.306582 0.233885
-0.111625 0.145637
0.184675 -0.161633
-0.141803 0.223516
-0.032623 0.275394
-0.518535 -0.0116934
0.0139801 -0.418686
0.138526 0.142033
0.179163 -0.274355
0.335713 -0.0238406
0.191149 -0.184691
-0.263636 0.0988246
0.0546168 -0.0951634
-0.272708 0.125158
-0.175602 0.221654
0.152648 0.122057
-0.105195 -0.277496
0.298177 -0.0712722
0.400032 0.173217
0.280745 0.141239
-0.295937 -0.270683
-0.27364 0.181707
-0.0988015 -0.0194842
-0.115827 0.32268
-0.157682 -0.0171992
-0.563978 0.0108225
-0.0218058 -0.00434673
0.505356 0.261727
-0.21173 0.31239
0.318843 0.0760659
-0.0772767 0.300235
0.041484 0.0194788
-0.231777 0.135612
-0.124075 0.0950854
0.173201 0.076877
-0.0747495 -0.0623223
-0.162039 -0.0223863
0.199765 0.0591635
0.00168702 -0.135801
0.282291 0.378735
-0.192614 0.090543
-0.199443 0.0877693
0.100302 -0.277426
-0.154219 0.145569
-0.020771 -0.17788
-0.0353439 0.171274
-0.252247 -0.135711
-0.0364913 0.356848
0.37628 0.478633
0.184351 -0.21194
0.0697606 -0.0598046
-0.0562291 -0.201492
-0.0563465 -0.493449
0.0788855 -0.0785688
-0.0306038 -0.199302
-0.2183 -0.212241
-0.0603636 0.256695
0.186352 -0.229212
-0.150246 0.339841
0.309901 0.148808
-0.0340583 -0.292607
-0.0285836 0.109437
-0.0427128 -0.134748
-0.023905 0.408066
-0.150148 -0.185159
0.11099 -0.236076
-0.0575925 -0.00884858
0.43393 0.105842
0.233374 -0.346842
0.034952 -0.0766072
-0.0617749 -0.266035
0.0149077 -0.0585033
-0.0545013 -0.0262661
-0.408137 0.0667284
0.322674 0.0554124
0.0313927 0.114066
0.564853 0.132316
0.124756 -0.224177
0.170115 0.13393
-0.0203494 -0.221951
0.0953281 -0.127816
-0.0610169 0.0661803
0.284745 -0.397996
0.0534208 -0.0353043
0.0111102 -0.398176
0.086381 -0.140449
-0.112806 -0.151944
0.0757596 0.457383
-0.397552 0.289589
0.132554 -0.66606
-0.209625 -0.286364
0.283125 0.0353881
0.360697 -0.0177921
-0.00218447 0.234186
0.162269 0.520305
0.0916379 -0.115848
0.169446 0.213958
0.00449413 0.208493
0.137413 -0.167837
-0.303796 -0.273397
-0.0616169 0.236268
-0.205093 0.295067
0.267042 0.456388
0.189221 0.0326567
0.192387 0.10383
0.195875 -0.498752
0.537209 -0.363267
-0.258729 0.509478
-0.0613686 0.542388
0.219855 0.11232
-0.154709 -0.260336
-0.187265 0.307329
-0.0327706 0.0681342
-0.101786 -0.0974341
-0.200807 0.0707145
-0.109475 0.101439
-0.156735 -0.583838
0.215361 -0.394111
-0.41924 0.028586
0.140695 -0.119427
0.123387 -0.0132046
-0.229883 0.0977218
-0.272202 -0.253866
-0.0850986 0.263778
0.268979 -0.315553
0.0652056 0.0038801
-0.702438 -0.753593
-0.163951 0.343816
0.304402 -0.08899
0.118109 -0.847997
-0.0664276 -0.218923
0.120735 -0.210403
0.432447 0.0349976
-0.272678 -0.102336
-0.0160547 0.285787
0.0682814 -0.0509035
0.117637 -0.285292
0.244322 0.0966523
-0.0485505 -0.0799105
0.130456 0.0910828
0.276727 0.448349
0.188227 -0.213376
-0.52272 -0.0147144
0.0406401 -0.0912246
-0.124504 0.15978
-0.290663 0.0140868
-0.180881 -0.389789
0.427341 0.0990621
-0.0715406 -0.295229
0.0212362 -0.120961
-0.0712446 0.0245875
-0.183915 0.251582
-0.139608 0.234574
0.0657156 0.140303
0.35629 -0.261371
-0.272779 -0.0918253
0.272942 0.10236
0.0847574 0.169031
0.0524832 -0.104819
-0.0903103 0.543526
0.0220384 0.216314
-0.0922528 0.44576
0.284707 0.101925
-0.0724468 -0.179373
-0.262034 -0.504561
-0.0851118 -0.123486
-0.121377 -0.0487196
-0.371826 0.00746073
0.114791 0.299874
0.54983 -0.0625286
-0.0153405 -0.359585
0.0615771 0.403347
0.0903055 -0.15078
-0.0791198 0.59373
0.0143128 -0.246374
-0.175194 0.15223
0.158065 0.474715
0.0919173 0.304549
0.351705 -0.186526
-0.062754 0.00355282
-0.105206 0.064474
0.0367553 0.0179228
-0.352923 0.109667
0.264268 0.0525174
0.099667 -0.0443648
0.13771 0.545894
0.497481 -0.0108539
-0.132361 -0.181173
0.0670708 0.140752
-0.0570452 -0.0279629
0.0978825 -0.294249
-0.0327589 0.00634806
0.169099 -0.318139
0.218197 -0.235859
0.342675 0.0644745
-0.442596 0.190585
-0.00560419 0.366802
-0.116754 -0.0621196
0.324673 -0.321749
0.166855 -0.432786
0.401602 0.417486
-0.256055 0.101071
-0.637909 0.132434
0.029772 -0.0529001
0.11691 -0.0279086
0.024622 0.108736
-0.25817 -0.480785
-0.03875 0.305028
0.131003 0.17375
0.161948 0.251217
0.00615578 0.109635
-0.681422 0.347197
0.0182567 0.116514
-0.211641 -0.288684
0.119278 -0.137866
0.255465 0.0254084
-0.239724 0.26483
-0.132444 -0.245438
0.154671 -0.0615167
0.000731051 -0.175789
0.0421362 0.277446
-0.153582 -0.0527554
-0.416985 0.223459
0.470776 0.206479
-0.0802013 0.136829
-0.338055 0.178476
0.0197555 -0.179134
-0.00106122 0.161923
0.194495 0.217797
-0.100501 -0.663365
0.235857 -0.15548
-0.424585 0.218435
-0.081098 -0.0397471
0.0117677 0.306133
0.203429 -0.00736392
0.234209 0.0188805
0.118724 0.456766
-0.143204 -0.386025
-0.217692 -0.237703
0.283302 -0.384978
-0.378595 0.473362
0.0751149 -0.628075
-0.676889 -0.862092
0.152088 0.461932
-0.184845 -0.407303
-0.0378813 -0.124654
-0.250733 -0.0482274
0.0993856 -0.305721
-0.358304 -0.113844
0.00320563 -0.114615
0.131259 -0.24429
-0.276184 0.444513
-0.192067 -0.335659
0.207609 0.00911619
-0.145585 0.0252907
-0.32966 0.00699808
0.20498 -0.379622
0.33734 -0.133033
-0.183401 0.50955
0.549215 0.0897409
0.0758058 -0.0376119
-0.188048 -0.192556
-0.235866 -0.376127
0.135888 0.265829
-0.0105922 0.486294
0.187228 0.15767
-0.366764 0.24644
-0.282662 0.105013
-0.00055855 0.101294
0.168122 0.0839527
-0.0950024 -0.266228
-0.0816195 0.15393
0.111036 -0.206468
0.230726 0.142707
-0.176218 -0.0368706
0.175282 -0.443621
-0.141981 0.246574
-0.337488 -0.293452
0.24155 -0.0241515
0.0989915 -0.327084
-0.0569158 0.170977
0.431829 0.115761
0.45222 0.235759
-0.191122 0.0437449
0.00930911 0.273123
0.0755757 0.0794904
-0.242907 0.118996
0.140506 0.483022
0.259212 0.395033
0.242192 0.0461459
0.126883 -0.0862898
0.124214 -0.455618
0.254992 0.224192
-0.189892 0.0629384
0.0569599 -0.295508
-0.121383 0.116375
0.177516 -0.132355
-0.133685 0.220915
-0.426565 -0.179881
0.0199582 -0.139407
-0.369819 0.334087
0.0011477 -0.00284346
0.240628 -0.134999
-0.345753 -0.119008
-0.0887796 -0.272987
-0.28712 0.307513
-0.0531853 0.413502
0.106137 0.245091
0.244957 0.364234
-0.171084 0.0534536
0.151804 -0.36323
-0.275472 0.0430669
0.277172 0.106594
-0.277038 0.41217
-0.146616 0.599022
0.00202939 0.117347
-0.0440267 0.128126
0.455144 -0.127477
0.0178489 0.0206175
0.268888 -0.235504
0.146777 0.0568201
-0.00593317 -0.312232
0.134055 0.690928
0.127153 0.100005
0.131578 -0.139316
-0.356741 -0.0492886
0.685963 0.233809
0.4904 -0.249439
-0.200441 0.178703
0.524286 -0.330453
-0.0605882 -0.243027
0.407195 -0.198947
-0.0628931 0.0113429
-0.11471 -0.0552238
0.129288 0.0120406
0.343086 -0.407083
0.348377 -0.0707164
0.356222 -0.523237
0.747757 0.142195
0.4714 0.0462182
-0.094977 0.0178759
-0.0603047 0.387523
-0.0647097 0.0777525
-0.424372 0.121166
-0.0793685 -0.0805725
0.00217669 -0.0634052
-0.276704 0.353954
-0.116992 -0.272036
0.214867 0.155289
-0.44538 -0.357371
0.0454431 -0.341323
0.334139 0.35906
0.139825 0.122081
0.0914892 -0.149537
0.379328 0.108698
-0.223238 0.374368
0.00293289 -0.172023
0.164024 0.285439
0.110576 -0.179506
0.127011 0.0477754
0.0992307 0.166347
-0.235622 0.211903
0.237742 0.06761
-0.145094 0.00912661
0.262795 0.328149
0.310255 -0.0731514
0.262555 0.169244
-0.252073 0.0699742
0.274699 -0.218055
-0.522754 0.0397867
-0.0876519 0.0133775
-0.165802 -0.0037792
-0.325635 0.18652
-0.0425638 0.082921
-0.091729 0.356518
-0.059155 0.0262719
0.308803 -0.0136828
0.0941835 -0.234342
-0.149033 0.00866467
0.0144945 0.19514
0.118217 -0.0902731
-0.209664 -0.193583
0.270878 0.150095
-0.136578 0.189281
0.12158 -0.105254
-0.114738 0.542826
-0.0909818 0.237877
-0.119857 0.0665057
-0.304481 -0.215507
-0.164015 0.36193
0.231355 -0.184826
0.186637 -0.00833077
-0.0718185 -0.180223
-0.343108 -0.270432
0.00448267 0.0849311
0.117979 0.0735757
-0.103299 -0.319274
-0.0592426 -0.324667
0.122952 0.112043
0.108327 0.171679
-0.412471 -0.0113958
-0.510662 0.392239
0.562488 0.366426
0.32692 -0.0525795
-0.0498197 0.210637
-0.240153 0.0969945
0.267431 -0.0756336
0.058346 -0.0627887
0.0503077 -0.0412819
-0.264736 0.0671992
0.100643 0.195412
-0.209385 -0.530605
-0.175401 -0.0469937
-0.277728 0.0752624
-0.0244643 -0.189273
-0.169146 -0.182832
-0.0777351 -0.0883588
-0.158431 -0.0916939
0.128219 -0.320932
-0.174398 -0.0744229
-0.461638 -0.234586
0.0295986 -0.495965
0.397574 0.127837
-0.37648 0.0659257
0.38806 0.168074
-0.169872 -0.0948703
0.131632 -0.0411269
-0.0570701 0.322174
0.426939 -0.248404
0.0496692 0.0381483
-0.0688798 -0.21846
-0.0446791 -0.184098
0.291218 0.123874
-0.426567 -0.529878
0.0699774 -0.103922
0.105296 0.133341
0.185334 0.206993
-0.172862 -0.352634
-0.203871 0.178982
0.0224417 0.150341
-0.0108869 0.359091
-0.186914 0.128881
-0.164862 -0.316189
0.726471 -0.0642949
-0.115628 -0.531991
-0.280602 -0.0766584
0.0916497 0.272921
-0.20693 0.292866
-0.268914 0.000829992
0.367641 -0.150439
-0.0296463 -0.221679
0.215776 -0.14365
0.208545 0.12838
-0.220572 0.0711471
-0.217842 0.329277
0.200552 -0.0991183
-0.358425 -0.233067
-0.609833 0.0548969
0.0341503 -0.395519
-0.241965 -0.358559
0.0544489 -0.336186
0.205579 0.0575595
-0.140162 0.0209768
0.12883 -0.136236
-0.331601 0.353151
-0.00066555 -0.267576
0.368774 -0.263043
-0.373555 0.352924
-0.0166924 -0.535643
0.18779 0.301942
-0.208923 -0.0989771
-0.0275089 -0.3107
-0.256565 0.199429
0.366745 0.139002
-0.2205 0.141391
0.0592378 -0.24795
-0.0312345 0.0910695
-0.115091 0.17288
-0.100627 -0.254066
-0.119121 0.0963251
0.261291 -0.159469
0.0155314 -0.0384853
0.195973 -0.140369
-0.0110232 -0.172763
0.244222 -0.240343
-0.147424 -0.0763856
0.149114 -0.468299
0.273767 0.20683
0.0380846 0.0140857
-0.107931 -0.25192
-0.444224 0.0630985
-0.0517549 -0.381624
-0.0190015 -0.215298
0.0349305 -0.156886
-0.179066 -0.269194
-0.0979646 -0.364427
0.238438 -0.232175
0.0464262 0.358161
-0.228036 -0.0746917
-0.0451328 0.108704
-0.108542 -0.240856
-0.334055 -0.0542656
-0.00327959 -0.433152
0.112052 -0.236715
-0.277907 0.250485
0.0135336 0.198801
-0.209059 0.0387878
-0.00765496 -0.155988
-0.0317506 0.188095
-0.131688 -0.0214844
-0.0553701 0.31866
0.0750194 0.0669697
-0.360285 -0.0391719
0.0990323 0.118452
0.0575654 -0.20302
0.0366842 -0.147256
-0.234991 0.139439
-0.286736 -0.0704776
0.378101 -0.328567
-0.275522 -0.00415319
0.183257 0.149423
-0.222635 0.199449
-0.0910749 0.330028
-0.129052 0.219469
0.0436937 0.0140142
0.0580888 -0.323054
-0.301527 0.165065
-0.192465 0.109014
-0.0689081 -0.35039
0.0285221 -0.484636
-0.351619 -0.0707727
0.321825 -0.380972
-0.0331029 -0.266954
-0.197579 -0.273563
-0.0142961 -0.0393758
0.0214975 -0.417836
0.549022 -0.141922
-0.308443 -0.437872
-0.586693 -0.174093
-0.0647891 0.240247
0.188367 0.178606
-0.0238372 -0.193017
0.00180762 0.278042
-0.104267 -0.00765367
-0.189181 -0.074405
-0.0600305 -0.308614
0.0706992 -0.139388
-0.079133 -0.291161
0.452001 -0.0495005
0.202339 0.0359578
-0.0113663 -0.237199
0.122371 -0.268018
-0.0766978 0.24738
0.331975 -0.107315
-0.0870708 0.130335
0.14905 -0.252264
-0.260432 0.0184013
0.0846309 -0.104273
-0.206768 0.0597743
-0.125263 0.399722
0.144681 -0.0674828
-0.208454 -0.537393
0.32839 -0.100926
-0.559679 0.0758636
-0.0477135 0.35375
0.282585 0.0224554
-0.0160386 -0.229917
0.185505 -0.313706
-0.12603 -0.00441821
-0.106515 0.0480726
0.0702008 0.325551
-0.494907 0.00082652
-0.0386814 -0.343133
-0.253864 -0.07528
0.272297 0.25783
0.220366 -0.302539
-0.190681 0.0625407
-0.386954 0.0401705
0.435869 -0.32276
-0.287963 -0.115414
0.0241071 -0.113949
-0.281731 -0.352554
0.483932 0.676668
-0.250437 0.285197
0.222645 -0.0877909
-0.380705 -0.268717
-0.107042 0.351586
-0.103094 0.020473
-0.241839 0.285261
0.459728 -0.0486927
0.14702 -0.0706238
-0.194986 0.374147
-0.00340925 -0.173909
0.25118 0.343012
-0.27009 0.132956
0.36998 -0.0426043
-0.39341 -0.0717878
0.200343 -0.183832
0.464156 -0.0345968
-0.128154 -0.313089
0.0977041 0.0780591
0.599523 -0.0253701
-0.0502342 -0.126307
0.231473 0.259011
-0.0423204 0.257829
-0.0243388 -0.106685
0.243831 0.203913
-0.129326 0.064923
-0.0343105 0.149071
0.253373 -0.23735
0.110544 -0.151927
-0.0620825 -0.0218607
-0.208618 0.201243
-0.0261813 -0.231528
0.0282258 0.217321
-0.0329113 -0.0413733
0.163921 0.0463986
-0.450277 -0.082433
-0.378279 0.29813
0.178661 0.149993
-0.174024 0.0881563
-0.523156 0.158849
-0.374584 -0.0980378
-0.301099 0.16165
-0.0848858 -0.243391
0.0883547 0.367172
-0.01472 0.102963
0.437511 -0.374022
-0.0218249 0.212407
-0.0449147 0.229468
0.291321 -0.0302348
0.218036 0.213597
-0.104336 0.269327
0.375391 0.0538727
-0.176335 0.194
-0.168144 -0.029323
0.262362 0.446941
-0.069304 -0.237266
0.159196 -0.0163609
-0.0283146 0.045479
-0.17247 -0.312782
-0.00914834 0.24588
-0.295511 -0.0267888
-0.235188 0.119792
-0.248149 -0.0457983
-0.146365 0.558822
0.0181439 0.014807
-0.105952 -0.0444622
-0.26846 -0.298096
0.195566 0.0138364
0.0199442 0.549308
-0.251443 0.00422146
-0.074071 0.198105
-0.0768965 -0.138742
0.255364 -0.157998
0.508655 -0.0317413
-0.00381281 0.0489291
-0.290625 0.302282
0.0521824 0.0789087
-0.232473 -0.225795
0.00785595 0.128099
0.129021 0.118117
0.203914 -0.0206024
-0.0245539 -0.0470493
-0.165233 -0.252371
-0.0241841 -0.0570633
0.429177 0.251347
0.172739 0.0540545
0.113568 0.133244
0.307245 0.244798
