0.025 0
0.05 0
0.075 0
0.1 0
0.125 0
0.15 0
0.175 0
0.2 0
0.225 0
0.25 0
0.275 0
0.3 0
0.325 0
0.35 0
0.375 0
0.4 0
0.425 0
0.45 0
0.475 0
0.5 0
0.525 0
0.55 0
0.575 0
0.6 0
0.625 0
0.65 0
0.675 0
0.7 0
0.725 0
0.75 0
0.775 0
0.8 0
0.825 0
0.85 0
0.875 0
0.9 0
0.925 2.91306e-05
0.95 0.00106577
0.975 0.0113735
1 0.0608798
1.025 0.187743
1.05 0.394403
1.075 0.644533
1.1 0.880912
1.125 1.07125
1.15 1.20017
1.175 1.27102
1.2 1.29718
1.225 1.29638
1.25 1.27374
1.275 1.23595
1.3 1.19171
1.325 1.14368
1.35 1.09672
1.375 1.05225
1.4 1.00826
1.425 0.965829
1.45 0.930938
1.475 0.894791
1.5 0.860435
1.525 0.831683
1.55 0.804575
1.575 0.777687
1.6 0.756652
1.625 0.736997
1.65 0.717266
1.675 0.704384
1.7 0.690516
1.725 0.678336
1.75 0.667236
1.775 0.658841
1.8 0.649909
1.825 0.64501
1.85 0.642707
1.875 0.641245
1.9 0.644595
1.925 0.649151
1.95 0.652649
1.975 0.66055
2 0.672998
2.025 0.68903
2.05 0.710474
2.075 0.734184
2.1 0.765528
2.125 0.801499
2.15 0.841253
2.175 0.887544
2.2 0.933682
2.225 0.980286
2.25 1.02257
2.275 1.05873
2.3 1.0912
2.325 1.11677
2.35 1.14016
2.375 1.15757
2.4 1.17164
2.425 1.18031
2.45 1.18744
2.475 1.19788
2.5 1.20435
2.525 1.20769
2.55 1.20821
2.575 1.21009
2.6 1.21258
2.625 1.21619
2.65 1.2207
2.675 1.22148
2.7 1.22506
2.725 1.22757
2.75 1.2311
2.775 1.23226
2.8 1.2357
2.825 1.23881
2.85 1.24203
2.875 1.2452
2.9 1.24435
2.925 1.24294
2.95 1.23682
2.975 1.22146
3 1.20184
3.025 1.17784
3.05 1.15139
3.075 1.129
3.1 1.10814
3.125 1.08748
3.15 1.07202
3.175 1.05884
3.2 1.0472
3.225 1.03668
3.25 1.02927
3.275 1.02504
3.3 1.022
3.325 1.01924
3.35 1.01627
3.375 1.01505
3.4 1.01202
3.425 1.00859
3.45 1.00722
3.475 1.00396
3.5 1.0022
3.525 0.997841
3.55 0.994802
3.575 0.991185
3.6 0.987425
3.625 0.983529
3.65 0.979669
3.675 0.975776
3.7 0.97032
3.725 0.965003
3.75 0.957782
3.775 0.95337
3.8 0.948067
3.825 0.942303
3.85 0.937867
3.875 0.932884
3.9 0.928633
3.925 0.92368
3.95 0.92127
3.975 0.919444
4 0.917182
4.025 0.913317
4.05 0.911661
4.075 0.910151
4.1 0.908253
4.125 0.907
4.15 0.906591
4.175 0.907135
4.2 0.910396
4.225 0.911637
4.25 0.91249
4.275 0.913995
4.3 0.915819
4.325 0.918666
4.35 0.92058
4.375 0.9246
4.4 0.928414
4.425 0.931375
4.45 0.932913
4.475 0.937193
4.5 0.942064
4.525 0.945466
4.55 0.949197
4.575 0.952992
4.6 0.956647
4.625 0.961859
4.65 0.964299
4.675 0.968423
4.7 0.969746
4.725 0.974097
4.75 0.976437
4.775 0.979429
4.8 0.983132
4.825 0.984809
4.85 0.987856
4.875 0.990886
4.9 0.994375
4.925 0.997844
4.95 1.0029
4.975 1.00512
5 1.00623
5.025 1.00905
5.05 1.01222
5.075 1.01519
5.1 1.0175
5.125 1.0196
5.15 1.0222
5.175 1.02425
5.2 1.02692
5.225 1.02785
5.25 1.02996
5.275 1.03272
5.3 1.03549
5.325 1.03825
5.35 1.03944
5.375 1.04175
5.4 1.04288
5.425 1.04434
5.45 1.04624
5.475 1.04605
5.5 1.04818
5.525 1.05074
5.55 1.05104
5.575 1.0512
5.6 1.05272
5.625 1.05228
5.65 1.05037
5.675 1.05088
5.7 1.05157
5.725 1.0502
5.75 1.04899
5.775 1.04896
5.8 1.04764
5.825 1.04673
5.85 1.04478
5.875 1.04271
5.9 1.03956
5.925 1.0366
5.95 1.03263
5.975 1.03166
6 1.02828
6.025 1.02561
6.05 1.02203
6.075 1.01814
6.1 1.01604
6.125 1.01324
6.15 1.01071
6.175 1.00944
6.2 1.00596
6.225 1.00277
6.25 1
6.275 0.997455
6.3 0.994917
6.325 0.993716
6.35 0.992656
6.375 0.990959
6.4 0.989066
6.425 0.98634
6.45 0.985238
6.475 0.982956
6.5 0.981309
6.525 0.980146
6.55 0.979226
6.575 0.979194
6.6 0.978405
6.625 0.978519
6.65 0.976744
6.675 0.97681
6.7 0.976087
6.725 0.976608
6.75 0.975117
6.775 0.975461
6.8 0.974598
6.825 0.974559
6.85 0.975154
6.875 0.974592
6.9 0.975192
6.925 0.975589
6.95 0.976167
6.975 0.97577
7 0.975806
7.025 0.975692
7.05 0.976552
7.075 0.977741
7.1 0.977679
7.125 0.977366
7.15 0.97716
7.175 0.977893
7.2 0.97809
7.225 0.979831
7.25 0.981414
7.275 0.981138
7.3 0.982467
7.325 0.983062
7.35 0.984489
7.375 0.984581
7.4 0.98637
7.425 0.988009
7.45 0.989425
7.475 0.989926
7.5 0.990472
7.525 0.992428
7.55 0.991991
7.575 0.993438
7.6 0.994071
7.625 0.995577
7.65 0.99629
7.675 0.998512
7.7 0.998278
7.725 0.999364
7.75 1.00133
7.775 1.00244
7.8 1.00286
7.825 1.00409
7.85 1.0053
7.875 1.00571
7.9 1.00684
7.925 1.0088
7.95 1.00929
7.975 1.0106
8 1.01173
8.025 1.01364
8.05 1.01261
8.075 1.01342
8.1 1.01346
8.125 1.01377
8.15 1.01466
8.175 1.01657
8.2 1.01667
8.225 1.01691
8.25 1.01782
8.275 1.01857
8.3 1.01734
8.325 1.01714
8.35 1.01629
8.375 1.01713
8.4 1.0173
8.425 1.01716
8.45 1.0155
8.475 1.01409
8.5 1.01403
8.525 1.01462
8.55 1.01474
8.575 1.01446
8.6 1.01238
8.625 1.01232
8.65 1.01111
8.675 1.01008
8.7 1.01043
8.725 1.01016
8.75 1.00914
8.775 1.00808
8.8 1.00709
8.825 1.00649
8.85 1.00582
8.875 1.00486
8.9 1.00461
8.925 1.0046
8.95 1.00389
8.975 1.00312
9 1.00265
